20220930 90692 9989 98327333 687377 0.7 698600 7.7
20220929 89239 9559 98317344 672022 0.68 714405 8.01
20220928 88323 8272 98307785 656968 0.67 715914 8.11
20220927 87815 8240 98299513 642872 0.65 709801 8.08
20220926 87686 7719 98291273 628702 0.64 704039 8.03
20220925 91646 9576 98283554 615121 0.63 694932 7.58
20220924 91547 9570 98273978 598855 0.61 697119 7.61
20220923 89196 8083 98264408 582333 0.59 700570 7.85
20220922 88835 8337 98256325 567769 0.58 712149 8.02
20220921 89099 8061 98247988 552568 0.56 709008 7.96
20220920 91604 9344 98239927 537497 0.55 716838 7.83
20220919 91478 9388 98230583 520415 0.53 725125 7.93
20220918 95245 10954 98221195 503105 0.51 721787 7.58
20220917 95879 11454 98210241 483539 0.49 723650 7.55
20220916 91532 9208 98198787 462677 0.47 724192 7.91
20220915 92464 9835 98189579 444929 0.45 729963 7.89
20220914 94489 11292 98179744 426065 0.43 736914 7.8
20220913 90932 9004 98168452 404253 0.41 741321 8.15
20220912 95621 10467 98159448 385845 0.39 753727 7.88
20220911 98379 12138 98148981 364731 0.37 730182 7.42
20220910 97217 12249 98136843 340191 0.35 708683 7.29
20220909 92654 9292 98124594 314338 0.32 724118 7.82
20220908 92169 9922 98115302 292674 0.3 742130 8.05
20220907 89465 8426 98105380 269867 0.28 732082 8.18
20220906 89954 8606 98096954 248845 0.25 731276 8.13
20220905 97367 12888 98088348 226863 0.23 744571 7.65
20220904 100877 14147 98075460 197222 0.2 735475 7.29
20220903 97532 12620 98061313 162226 0.17 730997 7.49
20220902 92293 10091 98048693 126864 0.13 724920 7.85
20220901 90955 9525 98038602 90955 0.09 718728 7.9
20220831 93222 9631 98029077 755195 0.77 742873 7.97
20220830 94962 10358 98019446 739930 0.75 754786 7.95
20220829 95820 10891 98009088 723670 0.74 756860 7.9
20220828 96354 11404 97998197 706489 0.72 726736 7.54
20220827 95914 11243 97986793 688339 0.7 721983 7.53
20220826 94920 10701 97975550 670215 0.68 735357 7.75
20220825 95484 11517 97964849 652806 0.67 731671 7.66
20220824 93882 11012 97953332 634454 0.65 722350 7.69
20220823 92681 9880 97942320 616204 0.63 716157 7.73
20220822 93949 10426 97932440 598974 0.61 719495 7.66
20220821 95321 11630 97922014 580645 0.59 688577 7.22
20220820 92598 10135 97910384 560518 0.57 665289 7.18
20220819 95924 11192 97900249 542289 0.55 724086 7.55
20220818 93489 9966 97889057 521760 0.53 722402 7.73
20220817 92018 9438 97879091 503286 0.51 713536 7.75
20220816 92913 9807 97869653 485621 0.5 711742 7.66
20220815 95956 11023 97859846 467011 0.48 723245 7.54
20220814 96641 11467 97848823 445680 0.46 694852 7.19
20220813 95184 11216 97837356 422923 0.43 693193 7.28
20220812 93686 10364 97826140 400325 0.41 704635 7.52
20220811 93403 10308 97815776 379109 0.39 706497 7.56
20220810 94945 10805 97805468 357559 0.37 700985 7.38
20220809 93772 10052 97794663 334272 0.34 693809 7.4
20220808 96366 10851 97784611 311851 0.32 705585 7.32
20220807 98605 11517 97773760 287428 0.29 700597 7.11
20220806 99514 11277 97762243 260484 0.27 723061 7.27
20220805 100411 11680 97750966 232803 0.24 763409 7.6
20220804 98872 10843 97739286 203213 0.21 767327 7.76
20220803 99272 10866 97728443 173402 0.18 758632 7.64
20220802 99123 10520 97717577 140446 0.14 764833 7.72
20220801 102069 11509 97707057 140446 0.14 777735 7.62
20220731 102646 12248 97695548 804761 0.82 770772 7.51
20220730 103037 11721 97683300 804761 0.82 772886 7.5
20220729 102001 11186 97671579 767190 0.79 793353 7.78
20220728 103652 12066 97660393 749301 0.77 801449 7.73
20220727 103831 11911 97648327 730093 0.75 802560 7.73
20220726 104118 12555 97636416 710715 0.73 806631 7.75
20220725 102583 11544 97623861 690457 0.71 805218 7.85
20220724 103822 12298 97612317 671843 0.69 776494 7.48
20220723 103292 12154 97600019 651703 0.67 781207 7.56
20220722 102912 11765 97587865 631445 0.65 808343 7.85
20220721 101775 11442 97576100 611416 0.63 806178 7.92
20220720 102111 11502 97564658 592088 0.61 810217 7.93
20220719 101752 10982 97553156 572293 0.59 813630 8
20220718 102236 11966 97542174 553048 0.57 805392 7.88
20220717 103056 12479 97530208 532797 0.55 773706 7.51
20220716 101918 12043 97517729 511205 0.52 778846 7.64
20220715 102109 12009 97505686 489585 0.5 796123 7.8
20220714 102743 12451 97493677 467663 0.48 799395 7.78
20220713 101938 11990 97481226 444468 0.46 795339 7.8
20220712 103531 12637 97469236 421877 0.43 802804 7.75
20220711 103426 12593 97456599 397559 0.41 799617 7.73
20220710 105828 13767 97444006 373104 0.38 782439 7.39
20220709 109196 17562 97430239 346253 0.36 792106 7.25
20220708 104659 14705 97412677 314815 0.32 790048 7.55
20220707 101991 11706 97397972 286132 0.29 797361 7.82
20220706 101503 11630 97386266 259809 0.27 794254 7.82
20220705 100336 11256 97374636 232179 0.24 792780 7.9
20220704 100214 10887 97363380 204512 0.21 791221 7.9
20220703 103617 12572 97352493 175292 0.18 784899 7.58
20220702 101574 11883 97339921 139569 0.14 770326 7.58
20220701 98896 10248 97328038 98896 0.1 768811 7.77
