20220930 1026 108 540604 6868 1.27 3079 3
20220929 1026 103 540496 6698 1.24 3220 3.14
20220928 1028 103 540393 6542 1.21 3251 3.16
20220927 1051 115 540290 6389 1.18 3349 3.19
20220926 1029 109 540175 6211 1.15 3274 3.18
20220925 1040 120 540066 6047 1.12 3072 2.95
20220924 1017 104 539946 5861 1.09 2986 2.94
20220923 1046 111 539842 5702 1.06 3154 3.02
20220922 1050 115 539731 5516 1.02 3259 3.1
20220921 1049 123 539616 5323 0.99 3143 3
20220920 991 114 539493 5137 0.95 3119 3.15
20220919 1033 117 539379 4966 0.92 3260 3.16
20220918 1086 149 539262 4793 0.89 3194 2.94
20220917 1035 133 539113 4568 0.85 3143 3.04
20220916 1040 137 538980 4371 0.81 3057 2.94
20220915 1080 115 538843 4164 0.77 3408 3.16
20220914 1067 111 538728 3954 0.73 3351 3.14
20220913 1077 126 538617 3763 0.7 3311 3.07
20220912 1077 123 538491 3539 0.66 3144 2.92
20220911 1040 110 538368 3326 0.62 2994 2.88
20220910 1004 120 538258 3121 0.58 2822 2.81
20220909 1018 105 538138 2915 0.54 3146 3.09
20220908 1052 84 538033 2721 0.51 3326 3.16
20220907 1010 92 537949 2512 0.47 3181 3.15
20220906 1030 110 537857 2312 0.43 3235 3.14
20220905 1028 102 537747 2092 0.39 3362 3.27
20220904 1073 127 537645 1863 0.35 3318 3.09
20220903 1027 96 537518 1591 0.3 3268 3.18
20220902 1009 77 537422 1321 0.25 3141 3.11
20220901 1038 89 537345 1038 0.19 3261 3.14
20220831 1047 84 537256 6153 1.15 3143 3
20220830 1032 93 537172 6023 1.12 3063 2.97
20220829 1065 84 537079 5882 1.1 3347 3.14
20220828 1045 81 536995 5729 1.07 3123 2.99
20220827 1036 86 536914 5587 1.04 3051 2.94
20220826 1020 64 536828 5442 1.01 3181 3.12
20220825 1029 87 536764 5314 0.99 3189 3.1
20220824 1043 91 536677 5166 0.96 3327 3.19
20220823 1069 82 536586 5003 0.93 3455 3.23
20220822 1025 74 536504 4842 0.9 3367 3.28
20220821 1037 86 536430 4702 0.88 3366 3.25
20220820 1022 84 536344 4543 0.85 3293 3.22
20220819 1042 87 536260 4381 0.82 3195 3.07
20220818 1074 86 536173 4237 0.79 3661 3.41
20220817 1080 67 536087 4065 0.76 3460 3.2
20220816 1070 92 536020 3911 0.73 3504 3.27
20220815 1041 55 535928 3738 0.7 3601 3.46
20220814 1057 72 535873 3610 0.67 3681 3.48
20220813 1043 79 535801 3449 0.64 3941 3.78
20220812 1087 76 535722 3290 0.61 4241 3.9
20220811 1092 85 535646 3106 0.58 4941 4.52
20220810 1087 63 535561 2918 0.54 5228 4.81
20220809 1067 71 535498 2735 0.51 5714 5.36
20220808 1069 80 535427 2565 0.48 5594 5.23
20220807 1037 57 535347 2375 0.44 5579 5.38
20220806 1040 54 535290 2195 0.41 5311 5.11
20220805 1072 63 535236 2012 0.38 5722 5.34
20220804 1080 64 535173 1815 0.34 5878 5.44
20220803 1079 63 535109 1594 0.3 6060 5.62
20220802 1066 71 535046 1350 0.25 6269 5.88
20220801 1073 59 534975 1350 0.25 6123 5.71
20220731 1023 60 534916 5825 1.09 5840 5.71
20220730 1066 58 534856 5825 1.09 5875 5.51
20220729 1078 48 534798 5580 1.04 6209 5.76
20220728 1074 61 534750 5470 1.02 5907 5.5
20220727 1073 50 534689 5356 1 6234 5.81
20220726 1075 48 534639 5250 0.98 6259 5.82
20220725 1090 71 534591 5141 0.96 6081 5.58
20220724 1068 53 534520 5008 0.94 5797 5.43
20220723 1082 87 534467 4895 0.92 5507 5.09
20220722 1077 70 534380 4737 0.89 6097 5.66
20220721 1097 61 534310 4604 0.86 6193 5.65
20220720 1096 58 534249 4472 0.84 6261 5.71
20220719 1127 61 534191 4325 0.81 6293 5.58
20220718 1110 54 534130 4161 0.78 6247 5.63
20220717 1082 57 534076 4022 0.75 6104 5.64
20220716 1059 73 534019 3865 0.72 5751 5.43
20220715 1100 73 533946 3715 0.7 5793 5.27
20220714 1113 78 533873 3562 0.67 6070 5.45
20220713 1107 63 533795 3393 0.64 6290 5.68
20220712 1135 65 533732 3223 0.6 6238 5.5
20220711 1111 73 533667 3037 0.57 6178 5.56
20220710 1087 60 533594 2867 0.54 5818 5.35
20220709 1070 63 533534 2697 0.51 5793 5.41
20220708 1089 74 533471 2537 0.48 6204 5.7
20220707 1071 57 533397 2371 0.44 6235 5.82
20220706 1129 57 533340 2197 0.41 6733 5.96
20220705 1113 59 533283 2005 0.38 6631 5.96
20220704 1079 59 533224 1819 0.34 6187 5.73
20220703 1119 60 533165 1635 0.31 6092 5.44
20220702 1106 39 533105 1382 0.26 6010 5.43
20220701 1076 53 533066 1076 0.2 6274 5.83
