20220930 13508 1734 16345743 116067 0.71 38442 2.85
20220929 13110 1692 16344009 113321 0.69 38928 2.97
20220928 13222 1732 16342317 110645 0.68 39372 2.98
20220927 13262 1743 16340585 107878 0.66 40007 3.02
20220926 13249 1773 16338842 105161 0.64 39270 2.96
20220925 14076 2009 16337069 102343 0.63 40881 2.9
20220924 14255 2132 16335060 99133 0.61 41222 2.89
20220923 14007 2137 16332928 95778 0.59 40858 2.92
20220922 13737 1948 16330791 92515 0.57 40288 2.93
20220921 13535 1829 16328843 89346 0.55 39855 2.94
20220920 13270 1698 16327014 86246 0.53 39246 2.96
20220919 13360 1764 16325316 83238 0.51 39785 2.98
20220918 14260 2088 16323552 80158 0.49 41663 2.92
20220917 14189 2013 16321464 76512 0.47 41408 2.92
20220916 13760 1859 16319451 72861 0.45 40707 2.96
20220915 13564 1788 16317592 69510 0.43 40257 2.97
20220914 13414 1784 16315804 66147 0.41 41236 3.07
20220913 13485 1672 16314020 62800 0.38 41092 3.05
20220912 14152 1885 16312348 59396 0.36 42286 2.99
20220911 13955 1831 16310463 55594 0.34 41301 2.96
20220910 13613 1750 16308632 51768 0.32 39163 2.88
20220909 13353 1599 16306882 47934 0.29 39407 2.95
20220908 13036 1555 16305283 44267 0.27 39682 3.04
20220907 13013 1567 16303728 40679 0.25 40454 3.11
20220906 13032 1585 16302161 37003 0.23 40148 3.08
20220905 13193 1593 16300576 33205 0.2 40168 3.04
20220904 13893 1793 16298983 29005 0.18 41851 3.01
20220903 13632 1544 16297190 24066 0.15 41342 3.03
20220902 13371 1516 16295646 18911 0.12 40078 3
20220901 13044 1410 16294130 13044 0.08 39392 3.02
20220831 13611 1493 16292720 114047 0.7 41890 3.08
20220830 13820 1486 16291227 111498 0.68 42993 3.11
20220829 13858 1558 16289741 108922 0.67 43052 3.11
20220828 13884 1505 16288183 106272 0.65 41808 3.01
20220827 13885 1579 16286678 103596 0.64 42342 3.05
20220826 13800 1612 16285099 100850 0.62 43623 3.16
20220825 14021 1662 16283487 98105 0.6 43258 3.09
20220824 13991 1667 16281825 95316 0.59 43542 3.11
20220823 13945 1554 16280158 92385 0.57 43328 3.11
20220822 14003 1578 16278604 89519 0.55 43440 3.1
20220821 14208 1744 16277026 86694 0.53 42090 2.96
20220820 13715 1648 16275282 83500 0.51 41498 3.03
20220819 14130 1624 16273634 80518 0.49 44056 3.12
20220818 13962 1607 16272010 77496 0.48 44318 3.17
20220817 13986 1544 16270403 74465 0.46 43506 3.11
20220816 14099 1508 16268859 71446 0.44 44848 3.18
20220815 14182 1580 16267351 68379 0.42 44661 3.15
20220814 14035 1647 16265771 65125 0.4 43098 3.07
20220813 13659 1511 16264124 61704 0.38 41907 3.07
20220812 13936 1516 16262613 58517 0.36 43876 3.15
20220811 14160 1545 16261097 55213 0.34 44367 3.13
20220810 13977 1522 16259552 51704 0.32 44399 3.18
20220809 14040 1472 16258030 48237 0.3 44425 3.16
20220808 13865 1522 16256558 44609 0.27 44083 3.18
20220807 13979 1535 16255036 40930 0.25 42616 3.05
20220806 13621 1467 16253501 36883 0.23 41084 3.02
20220805 13542 1331 16252034 32860 0.2 43141 3.19
20220804 13660 1278 16250703 28899 0.18 42928 3.14
20220803 13928 1397 16249425 24654 0.15 43220 3.1
20220802 13782 1296 16248028 19717 0.12 43823 3.18
20220801 14103 1465 16246732 19717 0.12 44537 3.16
20220731 14120 1556 16245267 114651 0.71 43219 3.06
20220730 13933 1437 16243711 114651 0.71 42546 3.05
20220729 13939 1358 16242274 109542 0.67 44388 3.18
20220728 14135 1511 16240916 107125 0.66 45407 3.21
20220727 14152 1459 16239405 104481 0.64 44426 3.14
20220726 14311 1432 16237946 101868 0.63 45207 3.16
20220725 14528 1486 16236514 99241 0.61 45898 3.16
20220724 14304 1511 16235028 96551 0.59 43569 3.05
20220723 13903 1427 16233517 93724 0.58 42238 3.04
20220722 14439 1450 16232090 91088 0.56 44946 3.11
20220721 14379 1466 16230640 88322 0.54 45430 3.16
20220720 14340 1413 16229174 85501 0.53 45475 3.17
20220719 14612 1540 16227761 82673 0.51 46321 3.17
20220718 14553 1537 16226221 79665 0.49 45079 3.1
20220717 14325 1507 16224684 76610 0.47 44013 3.07
20220716 14133 1471 16223177 73580 0.45 43312 3.06
20220715 14405 1507 16221706 70517 0.43 44585 3.1
20220714 14489 1568 16220199 67333 0.42 45477 3.14
20220713 14217 1437 16218631 64015 0.39 45060 3.17
20220712 14513 1525 16217194 60846 0.38 45287 3.12
20220711 14431 1535 16215669 57414 0.35 45351 3.14
20220710 14414 1584 16214134 53942 0.33 43638 3.03
20220709 14235 1440 16212550 50266 0.31 42924 3.02
20220708 14519 1420 16211110 46712 0.29 44958 3.1
20220707 14589 1463 16209690 42896 0.26 45798 3.14
20220706 14564 1539 16208227 38985 0.24 46055 3.16
20220705 14367 1369 16206688 34933 0.22 46562 3.24
20220704 14523 1498 16205319 30751 0.19 45939 3.16
20220703 14775 1566 16203821 26083 0.16 45322 3.07
20220702 14404 1489 16202255 20673 0.13 43868 3.05
20220701 14596 1450 16200766 14596 0.09 44163 3.03
