20220930 4011 388 4451310 25272 0.57 28164 7.02
20220929 3977 350 4450922 24719 0.56 29354 7.38
20220928 3942 308 4450572 24176 0.54 28124 7.13
20220927 3938 285 4450264 23675 0.53 28850 7.33
20220926 3986 290 4449979 23215 0.52 28899 7.25
20220925 3949 302 4449689 22741 0.51 29275 7.41
20220924 4139 392 4449387 22259 0.5 32116 7.76
20220923 4112 385 4448995 21650 0.49 30243 7.35
20220922 4040 364 4448610 21062 0.47 29250 7.24
20220921 4048 360 4448246 20470 0.46 29079 7.18
20220920 4117 376 4447886 19893 0.45 30018 7.29
20220919 4167 414 4447510 19308 0.43 30027 7.21
20220918 4262 490 4447096 18658 0.42 29714 6.97
20220917 4236 492 4446606 17915 0.4 30734 7.26
20220916 4231 430 4446114 17152 0.39 30603 7.23
20220915 4210 448 4445684 16455 0.37 30645 7.28
20220914 4246 476 4445236 15744 0.35 30188 7.11
20220913 4200 458 4444760 15007 0.34 30450 7.25
20220912 4251 480 4444302 14259 0.32 29898 7.03
20220911 4317 546 4443822 13444 0.3 29323 6.79
20220910 4217 546 4443276 12511 0.28 27916 6.62
20220909 4249 454 4442730 11573 0.26 30221 7.11
20220908 4166 434 4442276 10723 0.24 29902 7.18
20220907 4071 363 4441842 9894 0.22 28911 7.1
20220906 4089 356 4441479 9166 0.21 29107 7.12
20220905 4163 419 4441123 8386 0.19 29856 7.17
20220904 4255 451 4440704 7501 0.17 30210 7.1
20220903 4266 472 4440253 6495 0.15 30278 7.1
20220902 4157 427 4439781 5378 0.12 29710 7.15
20220901 4159 382 4439354 4159 0.09 30202 7.26
20220831 4249 414 4438972 29552 0.67 30421 7.16
20220830 4253 468 4438558 28951 0.65 30630 7.2
20220829 4364 520 4438090 28317 0.64 30938 7.09
20220828 4420 488 4437570 27613 0.62 31006 7.01
20220827 4359 499 4437082 26914 0.61 31071 7.13
20220826 4354 487 4436583 26209 0.59 34112 7.83
20220825 4473 529 4436096 25531 0.58 31949 7.14
20220824 4406 471 4435567 24767 0.56 32063 7.28
20220823 4405 499 4435096 24076 0.54 31299 7.11
20220822 4435 519 4434597 23342 0.53 31216 7.04
20220821 4484 573 4434078 22572 0.51 29832 6.65
20220820 4304 510 4433505 21740 0.49 28347 6.59
20220819 4449 512 4432995 21012 0.47 30328 6.82
20220818 4525 504 4432483 20232 0.46 33278 7.35
20220817 4459 502 4431979 19458 0.44 32633 7.32
20220816 4468 459 4431477 18706 0.42 33650 7.53
20220815 4547 545 4431018 17951 0.41 34221 7.53
20220814 4505 487 4430473 17135 0.39 31671 7.03
20220813 4468 481 4429986 16346 0.37 31818 7.12
20220812 4561 503 4429505 15552 0.35 33029 7.24
20220811 4571 541 4429002 14724 0.33 34099 7.46
20220810 4602 503 4428461 13853 0.31 34179 7.43
20220809 4505 528 4427958 12953 0.29 34098 7.57
20220808 4567 524 4427430 12074 0.27 33508 7.34
20220807 4548 542 4426906 11154 0.25 32374 7.12
20220806 4605 583 4426364 10147 0.23 33191 7.21
20220805 4553 507 4425781 9081 0.21 33524 7.36
20220804 4501 459 4425274 8092 0.18 32680 7.26
20220803 4506 498 4424815 7046 0.16 31753 7.05
20220802 4491 473 4424317 5899 0.13 32474 7.23
20220801 4538 459 4423844 5899 0.13 32794 7.23
20220731 4529 495 4423385 29681 0.67 33207 7.33
20220730 4558 464 4422890 29681 0.67 32890 7.22
20220729 4543 476 4422426 28316 0.64 34612 7.62
20220728 4661 482 4421950 27663 0.63 34802 7.47
20220727 4634 504 4421468 26943 0.61 34742 7.5
20220726 4617 490 4420964 26229 0.59 35670 7.73
20220725 4602 473 4420474 25529 0.58 34133 7.42
20220724 4547 471 4420001 24847 0.56 32175 7.08
20220723 4532 446 4419530 24146 0.55 31923 7.04
20220722 4570 467 4419084 23451 0.53 33627 7.36
20220721 4571 508 4418617 22761 0.52 33457 7.32
20220720 4635 476 4418109 22011 0.5 34302 7.4
20220719 4643 485 4417633 21259 0.48 34228 7.37
20220718 4551 479 4417148 20494 0.46 34301 7.54
20220717 4611 512 4416669 19772 0.45 33115 7.18
20220716 4601 471 4416157 18994 0.43 33532 7.29
20220715 4569 472 4415686 18225 0.41 34570 7.57
20220714 4696 493 4415214 17474 0.4 35399 7.54
20220713 4641 493 4414721 16679 0.38 34609 7.46
20220712 4752 519 4414228 15862 0.36 35256 7.42
20220711 4701 453 4413709 14962 0.34 34822 7.41
20220710 4744 534 4413256 14137 0.32 35186 7.42
20220709 4656 506 4412722 13221 0.3 33943 7.29
20220708 4775 478 4412216 12329 0.28 35400 7.41
20220707 4767 467 4411738 11417 0.26 36536 7.66
20220706 4706 464 4411271 10466 0.24 36337 7.72
20220705 4751 487 4410807 9522 0.22 36801 7.75
20220704 4760 491 4410320 8521 0.19 36173 7.6
20220703 4780 508 4409829 7432 0.17 34393 7.2
20220702 4783 484 4409321 6203 0.14 35125 7.34
20220701 4750 449 4408837 4750 0.11 35575 7.49
