                  通达股份 (002560)
      时间	    开盘	    最高	    最低	    收盘	         成交量	   MA.MA1   	   MA.MA2   	   MA.MA3   	   MA.MA4   	 MACD.DIF   	 MACD.DEA   	 MACD.MACD  	 MACD.DIF   	 MACD.DEA   	 MACD.MACD  	
 2014/11/21	   19.99	   20.34	   19.90	   20.16	        1689432	           	           	           	           	       0.00	       0.00	       0.00	       0.00	       0.00	       0.00	
 2014/11/24	   20.46	   20.49	   20.00	   20.14	        1771025	           	           	           	           	      -0.00	      -0.00	      -0.00	      -0.00	      -0.00	      -0.00	
 2014/11/25	   20.12	   20.80	   20.02	   20.78	        2453385	           	           	           	           	       0.05	       0.01	       0.08	       0.05	       0.01	       0.08	
 2014/11/26	   20.66	   21.05	   20.50	   20.87	        3214763	           	           	           	           	       0.09	       0.03	       0.14	       0.09	       0.03	       0.14	
 2014/11/27	   21.03	   21.40	   20.72	   20.99	        2314157	      20.59	           	           	           	       0.14	       0.05	       0.18	       0.14	       0.05	       0.18	
 2014/11/28	   20.98	   21.65	   20.76	   21.55	        4208529	      20.87	           	           	           	       0.22	       0.08	       0.27	       0.22	       0.08	       0.27	
 2014/12/01	   21.44	   21.44	   20.54	   21.25	        3013286	      21.09	           	           	           	       0.25	       0.12	       0.27	       0.25	       0.12	       0.27	
 2014/12/02	   21.30	   22.50	   21.14	   21.95	        4975633	      21.32	           	           	           	       0.33	       0.16	       0.34	       0.33	       0.16	       0.34	
 2014/12/03	   22.30	   22.99	   21.66	   22.35	        4478305	      21.62	           	           	           	       0.42	       0.21	       0.42	       0.42	       0.21	       0.42	
 2014/12/04	   22.05	   22.95	   22.05	   22.55	        4566013	      21.93	      21.26	           	           	       0.50	       0.27	       0.47	       0.50	       0.27	       0.47	
 2014/12/05	   22.55	   22.98	   20.52	   21.78	        3666814	      21.98	      21.42	           	           	       0.50	       0.32	       0.37	       0.50	       0.32	       0.37	
 2014/12/08	   21.48	   21.51	   20.40	   20.40	        3348167	      21.81	      21.45	           	           	       0.38	       0.33	       0.11	       0.38	       0.33	       0.11	
 2014/12/09	   20.14	   20.14	   18.36	   18.36	        5108859	      21.09	      21.20	           	           	       0.12	       0.29	      -0.33	       0.12	       0.29	      -0.33	
 2014/12/10	   18.35	   18.97	   18.21	   18.85	        2157283	      20.39	      21.00	           	           	      -0.04	       0.22	      -0.53	      -0.04	       0.22	      -0.53	
 2014/12/11	   18.89	   19.10	   18.67	   18.95	        1536247	      19.67	      20.80	           	           	      -0.16	       0.15	      -0.62	      -0.16	       0.15	      -0.62	
 2014/12/12	   19.10	   19.79	   18.80	   19.79	        2551704	      19.27	      20.62	           	           	      -0.19	       0.08	      -0.54	      -0.19	       0.08	      -0.54	
 2014/12/15	   19.70	   19.86	   19.48	   19.68	        2377100	      19.13	      20.47	           	           	      -0.22	       0.02	      -0.47	      -0.22	       0.02	      -0.47	
 2014/12/16	   19.68	   19.72	   19.20	   19.38	        1496985	      19.33	      20.21	           	           	      -0.26	      -0.04	      -0.45	      -0.26	      -0.04	      -0.45	
 2014/12/17	   19.38	   19.38	   18.63	   18.70	        1581083	      19.30	      19.84	           	           	      -0.34	      -0.10	      -0.49	      -0.34	      -0.10	      -0.49	
 2014/12/18	   18.66	   19.03	   18.38	   18.81	        1232212	      19.27	      19.47	      20.36	           	      -0.40	      -0.16	      -0.48	      -0.40	      -0.16	      -0.48	
 2014/12/19	   18.81	   18.95	   17.85	   18.28	        1675743	      18.97	      19.12	      20.27	           	      -0.48	      -0.22	      -0.51	      -0.48	      -0.22	      -0.51	
 2014/12/22	   18.26	   18.26	   16.82	   17.43	        2065188	      18.52	      18.82	      20.14	           	      -0.60	      -0.30	      -0.61	      -0.60	      -0.30	      -0.61	
 2014/12/23	   17.22	   18.46	   17.20	   17.86	        1710032	      18.22	      18.77	      19.99	           	      -0.66	      -0.37	      -0.58	      -0.66	      -0.37	      -0.58	
 2014/12/24	   17.86	   18.48	   17.80	   18.38	        1822155	      18.15	      18.73	      19.86	           	      -0.65	      -0.43	      -0.46	      -0.65	      -0.43	      -0.46	
 2014/12/25	   18.38	   18.88	   18.29	   18.82	        1717527	      18.15	      18.71	      19.76	           	      -0.61	      -0.46	      -0.29	      -0.61	      -0.46	      -0.29	
 2014/12/26	   18.81	   18.90	   18.31	   18.47	        1291934	      18.19	      18.58	      19.60	           	      -0.59	      -0.49	      -0.21	      -0.59	      -0.49	      -0.21	
 2014/12/29	   18.36	   18.48	   17.59	   17.73	        1111195	      18.25	      18.39	      19.43	           	      -0.63	      -0.52	      -0.23	      -0.63	      -0.52	      -0.23	
 2014/12/30	   17.73	   18.25	   17.61	   18.10	        1583738	      18.30	      18.26	      19.23	           	      -0.63	      -0.54	      -0.18	      -0.63	      -0.54	      -0.18	
 2014/12/31	   18.05	   18.25	   17.71	   18.08	        1010617	      18.24	      18.20	      19.02	           	      -0.62	      -0.56	      -0.13	      -0.62	      -0.56	      -0.13	
 2015/01/05	   18.06	   18.08	   17.24	   17.60	        1254320	      18.00	      18.07	      18.77	           	      -0.64	      -0.57	      -0.14	      -0.64	      -0.57	      -0.14	
 2015/01/06	   17.60	   18.20	   17.36	   18.18	        1327693	      17.94	      18.07	      18.59	           	      -0.61	      -0.58	      -0.06	      -0.61	      -0.58	      -0.06	
 2015/01/07	   18.09	   18.18	   17.80	   18.00	         902460	      17.99	      18.12	      18.47	           	      -0.59	      -0.58	      -0.01	      -0.59	      -0.58	      -0.01	
 2015/01/08	   18.00	   18.39	   17.89	   18.14	        1344180	      18.00	      18.15	      18.46	           	      -0.55	      -0.58	       0.04	      -0.55	      -0.58	       0.04	
 2015/01/09	   18.18	   18.37	   17.75	   17.79	        1065949	      17.94	      18.09	      18.41	           	      -0.55	      -0.57	       0.04	      -0.55	      -0.57	       0.04	
 2015/01/12	   17.62	   17.64	   17.20	   17.21	         883489	      17.86	      17.93	      18.32	           	      -0.59	      -0.57	      -0.02	      -0.59	      -0.57	      -0.02	
 2015/01/13	   17.21	   17.64	   17.21	   17.61	         420218	      17.75	      17.84	      18.21	           	      -0.58	      -0.57	      -0.00	      -0.58	      -0.57	      -0.00	
 2015/01/14	   17.89	   17.89	   17.35	   17.59	         495844	      17.67	      17.83	      18.11	           	      -0.56	      -0.57	       0.02	      -0.56	      -0.57	       0.02	
 2015/01/15	   17.46	   17.79	   17.46	   17.55	         509586	      17.55	      17.77	      18.02	           	      -0.55	      -0.57	       0.04	      -0.55	      -0.57	       0.04	
 2015/01/16	   17.65	   17.93	   17.59	   17.89	         791332	      17.57	      17.76	      17.98	           	      -0.51	      -0.56	       0.10	      -0.51	      -0.56	       0.10	
 2015/01/19	   17.76	   19.06	   17.36	   18.50	        3992227	      17.83	      17.85	      17.96	           	      -0.42	      -0.53	       0.22	      -0.42	      -0.53	       0.22	
 2015/01/20	   18.00	   19.19	   17.99	   19.15	        3182836	      18.14	      17.94	      18.00	           	      -0.29	      -0.48	       0.38	      -0.29	      -0.48	       0.38	
 2015/01/21	   19.02	   19.30	   18.90	   19.12	        2650188	      18.44	      18.05	      18.09	           	      -0.19	      -0.42	       0.46	      -0.19	      -0.42	       0.46	
 2015/01/22	   19.01	   19.33	   19.00	   19.17	        1745621	      18.77	      18.16	      18.15	           	      -0.11	      -0.36	       0.50	      -0.11	      -0.36	       0.50	
 2015/01/23	   19.23	   19.24	   18.72	   18.72	        1798755	      18.93	      18.25	      18.17	           	      -0.08	      -0.30	       0.45	      -0.08	      -0.30	       0.45	
 2015/01/26	   18.71	   18.98	   18.71	   18.98	         899859	      19.03	      18.43	      18.18	           	      -0.03	      -0.25	       0.44	      -0.03	      -0.25	       0.44	
 2015/01/27	   18.97	   19.19	   18.72	   19.10	        1259710	      19.02	      18.58	      18.21	           	       0.02	      -0.19	       0.42	       0.02	      -0.19	       0.42	
 2015/01/28	   19.10	   19.48	   18.91	   19.38	        1815248	      19.07	      18.76	      18.29	           	       0.08	      -0.14	       0.43	       0.08	      -0.14	       0.43	
 2015/03/13	   19.40	   20.20	   18.56	   19.48	        9696605	      19.13	      18.95	      18.36	           	       0.13	      -0.09	       0.43	       0.13	      -0.09	       0.43	
 2015/03/16	   19.39	   20.15	   19.28	   19.99	        9204504	      19.39	      19.16	      18.46	           	       0.21	      -0.03	       0.47	       0.21	      -0.03	       0.47	
 2015/03/17	   20.00	   20.50	   19.82	   20.17	        7296473	      19.62	      19.33	      18.59	           	       0.28	       0.03	       0.50	       0.28	       0.03	       0.50	
 2015/03/18	   20.25	   20.62	   20.18	   20.39	        6697023	      19.88	      19.45	      18.70	           	       0.36	       0.10	       0.52	       0.36	       0.10	       0.52	
 2015/03/19	   20.40	   20.80	   20.31	   20.66	        5711495	      20.14	      19.60	      18.83	           	       0.43	       0.17	       0.53	       0.43	       0.17	       0.53	
 2015/03/20	   20.70	   22.13	   20.56	   21.50	        7028732	      20.54	      19.84	      19.00	           	       0.55	       0.24	       0.62	       0.55	       0.24	       0.62	
 2015/03/23	   21.55	   21.76	   21.31	   21.65	        6369791	      20.87	      20.13	      19.19	           	       0.65	       0.32	       0.66	       0.65	       0.32	       0.66	
 2015/03/24	   21.70	   21.70	   20.50	   21.35	        6936382	      21.11	      20.37	      19.40	           	       0.70	       0.40	       0.60	       0.70	       0.40	       0.60	
 2015/03/25	   20.80	   21.20	   20.49	   21.00	        7884785	      21.23	      20.56	      19.57	           	       0.70	       0.46	       0.48	       0.70	       0.46	       0.48	
 2015/03/26	   21.05	   21.37	   20.77	   21.31	        5850730	      21.36	      20.75	      19.75	           	       0.72	       0.51	       0.41	       0.72	       0.51	       0.41	
 2015/03/27	   21.17	   21.92	   21.01	   21.87	        5847381	      21.44	      20.99	      19.97	           	       0.77	       0.56	       0.41	       0.77	       0.56	       0.41	
 2015/03/30	   21.90	   22.56	   21.60	   21.88	        6360122	      21.48	      21.18	      20.17	           	       0.80	       0.61	       0.38	       0.80	       0.61	       0.38	
 2015/03/31	   21.66	   21.98	   21.44	   21.50	        4514855	      21.51	      21.31	      20.32	      19.55	       0.79	       0.65	       0.28	       0.79	       0.65	       0.28	
 2015/04/01	   21.50	   22.16	   21.42	   22.05	        5090927	      21.72	      21.48	      20.46	      19.58	       0.81	       0.68	       0.26	       0.81	       0.68	       0.26	
 2015/04/02	   22.34	   23.50	   22.22	   23.43	        8296238	      22.15	      21.75	      20.68	      19.63	       0.93	       0.73	       0.40	       0.93	       0.73	       0.40	
 2015/04/03	   23.15	   24.26	   23.05	   23.67	        7114025	      22.51	      21.97	      20.90	      19.68	       1.03	       0.79	       0.48	       1.03	       0.79	       0.48	
 2015/04/07	   23.98	   24.15	   23.36	   24.06	        6138090	      22.94	      22.21	      21.17	      19.74	       1.13	       0.86	       0.54	       1.13	       0.86	       0.54	
 2015/04/08	   24.15	   24.76	   23.01	   23.28	        4692189	      23.30	      22.40	      21.39	      19.77	       1.13	       0.91	       0.44	       1.13	       0.91	       0.44	
 2015/04/09	   23.28	   23.56	   21.98	   22.87	        5858638	      23.46	      22.59	      21.57	      19.80	       1.09	       0.95	       0.28	       1.09	       0.95	       0.28	
 2015/04/10	   22.80	   23.96	   22.43	   23.88	        5075686	      23.55	      22.85	      21.80	      19.84	       1.12	       0.98	       0.28	       1.12	       0.98	       0.28	
 2015/04/13	   23.73	   24.69	   23.70	   24.20	        5887401	      23.66	      23.08	      22.04	      19.88	       1.16	       1.02	       0.29	       1.16	       1.02	       0.29	
 2015/04/14	   24.00	   24.25	   23.45	   23.82	        6038023	      23.61	      23.28	      22.23	      19.90	       1.15	       1.04	       0.21	       1.15	       1.04	       0.21	
 2015/04/15	   23.73	   23.77	   22.50	   22.51	        5105491	      23.46	      23.38	      22.34	      19.90	       1.02	       1.04	      -0.04	       1.02	       1.04	      -0.04	
 2015/04/16	   22.19	   23.49	   22.01	   22.95	        3166894	      23.47	      23.47	      22.47	      19.92	       0.94	       1.02	      -0.15	       0.94	       1.02	      -0.15	
 2015/04/17	   22.96	   23.17	   22.70	   22.70	        4225738	      23.24	      23.39	      22.57	      19.96	       0.85	       0.99	      -0.27	       0.85	       0.99	      -0.27	
 2015/04/20	   22.69	   22.72	   21.77	   21.80	        4559836	      22.76	      23.21	      22.59	      20.02	       0.70	       0.93	      -0.46	       0.70	       0.93	      -0.46	
 2015/04/21	   21.81	   22.48	   21.66	   22.48	        3958698	      22.49	      23.05	      22.63	      20.08	       0.63	       0.87	      -0.48	       0.63	       0.87	      -0.48	
 2015/04/22	   22.60	   23.69	   22.53	   23.63	        9815146	      22.71	      23.08	      22.74	      20.15	       0.66	       0.83	      -0.34	       0.66	       0.83	      -0.34	
 2015/04/23	   23.47	   23.85	   23.14	   23.55	        5970665	      22.83	      23.15	      22.87	      20.22	       0.66	       0.79	      -0.26	       0.66	       0.79	      -0.26	
 2015/04/24	   23.20	   24.00	   23.00	   23.99	        6081340	      23.09	      23.16	      23.01	      20.29	       0.70	       0.77	      -0.16	       0.70	       0.77	      -0.16	
 2015/04/27	   24.03	   24.50	   23.67	   24.00	        6996708	      23.53	      23.14	      23.11	      20.37	       0.72	       0.76	      -0.09	       0.72	       0.76	      -0.09	
 2015/04/28	   23.96	   23.96	   22.69	   22.93	        4747930	      23.62	      23.05	      23.17	      20.44	       0.64	       0.74	      -0.20	       0.64	       0.74	      -0.20	
 2015/04/29	   22.90	   24.95	   22.72	   24.82	        8837011	      23.86	      23.28	      23.33	      20.54	       0.72	       0.73	      -0.03	       0.72	       0.73	      -0.03	
 2015/04/30	   24.20	   25.96	   24.20	   24.73	        8145104	      24.09	      23.46	      23.46	      20.64	       0.77	       0.74	       0.05	       0.77	       0.74	       0.05	
 2015/05/04	   24.92	   25.95	   24.62	   25.63	        7097984	      24.42	      23.76	      23.58	      20.78	       0.87	       0.77	       0.21	       0.87	       0.77	       0.21	
 2015/05/05	   25.32	   25.79	   23.82	   24.38	        6171974	      24.50	      24.01	      23.61	      20.89	       0.84	       0.78	       0.12	       0.84	       0.78	       0.12	
 2015/05/06	   24.39	   25.03	   23.57	   23.68	        5080678	      24.65	      24.13	      23.59	      20.98	       0.75	       0.77	      -0.05	       0.75	       0.77	      -0.05	
 2015/05/07	   23.68	   24.55	   23.06	   23.58	        3397113	      24.40	      24.13	      23.61	      21.06	       0.66	       0.75	      -0.18	       0.66	       0.75	      -0.18	
 2015/05/08	   23.73	   25.00	   23.73	   24.80	        5128519	      24.41	      24.25	      23.70	      21.16	       0.69	       0.74	      -0.11	       0.69	       0.74	      -0.11	
 2015/05/11	   25.18	   25.65	   24.74	   25.46	        7779990	      24.38	      24.40	      23.78	      21.29	       0.75	       0.74	       0.01	       0.75	       0.74	       0.01	
 2015/05/12	   25.40	   27.65	   25.35	   27.32	       14153993	      24.97	      24.73	      23.94	      21.45	       0.94	       0.78	       0.31	       0.94	       0.78	       0.31	
 2015/05/13	   26.80	   27.15	   26.00	   26.30	        8017487	      25.49	      25.07	      24.06	      21.58	       0.99	       0.82	       0.34	       0.99	       0.82	       0.34	
 2015/05/14	   26.35	   27.30	   26.20	   27.30	        6935971	      26.24	      25.32	      24.30	      21.74	       1.10	       0.88	       0.45	       1.10	       0.88	       0.45	
 2015/05/15	   27.00	   27.27	   26.26	   26.80	        4750215	      26.64	      25.52	      24.49	      21.89	       1.14	       0.93	       0.42	       1.14	       0.93	       0.42	
 2015/05/18	   26.50	   27.38	   26.21	   26.82	        5455599	      26.91	      25.64	      24.70	      22.03	       1.16	       0.98	       0.36	       1.16	       0.98	       0.36	
 2015/05/19	   26.60	   27.95	   26.32	   27.70	        7112601	      26.98	      25.98	      25.00	      22.19	       1.23	       1.03	       0.40	       1.23	       1.03	       0.40	
 2015/05/20	   28.02	   29.00	   27.70	   28.20	        8403264	      27.36	      26.43	      25.28	      22.37	       1.31	       1.08	       0.45	       1.31	       1.08	       0.45	
 2015/05/21	   28.28	   30.46	   27.91	   29.80	        8714683	      27.86	      27.05	      25.59	      22.58	       1.48	       1.16	       0.64	       1.48	       1.16	       0.64	
 2015/05/22	   30.50	   30.50	   28.80	   30.10	        9874673	      28.52	      27.58	      25.92	      22.79	       1.63	       1.25	       0.74	       1.63	       1.25	       0.74	
 2015/05/25	   30.10	   30.69	   29.34	   30.62	        8133571	      29.28	      28.10	      26.25	      23.00	       1.76	       1.36	       0.81	       1.76	       1.36	       0.81	
 2015/05/26	   30.61	   31.49	   30.48	   31.35	        7219044	      30.01	      28.50	      26.62	      23.23	       1.91	       1.47	       0.88	       1.91	       1.47	       0.88	
 2015/05/27	   31.41	   31.45	   30.00	   30.65	        7822983	      30.50	      28.93	      27.00	      23.45	       1.94	       1.56	       0.76	       1.94	       1.56	       0.76	
 2015/05/28	   30.66	   31.48	   28.01	   28.12	        9079341	      30.17	      29.02	      27.17	      23.61	       1.75	       1.60	       0.30	       1.75	       1.60	       0.30	
 2015/05/29	   28.15	   29.19	   25.89	   28.40	        6871960	      29.83	      29.18	      27.35	      23.76	       1.60	       1.60	      -0.00	       1.60	       1.60	      -0.00	
 2015/06/01	   28.42	   30.46	   28.42	   30.26	        5948900	      29.76	      29.52	      27.58	      23.95	       1.61	       1.60	       0.02	       1.61	       1.60	       0.02	
 2015/06/02	   30.44	   32.99	   30.22	   32.80	        8035823	      30.05	      30.03	      28.00	      24.17	       1.80	       1.64	       0.32	       1.80	       1.64	       0.32	
 2015/06/03	   33.32	   33.81	   31.00	   33.18	        5881913	      30.55	      30.53	      28.48	      24.41	       1.96	       1.71	       0.52	       1.96	       1.71	       0.52	
 2015/06/04	   33.20	   33.20	   30.00	   32.10	        5150085	      31.35	      30.76	      28.90	      24.63	       1.98	       1.76	       0.44	       1.98	       1.76	       0.44	
 2015/06/05	   32.31	   34.10	   32.00	   32.90	        5199697	      32.25	      31.04	      29.31	      24.86	       2.04	       1.82	       0.44	       2.04	       1.82	       0.44	
 2015/06/08	   33.10	   34.20	   32.56	   33.29	        6372142	      32.85	      31.31	      29.70	      25.09	       2.09	       1.87	       0.44	       2.09	       1.87	       0.44	
 2015/06/09	   33.66	   33.66	   32.00	   32.36	        5081734	      32.77	      31.41	      29.95	      25.31	       2.03	       1.90	       0.26	       2.03	       1.90	       0.26	
 2015/06/10	   32.00	   33.60	   31.70	   33.21	        5138034	      32.77	      31.66	      30.30	      25.53	       2.03	       1.93	       0.20	       2.03	       1.93	       0.20	
 2015/06/11	   33.20	   35.48	   33.00	   35.44	        6870354	      33.44	      32.39	      30.70	      25.78	       2.18	       1.98	       0.41	       2.18	       1.98	       0.41	
 2015/06/12	   35.48	   38.55	   35.45	   37.80	        7875151	      34.42	      33.33	      31.26	      26.07	       2.47	       2.08	       0.78	       2.47	       2.08	       0.78	
 2015/06/15	   38.00	   38.49	   36.51	   37.17	        5412641	      35.20	      34.03	      31.77	      26.35	       2.61	       2.18	       0.86	       2.61	       2.18	       0.86	
 2015/06/16	   35.98	   36.98	   34.85	   35.06	        5261116	      35.74	      34.25	      32.14	      26.57	       2.53	       2.25	       0.55	       2.53	       2.25	       0.55	
 2015/06/17	   35.16	   37.78	   35.16	   37.30	        5415781	      36.55	      34.66	      32.60	      26.84	       2.61	       2.33	       0.57	       2.61	       2.33	       0.57	
 2015/06/18	   37.47	   39.39	   35.88	   35.88	        6179401	      36.64	      35.04	      32.90	      27.08	       2.53	       2.37	       0.33	       2.53	       2.37	       0.33	
 2015/06/19	   35.39	   35.39	   32.40	   33.34	        5442113	      35.75	      35.09	      33.06	      27.28	       2.24	       2.34	      -0.20	       2.24	       2.34	      -0.20	
 2015/06/23	   33.95	   34.37	   30.01	   32.06	        6038422	      34.73	      34.96	      33.13	      27.46	       1.88	       2.25	      -0.73	       1.88	       2.25	      -0.73	
 2015/06/24	   32.60	   33.45	   31.30	   33.40	        6277376	      34.40	      35.07	      33.24	      27.65	       1.69	       2.14	      -0.90	       1.69	       2.14	      -0.90	
 2015/06/25	   33.30	   33.30	   30.22	   30.80	        5049416	      33.10	      34.83	      33.24	      27.80	       1.31	       1.97	      -1.32	       1.31	       1.97	      -1.32	
 2015/06/26	   29.80	   29.80	   27.72	   27.72	        5776759	      31.46	      34.05	      33.22	      27.91	       0.75	       1.73	      -1.95	       0.75	       1.73	      -1.95	
 2015/06/29	   28.01	   28.40	   24.95	   24.95	        6979805	      29.79	      32.77	      33.05	      27.96	       0.09	       1.40	      -2.63	       0.09	       1.40	      -2.63	
 2015/06/30	   24.40	   26.58	   22.46	   26.06	        9755854	      28.59	      31.66	      32.84	      28.00	      -0.35	       1.05	      -2.80	      -0.35	       1.05	      -2.80	
 2015/07/01	   25.50	   26.83	   23.45	   23.45	        8050855	      26.60	      30.50	      32.37	      28.00	      -0.89	       0.66	      -3.11	      -0.89	       0.66	      -3.11	
 2015/07/02	   23.50	   23.98	   21.11	   21.11	        7821528	      24.66	      28.88	      31.77	      27.95	      -1.49	       0.23	      -3.45	      -1.49	       0.23	      -3.45	
 2015/07/03	   20.40	   22.34	   19.05	   19.40	        8369599	      22.99	      27.23	      31.13	      27.88	      -2.09	      -0.23	      -3.71	      -2.09	      -0.23	      -3.71	
 2015/07/06	   21.34	   21.34	   17.46	   18.01	       10405739	      21.61	      25.70	      30.39	      27.80	      -2.64	      -0.71	      -3.85	      -2.64	      -0.71	      -3.85	
 2015/07/07	   17.50	   17.69	   16.21	   16.21	        5808388	      19.64	      24.11	      29.54	      27.67	      -3.18	      -1.21	      -3.95	      -3.18	      -1.21	      -3.95	
 2015/08/04	   17.83	   17.83	   17.83	   17.83	          39267	      18.51	      22.55	      28.81	      27.57	      -3.44	      -1.65	      -3.58	      -3.44	      -1.65	      -3.58	
 2015/08/05	   19.61	   19.61	   19.61	   19.61	          29900	      18.21	      21.43	      28.13	      27.50	      -3.47	      -2.02	      -2.90	      -3.47	      -2.02	      -2.90	
 2015/08/06	   21.57	   21.57	   21.00	   21.57	       15414430	      18.65	      20.82	      27.44	      27.48	      -3.29	      -2.27	      -2.04	      -3.29	      -2.27	      -2.04	
 2015/08/07	   21.60	   23.30	   21.36	   22.39	       20151560	      19.52	      20.56	      26.67	      27.47	      -3.05	      -2.43	      -1.24	      -3.05	      -2.43	      -1.24	
 2015/08/10	   22.12	   24.47	   22.10	   23.71	       17119488	      21.02	      20.33	      25.99	      27.49	      -2.72	      -2.49	      -0.47	      -2.72	      -2.49	      -0.47	
 2015/08/11	   23.33	   23.75	   22.92	   23.24	       12425984	      22.10	      20.31	      25.40	      27.51	      -2.47	      -2.48	       0.03	      -2.47	      -2.48	       0.03	
 2015/08/12	   23.20	   23.58	   22.90	   23.05	        7765704	      22.79	      20.50	      24.69	      27.52	      -2.26	      -2.44	       0.36	      -2.26	      -2.44	       0.36	
 2015/08/13	   22.92	   24.30	   22.90	   24.17	        8806157	      23.31	      20.98	      24.10	      27.53	      -1.98	      -2.35	       0.73	      -1.98	      -2.35	       0.73	
 2015/08/14	   24.90	   25.97	   24.17	   25.26	        9918367	      23.89	      21.70	      23.70	      27.56	      -1.65	      -2.21	       1.11	      -1.65	      -2.21	       1.11	
 2015/08/17	   25.06	   26.50	   25.03	   25.72	        7625516	      24.29	      22.66	      23.38	      27.59	      -1.34	      -2.03	       1.39	      -1.34	      -2.03	       1.39	
 2015/08/18	   25.85	   26.90	   23.55	   24.16	       11891446	      24.47	      23.29	      22.92	      27.59	      -1.20	      -1.87	       1.33	      -1.20	      -1.87	       1.33	
 2015/08/19	   23.48	   25.50	   22.51	   25.38	        8927743	      24.94	      23.87	      22.65	      27.63	      -0.98	      -1.69	       1.41	      -0.98	      -1.69	       1.41	
 2015/08/20	   24.88	   26.00	   24.62	   24.79	        6841159	      25.06	      24.19	      22.50	      27.63	      -0.85	      -1.52	       1.35	      -0.85	      -1.52	       1.35	
 2015/08/21	   24.50	   25.25	   23.00	   23.38	        6578673	      24.69	      24.29	      22.42	      27.61	      -0.85	      -1.39	       1.08	      -0.85	      -1.39	       1.08	
 2015/08/24	   21.40	   22.20	   21.04	   21.04	        6647310	      23.75	      24.02	      22.17	      27.53	      -1.02	      -1.31	       0.58	      -1.02	      -1.31	       0.58	
 2015/08/25	   18.97	   19.89	   18.94	   18.94	        6853138	      22.71	      23.59	      21.95	      27.44	      -1.31	      -1.31	      -0.00	      -1.31	      -1.31	      -0.00	
 2015/08/26	   19.13	   20.18	   17.55	   18.11	        7635131	      21.25	      23.10	      21.80	      27.35	      -1.59	      -1.37	      -0.45	      -1.59	      -1.37	      -0.45	
 2015/08/27	   18.50	   19.92	   18.27	   19.92	        6937110	      20.28	      22.67	      21.82	      27.29	      -1.65	      -1.43	      -0.45	      -1.65	      -1.43	      -0.45	
 2015/08/28	   20.53	   21.90	   20.06	   21.65	        6486144	      19.93	      22.31	      22.01	      27.24	      -1.54	      -1.45	      -0.18	      -1.54	      -1.45	      -0.18	
 2015/08/31	   21.10	   21.79	   20.60	   20.79	        5494460	      19.88	      21.82	      22.24	      27.16	      -1.50	      -1.46	      -0.09	      -1.50	      -1.46	      -0.09	
 2015/09/01	   20.80	   21.30	   18.99	   18.99	        5044514	      19.89	      21.30	      22.29	      27.02	      -1.60	      -1.49	      -0.23	      -1.60	      -1.49	      -0.23	
 2015/09/02	   18.36	   20.50	   17.55	   17.98	        4882325	      19.87	      20.56	      22.21	      26.88	      -1.74	      -1.54	      -0.40	      -1.74	      -1.54	      -0.40	
 2015/09/07	   18.40	   19.75	   18.37	   18.70	        4050733	      19.62	      19.95	      22.07	      26.74	      -1.77	      -1.58	      -0.37	      -1.77	      -1.58	      -0.37	
 2015/09/08	   18.61	   19.80	   16.83	   19.67	        3607143	      19.23	      19.58	      21.93	      26.62	      -1.70	      -1.61	      -0.18	      -1.70	      -1.61	      -0.18	
 2015/09/09	   19.50	   21.64	   19.45	   20.79	        5876470	      19.23	      19.55	      21.79	      26.52	      -1.53	      -1.59	       0.12	      -1.53	      -1.59	       0.12	
 2015/09/10	   20.24	   20.75	   20.10	   20.34	        3395463	      19.50	      19.69	      21.64	      26.39	      -1.42	      -1.56	       0.27	      -1.42	      -1.56	       0.27	
 2015/09/11	   20.33	   21.08	   20.30	   20.59	        3068330	      20.02	      19.94	      21.52	      26.27	      -1.30	      -1.51	       0.42	      -1.30	      -1.51	       0.42	
 2015/09/14	   20.20	   20.77	   18.53	   18.53	        3993173	      19.98	      19.80	      21.24	      26.08	      -1.35	      -1.48	       0.25	      -1.35	      -1.48	       0.25	
 2015/09/15	   18.00	   18.88	   17.00	   17.40	        5063565	      19.53	      19.38	      20.84	      25.87	      -1.47	      -1.47	       0.01	      -1.47	      -1.47	       0.01	
 2015/09/16	   17.80	   19.14	   17.50	   19.10	        4414033	      19.19	      19.21	      20.51	      25.68	      -1.41	      -1.46	       0.11	      -1.41	      -1.46	       0.11	
 2015/09/17	   18.75	   19.97	   18.44	   18.75	        5129090	      18.87	      19.19	      20.24	      25.47	      -1.37	      -1.44	       0.14	      -1.37	      -1.44	       0.14	
 2015/09/18	   18.82	   19.49	   18.75	   19.45	        3828219	      18.65	      19.33	      19.95	      25.28	      -1.27	      -1.41	       0.28	      -1.27	      -1.41	       0.28	
 2015/09/21	   19.18	   20.46	   19.00	   20.30	        4001913	      19.00	      19.49	      19.72	      25.15	      -1.11	      -1.35	       0.48	      -1.11	      -1.35	       0.48	
 2015/09/22	   20.42	   20.42	   19.87	   19.90	        2892528	      19.50	      19.51	      19.55	      25.01	      -1.00	      -1.28	       0.55	      -1.00	      -1.28	       0.55	
 2015/09/23	   19.71	   20.88	   19.59	   20.00	        3715568	      19.68	      19.44	      19.49	      24.84	      -0.90	      -1.20	       0.61	      -0.90	      -1.20	       0.61	
 2015/09/24	   19.88	   20.63	   19.88	   20.14	        2843182	      19.96	      19.42	      19.56	      24.63	      -0.80	      -1.12	       0.65	      -0.80	      -1.12	       0.65	
 2015/09/25	   20.02	   20.25	   19.10	   19.22	        2532243	      19.91	      19.28	      19.61	      24.39	      -0.78	      -1.05	       0.54	      -0.78	      -1.05	       0.54	
 2015/09/28	   19.55	   19.74	   18.88	   19.70	        2172513	      19.79	      19.40	      19.60	      24.19	      -0.72	      -0.99	       0.53	      -0.72	      -0.99	       0.53	
 2015/09/29	   19.40	   21.59	   19.15	   20.25	        4702646	      19.86	      19.68	      19.53	      23.98	      -0.62	      -0.92	       0.58	      -0.62	      -0.92	       0.58	
 2015/09/30	   20.30	   21.13	   20.05	   20.41	        2656926	      19.94	      19.81	      19.51	      23.76	      -0.53	      -0.84	       0.62	      -0.53	      -0.84	       0.62	
 2015/10/08	   20.75	   22.45	   20.75	   22.45	        4715302	      20.41	      20.18	      19.68	      23.60	      -0.28	      -0.73	       0.89	      -0.28	      -0.73	       0.89	
 2015/10/09	   23.20	   24.48	   23.20	   23.79	        6823367	      21.32	      20.62	      19.97	      23.44	       0.02	      -0.58	       1.19	       0.02	      -0.58	       1.19	
 2015/10/12	   23.93	   25.40	   23.92	   24.80	        5979907	      22.34	      21.07	      20.28	      23.26	       0.34	      -0.39	       1.46	       0.34	      -0.39	       1.46	
 2015/10/13	   24.31	   25.65	   24.00	   24.55	        4664102	      23.20	      21.53	      20.52	      23.04	       0.56	      -0.20	       1.53	       0.56	      -0.20	       1.53	
 2015/10/14	   24.20	   25.23	   24.20	   25.01	        5365641	      24.12	      22.03	      20.73	      22.84	       0.77	      -0.01	       1.55	       0.77	      -0.01	       1.55	
 2015/10/15	   25.12	   26.29	   24.81	   25.90	        5393925	      24.81	      22.61	      21.01	      22.69	       0.99	       0.19	       1.60	       0.99	       0.19	       1.60	
 2015/10/16	   26.16	   26.36	   25.10	   25.70	        4548931	      25.19	      23.26	      21.27	      22.49	       1.14	       0.38	       1.52	       1.14	       0.38	       1.52	
 2015/10/19	   25.83	   28.27	   24.93	   28.27	        7948381	      25.89	      24.11	      21.75	      22.36	       1.45	       0.59	       1.71	       1.45	       0.59	       1.71	
 2015/10/20	   27.60	   29.80	   27.17	   28.94	        8031235	      26.76	      24.98	      22.33	      22.29	       1.73	       0.82	       1.81	       1.73	       0.82	       1.81	
 2015/10/21	   28.97	   28.97	   26.05	   26.05	        7100618	      26.97	      25.55	      22.68	      22.19	       1.69	       0.99	       1.40	       1.69	       0.99	       1.40	
 2015/10/22	   25.98	   27.14	   25.30	   26.81	        8540826	      27.15	      25.98	      23.08	      22.08	       1.71	       1.14	       1.14	       1.71	       1.14	       1.14	
 2015/10/23	   27.00	   27.78	   25.90	   27.00	        6801026	      27.41	      26.30	      23.46	      22.02	       1.72	       1.25	       0.93	       1.72	       1.25	       0.93	
 2015/10/26	   27.20	   28.59	   27.10	   27.87	        7439633	      27.33	      26.61	      23.84	      22.02	       1.77	       1.36	       0.83	       1.77	       1.36	       0.83	
 2015/10/27	   27.69	   28.45	   26.00	   28.20	        9668692	      27.19	      26.98	      24.25	      22.08	       1.82	       1.45	       0.75	       1.82	       1.45	       0.75	
 2015/10/28	   28.18	   29.26	   27.50	   28.70	        9102045	      27.72	      27.34	      24.69	      22.12	       1.88	       1.54	       0.69	       1.88	       1.54	       0.69	
 2015/10/29	   29.00	   29.07	   27.76	   28.70	        5539541	      28.09	      27.62	      25.12	      22.21	       1.91	       1.61	       0.59	       1.91	       1.61	       0.59	
 2015/10/30	   28.60	   29.30	   27.51	   28.69	        3988059	      28.43	      27.92	      25.59	      22.33	       1.90	       1.67	       0.47	       1.90	       1.67	       0.47	
 2015/11/02	   28.50	   30.00	   28.05	   28.73	        4636741	      28.60	      27.97	      26.04	      22.49	       1.88	       1.71	       0.34	       1.88	       1.71	       0.34	
 2015/11/03	   29.20	   29.30	   27.00	   27.60	        7757258	      28.48	      27.83	      26.41	      22.65	       1.75	       1.72	       0.07	       1.75	       1.72	       0.07	
 2015/11/04	   27.52	   28.39	   27.35	   28.18	        6410056	      28.38	      28.05	      26.80	      22.85	       1.68	       1.71	      -0.07	       1.68	       1.71	      -0.07	
 2015/11/05	   28.28	   31.00	   28.10	   30.67	       15148834	      28.77	      28.43	      27.21	      23.06	       1.80	       1.73	       0.14	       1.80	       1.73	       0.14	
 2015/11/06	   30.02	   31.35	   30.00	   30.61	        7549285	      29.16	      28.79	      27.55	      23.24	       1.87	       1.76	       0.23	       1.87	       1.76	       0.23	
 2015/11/09	   30.50	   32.76	   30.50	   32.30	        6005604	      29.87	      29.24	      27.92	      23.42	       2.04	       1.81	       0.45	       2.04	       1.81	       0.45	
 2015/11/10	   31.50	   33.53	   31.30	   32.07	        4469388	      30.77	      29.63	      28.30	      23.59	       2.13	       1.88	       0.50	       2.13	       1.88	       0.50	
 2015/11/11	   32.00	   34.08	   31.70	   33.58	        4885591	      31.85	      30.11	      28.73	      23.75	       2.30	       1.96	       0.67	       2.30	       1.96	       0.67	
 2015/11/12	   33.45	   36.30	   33.01	   35.95	        7020444	      32.90	      30.84	      29.23	      23.96	       2.59	       2.09	       1.01	       2.59	       2.09	       1.01	
 2015/11/13	   35.60	   37.00	   33.41	   34.70	        6327318	      33.72	      31.44	      29.68	      24.16	       2.69	       2.21	       0.97	       2.69	       2.21	       0.97	
 2015/11/16	   33.42	   35.10	   33.22	   35.10	        3229227	      34.28	      32.08	      30.02	      24.34	       2.77	       2.32	       0.90	       2.77	       2.32	       0.90	
 2015/11/17	   35.30	   37.45	   35.30	   36.70	        6790512	      35.21	      32.99	      30.41	      24.53	       2.93	       2.44	       0.97	       2.93	       2.44	       0.97	
 2015/11/18	   37.00	   37.40	   35.00	   35.12	        3877181	      35.51	      33.68	      30.86	      24.69	       2.90	       2.53	       0.72	       2.90	       2.53	       0.72	
 2015/11/19	   35.20	   36.20	   34.50	   35.93	        3537846	      35.51	      34.21	      31.32	      24.88	       2.90	       2.61	       0.59	       2.90	       2.61	       0.59	
 2015/11/20	   35.93	   36.33	   35.30	   35.95	        3869641	      35.76	      34.74	      31.77	      25.06	       2.87	       2.66	       0.42	       2.87	       2.66	       0.42	
 2015/11/23	   38.00	   38.00	   32.77	   33.45	       13150839	      35.43	      34.85	      32.05	      25.20	       2.62	       2.65	      -0.07	       2.62	       2.65	      -0.07	
 2015/11/24	   33.12	   34.65	   32.00	   34.50	        8143539	      34.99	      35.10	      32.36	      25.39	       2.47	       2.61	      -0.29	       2.47	       2.61	      -0.29	
 2015/11/25	   34.50	   37.94	   34.00	   36.96	        9910618	      35.36	      35.44	      32.77	      25.65	       2.53	       2.60	      -0.14	       2.53	       2.60	      -0.14	
 2015/11/26	   37.30	   37.30	   35.53	   36.00	        8386438	      35.37	      35.44	      33.14	      25.94	       2.46	       2.57	      -0.21	       2.46	       2.57	      -0.21	
 2015/11/27	   36.20	   39.15	   35.85	   36.55	       13702323	      35.49	      35.63	      33.53	      26.24	       2.43	       2.54	      -0.22	       2.43	       2.54	      -0.22	
 2015/11/30	   37.20	   40.21	   36.45	   40.17	       13626047	      36.84	      36.13	      34.10	      26.58	       2.66	       2.57	       0.20	       2.66	       2.57	       0.20	
 2015/12/01	   39.42	   41.47	   37.95	   38.51	       10265664	      37.64	      36.31	      34.65	      26.86	       2.69	       2.59	       0.19	       2.69	       2.59	       0.19	
 2015/12/02	   38.15	   39.09	   35.00	   37.45	        6150766	      37.74	      36.55	      35.11	      27.14	       2.59	       2.59	      -0.01	       2.59	       2.59	      -0.01	
 2015/12/03	   37.50	   38.27	   36.42	   37.80	        5065210	      38.10	      36.73	      35.47	      27.45	       2.51	       2.57	      -0.13	       2.51	       2.57	      -0.13	
 2015/12/04	   37.50	   37.80	   36.00	   36.70	        5199645	      38.13	      36.81	      35.77	      27.77	       2.33	       2.53	      -0.39	       2.33	       2.53	      -0.39	
 2015/12/07	   36.70	   37.45	   35.90	   37.15	        4519115	      37.52	      37.18	      36.02	      28.07	       2.20	       2.46	      -0.52	       2.20	       2.46	      -0.52	
 2015/12/08	   36.80	   37.42	   35.74	   37.34	        6133620	      37.29	      37.46	      36.28	      28.37	       2.09	       2.39	      -0.59	       2.09	       2.39	      -0.59	
 2015/12/09	   36.85	   37.95	   36.30	   37.02	        4356503	      37.20	      37.47	      36.45	      28.64	       1.95	       2.30	      -0.69	       1.95	       2.30	      -0.69	
 2015/12/10	   37.18	   37.31	   36.00	   36.08	        3616747	      36.86	      37.48	      36.46	      28.90	       1.75	       2.19	      -0.88	       1.75	       2.19	      -0.88	
 2015/12/11	   35.66	   35.87	   34.85	   34.87	        3439183	      36.49	      37.31	      36.47	      29.14	       1.47	       2.05	      -1.15	       1.47	       2.05	      -1.15	
 2015/12/14	   35.70	   38.36	   35.00	   38.36	        8817783	      36.73	      37.13	      36.63	      29.47	       1.52	       1.94	      -0.85	       1.52	       1.94	      -0.85	
 2015/12/15	   42.20	   42.20	   42.20	   42.20	        1177511	      37.71	      37.50	      36.91	      29.88	       1.84	       1.92	      -0.16	       1.84	       1.92	      -0.16	
 2015/12/16	   45.00	   46.42	   44.10	   46.42	       22841630	      39.59	      38.39	      37.47	      30.34	       2.41	       2.02	       0.78	       2.41	       2.02	       0.78	
 2015/12/17	   48.30	   51.06	   48.00	   51.06	       16433036	      42.58	      39.72	      38.23	      30.88	       3.20	       2.25	       1.89	       3.20	       2.25	       1.89	
 2015/12/18	   53.00	   54.45	   49.80	   49.80	       30049968	      45.57	      41.03	      38.92	      31.38	       3.68	       2.54	       2.28	       3.68	       2.54	       2.28	
 2015/12/21	   49.88	   50.88	   49.00	   49.71	       15483072	      47.84	      42.29	      39.73	      31.87	       4.01	       2.83	       2.35	       4.01	       2.83	       2.35	
 2015/12/22	   49.65	   49.70	   47.72	   48.65	       12527857	      49.13	      43.42	      40.44	      32.35	       4.13	       3.09	       2.08	       4.13	       3.09	       2.08	
 2015/12/23	   48.80	   49.59	   47.60	   48.79	       10353310	      49.60	      44.59	      41.03	      32.83	       4.20	       3.31	       1.77	       4.20	       3.31	       1.77	
 2015/12/24	   48.00	   50.00	   46.45	   49.10	        9899860	      49.21	      45.90	      41.69	      33.31	       4.22	       3.50	       1.46	       4.22	       3.50	       1.46	
 2015/12/25	   48.98	   49.97	   48.06	   49.07	        7315596	      49.06	      47.32	      42.31	      33.81	       4.19	       3.64	       1.12	       4.19	       3.64	       1.12	
 2015/12/28	   49.10	   50.30	   46.98	   47.00	        9827153	      48.52	      48.18	      42.65	      34.27	       3.96	       3.70	       0.52	       3.96	       3.70	       0.52	
 2015/12/29	   47.36	   47.80	   44.24	   45.33	       11352942	      47.86	      48.49	      42.99	      34.68	       3.59	       3.68	      -0.17	       3.59	       3.68	      -0.17	
 2015/12/30	   45.05	   46.48	   44.72	   45.61	        6912054	      47.22	      48.41	      43.40	      35.10	       3.29	       3.60	      -0.62	       3.29	       3.60	      -0.62	
 2015/12/31	   45.25	   45.61	   43.11	   43.50	        6035193	      46.10	      47.66	      43.69	      35.46	       2.85	       3.45	      -1.21	       2.85	       3.45	      -1.21	
 2016/01/04	   43.98	   45.18	   40.00	   40.11	        7247329	      44.31	      46.69	      43.86	      35.73	       2.20	       3.20	      -2.01	       2.20	       3.20	      -2.01	
 2016/01/05	   37.65	   42.35	   37.65	   41.68	        9441492	      43.25	      45.88	      44.09	      36.01	       1.79	       2.92	      -2.26	       1.79	       2.92	      -2.26	
 2016/01/06	   41.30	   45.23	   40.68	   44.69	       10992037	      43.12	      45.49	      44.45	      36.34	       1.69	       2.67	      -1.97	       1.69	       2.67	      -1.97	
 2016/01/07	   43.69	   43.69	   40.22	   40.22	        2212800	      42.04	      44.63	      44.61	      36.60	       1.23	       2.38	      -2.30	       1.23	       2.38	      -2.30	
 2016/01/08	   41.00	   43.00	   38.25	   42.66	       10052313	      41.87	      43.99	      44.94	      36.88	       1.06	       2.12	      -2.12	       1.06	       2.12	      -2.12	
 2016/01/11	   41.40	   41.40	   38.39	   38.39	        9369970	      41.53	      42.92	      45.12	      37.09	       0.57	       1.81	      -2.48	       0.57	       1.81	      -2.48	
 2016/01/12	   37.22	   38.20	   35.22	   36.40	        6639253	      40.47	      41.86	      45.02	      37.22	       0.02	       1.45	      -2.87	       0.02	       1.45	      -2.87	
 2016/01/13	   37.00	   38.12	   34.00	   34.30	        5599527	      38.39	      40.76	      44.62	      37.31	      -0.58	       1.04	      -3.25	      -0.58	       1.04	      -3.25	
 2016/01/14	   32.50	   35.88	   32.11	   35.36	        6020629	      37.42	      39.73	      44.07	      37.47	      -0.96	       0.64	      -3.20	      -0.96	       0.64	      -3.20	
 2016/01/15	   35.30	   35.97	   32.56	   33.08	        5338881	      35.51	      38.69	      43.17	      37.57	      -1.43	       0.23	      -3.31	      -1.43	       0.23	      -3.31	
 2016/01/18	   32.20	   36.39	   31.90	   35.94	        8075459	      35.02	      38.27	      42.48	      37.72	      -1.55	      -0.13	      -2.84	      -1.55	      -0.13	      -2.84	
 2016/01/19	   35.50	   38.38	   35.33	   37.95	        7889532	      35.33	      37.90	      41.89	      37.89	      -1.46	      -0.39	      -2.14	      -1.46	      -0.39	      -2.14	
 2016/01/20	   37.50	   40.50	   37.00	   38.30	        9777080	      36.13	      37.26	      41.37	      38.06	      -1.35	      -0.59	      -1.54	      -1.35	      -0.59	      -1.54	
 2016/01/21	   37.01	   38.88	   34.80	   34.80	        9073063	      36.01	      36.72	      40.67	      38.16	      -1.53	      -0.78	      -1.51	      -1.53	      -0.78	      -1.51	
 2016/01/22	   35.88	   37.13	   34.90	   36.80	        6546547	      36.76	      36.13	      40.06	      38.30	      -1.49	      -0.92	      -1.15	      -1.49	      -0.92	      -1.15	
 2016/01/25	   37.57	   38.60	   37.00	   37.78	        5872927	      37.13	      36.07	      39.49	      38.45	      -1.37	      -1.01	      -0.72	      -1.37	      -1.01	      -0.72	
 2016/01/26	   36.81	   36.99	   34.00	   34.00	        6661397	      36.34	      35.83	      38.84	      38.53	      -1.56	      -1.12	      -0.88	      -1.56	      -1.12	      -0.88	
 2016/01/27	   34.15	   34.50	   31.00	   33.46	        5799624	      35.37	      35.75	      38.25	      38.63	      -1.73	      -1.24	      -0.98	      -1.73	      -1.24	      -0.98	
 2016/01/28	   32.50	   33.18	   30.11	   30.11	        5249353	      34.43	      35.22	      37.48	      38.66	      -2.11	      -1.42	      -1.40	      -2.11	      -1.42	      -1.40	
 2016/01/29	   29.96	   32.30	   29.21	   31.57	        5319961	      33.38	      35.07	      36.88	      38.68	      -2.27	      -1.59	      -1.37	      -2.27	      -1.59	      -1.37	
 2016/02/01	   31.20	   31.40	   28.80	   29.70	        5071817	      31.77	      34.45	      36.36	      38.66	      -2.52	      -1.77	      -1.49	      -2.52	      -1.77	      -1.49	
 2016/02/02	   29.58	   31.53	   29.58	   31.05	        5200610	      31.18	      33.76	      35.83	      38.64	      -2.58	      -1.94	      -1.29	      -2.58	      -1.94	      -1.29	
 2016/02/03	   30.58	   31.59	   29.98	   31.32	        4156496	      30.75	      33.06	      35.16	      38.63	      -2.57	      -2.06	      -1.02	      -2.57	      -2.06	      -1.02	
 2016/02/04	   31.50	   32.95	   31.49	   32.30	        5025252	      31.19	      32.81	      34.76	      38.61	      -2.46	      -2.14	      -0.64	      -2.46	      -2.14	      -0.64	
 2016/02/05	   32.41	   33.33	   31.70	   31.76	        3876988	      31.23	      32.31	      34.22	      38.54	      -2.39	      -2.19	      -0.39	      -2.39	      -2.19	      -0.39	
 2016/02/15	   29.63	   31.66	   29.63	   31.33	        3325020	      31.55	      31.66	      33.87	      38.48	      -2.34	      -2.22	      -0.24	      -2.34	      -2.22	      -0.24	
 2016/02/16	   31.65	   33.67	   31.59	   33.33	        5351417	      32.01	      31.59	      33.71	      38.45	      -2.11	      -2.20	       0.17	      -2.11	      -2.20	       0.17	
 2016/02/17	   33.13	   36.00	   33.00	   35.85	        9340837	      32.91	      31.83	      33.79	      38.44	      -1.71	      -2.10	       0.78	      -1.71	      -2.10	       0.78	
 2016/02/18	   35.57	   36.99	   35.06	   35.72	        8486124	      33.60	      32.39	      33.81	      38.45	      -1.39	      -1.96	       1.14	      -1.39	      -1.96	       1.14	
 2016/02/19	   35.55	   36.24	   35.31	   36.00	        5173449	      34.45	      32.84	      33.95	      38.45	      -1.10	      -1.79	       1.38	      -1.10	      -1.79	       1.38	
 2016/02/22	   36.78	   38.30	   36.39	   37.71	        7906535	      35.72	      33.64	      34.04	      38.48	      -0.72	      -1.57	       1.71	      -0.72	      -1.57	       1.71	
 2016/02/23	   37.71	   38.23	   35.88	   36.88	        8279851	      36.43	      34.22	      33.99	      38.54	      -0.48	      -1.36	       1.75	      -0.48	      -1.36	       1.75	
 2016/02/24	   36.51	   37.14	   35.08	   36.13	        5645335	      36.49	      34.70	      33.88	      38.56	      -0.35	      -1.15	       1.61	      -0.35	      -1.15	       1.61	
 2016/02/25	   35.98	   36.00	   32.52	   32.52	        6390407	      35.85	      34.72	      33.77	      38.49	      -0.53	      -1.03	       1.00	      -0.53	      -1.03	       1.00	
 2016/02/26	   32.70	   33.30	   30.71	   31.58	        3901025	      34.96	      34.70	      33.51	      38.42	      -0.74	      -0.97	       0.46	      -0.74	      -0.97	       0.46	
 2016/02/29	   31.30	   31.78	   28.42	   28.79	        4847001	      33.18	      34.45	      33.06	      38.29	      -1.12	      -1.00	      -0.24	      -1.12	      -1.00	      -0.24	
 2016/03/01	   29.01	   30.48	   27.90	   30.15	        5006650	      31.83	      34.13	      32.86	      38.12	      -1.30	      -1.06	      -0.47	      -1.30	      -1.06	      -0.47	
 2016/03/02	   29.72	   32.14	   29.71	   31.99	        4796611	      31.01	      33.75	      32.79	      38.01	      -1.27	      -1.10	      -0.34	      -1.27	      -1.10	      -0.34	
 2016/03/03	   31.81	   32.58	   31.40	   31.43	        4650778	      30.79	      33.32	      32.86	      37.91	      -1.28	      -1.14	      -0.29	      -1.28	      -1.14	      -0.29	
 2016/03/04	   31.13	   31.40	   28.50	   28.95	        4825540	      30.26	      32.61	      32.72	      37.76	      -1.48	      -1.21	      -0.54	      -1.48	      -1.21	      -0.54	
 2016/03/07	   29.06	   30.34	   29.06	   29.32	        3936443	      30.37	      31.77	      32.71	      37.64	      -1.58	      -1.28	      -0.60	      -1.58	      -1.28	      -0.60	
 2016/03/08	   29.01	   30.02	   27.36	   29.62	        4527169	      30.26	      31.05	      32.63	      37.52	      -1.62	      -1.35	      -0.54	      -1.62	      -1.35	      -0.54	
 2016/03/09	   28.80	   29.24	   28.18	   28.78	        2909354	      29.62	      30.31	      32.51	      37.37	      -1.70	      -1.42	      -0.56	      -1.70	      -1.42	      -0.56	
 2016/03/10	   28.90	   29.66	   28.38	   28.95	        3462213	      29.12	      29.96	      32.34	      37.24	      -1.73	      -1.48	      -0.50	      -1.73	      -1.48	      -0.50	
 2016/03/11	   28.60	   29.70	   28.28	   29.42	        3161004	      29.22	      29.74	      32.22	      37.13	      -1.69	      -1.52	      -0.34	      -1.69	      -1.52	      -0.34	
 2016/03/14	   30.20	   31.99	   30.15	   31.33	        4731806	      29.62	      29.99	      32.22	      37.07	      -1.50	      -1.52	       0.04	      -1.50	      -1.52	       0.04	
 2016/03/15	   31.48	   31.48	   30.22	   30.41	        4069429	      29.78	      30.02	      32.08	      36.94	      -1.40	      -1.49	       0.19	      -1.40	      -1.49	       0.19	
 2016/03/16	   30.77	   31.04	   29.71	   29.80	        3096616	      29.98	      29.80	      31.77	      36.73	      -1.35	      -1.47	       0.23	      -1.35	      -1.47	       0.23	
 2016/03/17	   30.05	   31.49	   29.90	   31.23	        4909368	      30.44	      29.78	      31.55	      36.48	      -1.19	      -1.41	       0.44	      -1.19	      -1.41	       0.44	
 2016/03/18	   31.55	   34.35	   31.37	   33.56	        7262847	      31.27	      30.24	      31.43	      36.18	      -0.86	      -1.30	       0.88	      -0.86	      -1.30	       0.88	
 2016/03/21	   34.10	   34.97	   33.60	   34.85	        7875864	      31.97	      30.80	      31.28	      35.94	      -0.49	      -1.14	       1.30	      -0.49	      -1.14	       1.30	
 2016/03/22	   34.50	   37.29	   34.22	   36.49	        9278992	      33.19	      31.48	      31.26	      35.72	      -0.06	      -0.92	       1.72	      -0.06	      -0.92	       1.72	
 2016/03/23	   36.18	   39.93	   35.80	   39.24	       10582819	      35.07	      32.53	      31.42	      35.56	       0.49	      -0.64	       2.26	       0.49	      -0.64	       2.26	
 2016/03/24	   38.90	   43.16	   38.40	   41.47	       15762270	      37.12	      33.78	      31.87	      35.44	       1.10	      -0.29	       2.78	       1.10	      -0.29	       2.78	
 2016/03/25	   41.50	   41.91	   37.75	   38.84	       16554681	      38.18	      34.72	      32.23	      35.27	       1.35	       0.04	       2.63	       1.35	       0.04	       2.63	
 2016/03/28	   39.00	   39.96	   37.50	   38.01	        9578734	      38.81	      35.39	      32.69	      35.08	       1.47	       0.32	       2.29	       1.47	       0.32	       2.29	
 2016/03/29	   38.25	   39.05	   36.98	   38.58	        7920296	      39.23	      36.21	      33.11	      34.94	       1.59	       0.58	       2.02	       1.59	       0.58	       2.02	
 2016/03/30	   38.83	   42.44	   38.61	   42.44	       14170104	      39.87	      37.47	      33.64	      34.89	       1.97	       0.85	       2.23	       1.97	       0.85	       2.23	
 2016/03/31	   42.80	   43.70	   41.21	   41.35	       15168100	      39.84	      38.48	      34.13	      34.82	       2.16	       1.12	       2.09	       2.16	       1.12	       2.09	
 2016/04/01	   40.85	   42.86	   40.11	   42.28	       10701372	      40.53	      39.36	      34.80	      34.80	       2.36	       1.36	       1.99	       2.36	       1.36	       1.99	
 2016/04/05	   42.40	   45.15	   42.10	   44.32	       10694240	      41.79	      40.30	      35.55	      34.87	       2.65	       1.62	       2.06	       2.65	       1.62	       2.06	
 2016/04/06	   43.80	   48.00	   43.70	   47.14	       11081946	      43.51	      41.37	      36.42	      34.96	       3.08	       1.91	       2.33	       3.08	       1.91	       2.33	
 2016/04/07	   47.05	   47.05	   45.30	   45.85	       10444886	      44.19	      42.03	      37.28	      34.98	       3.27	       2.19	       2.17	       3.27	       2.19	       2.17	
 2016/04/08	   44.88	   46.59	   42.84	   44.69	       10465306	      44.86	      42.35	      38.07	      35.06	       3.29	       2.41	       1.77	       3.29	       2.41	       1.77	
 2016/04/11	   45.67	   47.18	   45.06	   45.06	        9054734	      45.41	      42.97	      38.85	      35.10	       3.30	       2.59	       1.43	       3.30	       2.59	       1.43	
 2016/04/12	   44.55	   45.35	   40.66	   41.30	       11703601	      44.81	      43.30	      39.35	      35.14	       2.97	       2.66	       0.62	       2.97	       2.66	       0.62	
 2016/04/13	   41.70	   44.00	   41.70	   42.79	        9487698	      43.94	      43.72	      39.96	      35.25	       2.80	       2.69	       0.22	       2.80	       2.69	       0.22	
 2016/04/14	   43.23	   43.76	   41.31	   43.23	        7043407	      43.41	      43.80	      40.64	      35.40	       2.67	       2.69	      -0.04	       2.67	       2.69	      -0.04	
 2016/04/15	   43.00	   43.48	   42.05	   42.43	        4255122	      42.96	      43.91	      41.20	      35.52	       2.47	       2.64	      -0.35	       2.47	       2.64	      -0.35	
 2016/04/18	   42.00	   42.40	   41.00	   42.13	        4624457	      42.38	      43.89	      41.62	      35.67	       2.26	       2.57	      -0.61	       2.26	       2.57	      -0.61	
 2016/04/19	   42.55	   43.33	   42.13	   42.83	        6639780	      42.68	      43.74	      42.02	      35.78	       2.13	       2.48	      -0.70	       2.13	       2.48	      -0.70	
 2016/04/20	   43.00	   43.00	   38.56	   39.98	       11470601	      42.12	      43.03	      42.20	      35.82	       1.77	       2.34	      -1.13	       1.77	       2.34	      -1.13	
 2016/04/21	   39.30	   39.78	   37.95	   37.99	        5193686	      41.07	      42.24	      42.14	      35.81	       1.31	       2.13	      -1.64	       1.31	       2.13	      -1.64	
 2016/04/22	   37.45	   39.96	   37.01	   39.96	        5817365	      40.58	      41.77	      42.06	      35.90	       1.10	       1.93	      -1.65	       1.10	       1.93	      -1.65	
 2016/04/25	   39.28	   39.30	   37.99	   38.88	        4656349	      39.93	      41.15	      42.06	      35.93	       0.83	       1.71	      -1.75	       0.83	       1.71	      -1.75	
 2016/04/26	   38.60	   40.40	   38.60	   40.37	        6279624	      39.44	      41.06	      42.18	      35.98	       0.73	       1.51	      -1.56	       0.73	       1.51	      -1.56	
 2016/04/27	   40.16	   40.59	   39.00	   39.50	        6448148	      39.34	      40.73	      42.23	      36.07	       0.57	       1.32	      -1.50	       0.57	       1.32	      -1.50	
 2016/04/28	   39.00	   39.00	   37.35	   38.51	        7953679	      39.44	      40.26	      42.03	      36.15	       0.36	       1.13	      -1.53	       0.36	       1.13	      -1.53	
 2016/04/29	   38.38	   40.55	   38.01	   39.31	        7171151	      39.31	      39.95	      41.93	      36.30	       0.26	       0.96	      -1.39	       0.26	       0.96	      -1.39	
 2016/05/03	   39.58	   41.85	   39.20	   41.64	        7768580	      39.87	      39.90	      41.90	      36.47	       0.36	       0.84	      -0.95	       0.36	       0.84	      -0.95	
 2016/05/04	   41.50	   43.97	   41.11	   42.40	       10247447	      40.27	      39.85	      41.80	      36.68	       0.50	       0.77	      -0.54	       0.50	       0.77	      -0.54	
 2016/05/05	   42.39	   46.64	   42.05	   46.64	       18267920	      41.70	      40.52	      41.77	      36.94	       0.94	       0.80	       0.27	       0.94	       0.80	       0.27	
 2016/05/06	   47.88	   47.88	   42.33	   42.73	       21159406	      42.54	      40.99	      41.62	      37.13	       0.96	       0.84	       0.25	       0.96	       0.84	       0.25	
 2016/05/09	   13.76	   13.90	   12.82	   12.82	       22509978	      37.25	      38.28	      40.03	      36.81	      -1.42	       0.38	      -3.61	      -1.42	       0.38	      -3.61	
 2016/05/10	   12.22	   12.37	   11.62	   12.00	       31565172	      31.32	      35.59	      38.37	      36.48	      -3.33	      -0.36	      -5.95	      -3.33	      -0.36	      -5.95	
 2016/05/11	   12.05	   12.12	   11.11	   11.19	       26689012	      25.08	      32.67	      36.87	      36.14	      -4.86	      -1.26	      -7.20	      -4.86	      -1.26	      -7.20	
 2016/05/12	   10.82	   11.00	   10.55	   10.94	       21191596	      17.94	      29.82	      35.27	      35.77	      -6.02	      -2.21	      -7.62	      -6.02	      -2.21	      -7.62	
 2016/05/13	   11.09	   11.14	   10.56	   10.65	       19775052	      11.52	      27.03	      33.64	      35.35	      -6.88	      -3.15	      -7.48	      -6.88	      -3.15	      -7.48	
 2016/05/16	   10.60	   11.09	   10.51	   10.91	       15931036	      11.14	      24.19	      32.07	      34.94	      -7.46	      -4.01	      -6.90	      -7.46	      -4.01	      -6.90	
 2016/05/17	   10.99	   10.99	   10.64	   10.86	       16401130	      10.91	      21.11	      30.51	      34.52	      -7.83	      -4.77	      -6.12	      -7.83	      -4.77	      -6.12	
 2016/05/18	   10.65	   10.75	    9.77	    9.89	       25398456	      10.65	      17.86	      28.86	      34.06	      -8.11	      -5.44	      -5.34	      -8.11	      -5.44	      -5.34	
 2016/05/19	    9.84	   10.30	    9.84	    9.97	       17070968	      10.46	      14.20	      27.36	      33.61	      -8.23	      -6.00	      -4.46	      -8.23	      -6.00	      -4.46	
 2016/05/20	    9.89	   10.22	    9.67	   10.15	       14469293	      10.36	      10.94	      25.97	      33.17	      -8.22	      -6.44	      -3.55	      -8.22	      -6.44	      -3.55	
 2016/05/23	   10.25	   10.48	   10.16	   10.40	       16536304	      10.25	      10.70	      24.49	      32.81	      -8.09	      -6.77	      -2.64	      -8.09	      -6.77	      -2.64	
 2016/05/24	   10.37	   10.39	    9.91	   10.02	       14106120	      10.09	      10.50	      23.04	      32.45	      -7.93	      -7.00	      -1.86	      -7.93	      -7.00	      -1.86	
 2016/05/25	   10.28	   10.33	    9.95	   10.03	       11342733	      10.11	      10.38	      21.53	      32.13	      -7.72	      -7.15	      -1.14	      -7.72	      -7.15	      -1.14	
 2016/05/26	   10.04	   10.13	    9.70	   10.08	       12152835	      10.14	      10.30	      20.06	      31.80	      -7.45	      -7.21	      -0.49	      -7.45	      -7.21	      -0.49	
 2016/05/27	   10.09	   10.12	    9.95	   10.00	        9256172	      10.11	      10.23	      18.63	      31.43	      -7.17	      -7.20	       0.06	      -7.17	      -7.20	       0.06	
 2016/05/30	   10.00	   10.09	    9.81	    9.95	        8351718	      10.02	      10.14	      17.16	      31.07	      -6.87	      -7.13	       0.53	      -6.87	      -7.13	       0.53	
 2016/05/31	    9.96	   10.59	    9.96	   10.55	       20997044	      10.12	      10.10	      15.61	      30.77	      -6.51	      -7.01	       1.00	      -6.51	      -7.01	       1.00	
 2016/06/01	   10.62	   11.00	   10.62	   10.88	       22774496	      10.29	      10.20	      14.03	      30.46	      -6.13	      -6.83	       1.41	      -6.13	      -6.83	       1.41	
 2016/06/02	   10.96	   11.28	   10.75	   10.93	       22365850	      10.46	      10.30	      12.25	      30.15	      -5.75	      -6.62	       1.73	      -5.75	      -6.62	       1.73	
 2016/06/03	   10.89	   11.10	   10.71	   10.94	       17425708	      10.65	      10.38	      10.66	      29.85	      -5.39	      -6.37	       1.96	      -5.39	      -6.37	       1.96	
 2016/06/06	   11.00	   11.04	   10.73	   10.81	       12060363	      10.82	      10.42	      10.56	      29.55	      -5.06	      -6.11	       2.10	      -5.06	      -6.11	       2.10	
 2016/06/07	   10.69	   10.87	   10.60	   10.72	        9897500	      10.86	      10.49	      10.49	      29.24	      -4.75	      -5.84	       2.18	      -4.75	      -5.84	       2.18	
 2016/06/08	   10.80	   10.98	   10.53	   10.84	       16981982	      10.85	      10.57	      10.48	      28.90	      -4.44	      -5.56	       2.23	      -4.44	      -5.56	       2.23	
 2016/06/13	   10.63	   10.91	   10.06	   10.16	       14829485	      10.69	      10.58	      10.44	      28.56	      -4.20	      -5.29	       2.17	      -4.20	      -5.29	       2.17	
 2016/06/14	   10.15	   10.18	    9.81	    9.94	       11847357	      10.49	      10.57	      10.40	      28.23	      -3.99	      -5.03	       2.08	      -3.99	      -5.03	       2.08	
 2016/06/15	    9.73	   10.38	    9.65	   10.33	       12956710	      10.40	      10.61	      10.37	      27.88	      -3.74	      -4.77	       2.06	      -3.74	      -4.77	       2.06	
 2016/06/16	   10.40	   10.40	   10.00	   10.12	       12801954	      10.28	      10.57	      10.34	      27.49	      -3.52	      -4.52	       2.00	      -3.52	      -4.52	       2.00	
 2016/06/17	   10.22	   10.33	   10.05	   10.15	        9917152	      10.14	      10.49	      10.35	      27.08	      -3.31	      -4.28	       1.94	      -3.31	      -4.28	       1.94	
 2016/06/20	   10.24	   10.27	    9.92	   10.17	        9156383	      10.14	      10.42	      10.36	      26.64	      -3.10	      -4.04	       1.88	      -3.10	      -4.04	       1.88	
 2016/06/21	   10.27	   10.34	   10.00	   10.02	       10710306	      10.16	      10.33	      10.35	      26.15	      -2.92	      -3.82	       1.80	      -2.92	      -3.82	       1.80	
 2016/06/22	   10.09	   10.17	    9.98	   10.15	        7471141	      10.12	      10.26	      10.34	      25.63	      -2.73	      -3.60	       1.74	      -2.73	      -3.60	       1.74	
 2016/06/23	   10.18	   10.47	   10.01	   10.39	       15606543	      10.18	      10.23	      10.36	      25.15	      -2.53	      -3.39	       1.71	      -2.53	      -3.39	       1.71	
 2016/06/24	   10.43	   10.43	    9.80	   10.10	       15060472	      10.17	      10.15	      10.36	      24.69	      -2.37	      -3.18	       1.63	      -2.37	      -3.18	       1.63	
 2016/06/27	   10.02	   10.79	    9.94	   10.59	       21935644	      10.25	      10.20	      10.39	      24.22	      -2.18	      -2.98	       1.61	      -2.18	      -2.98	       1.61	
 2016/06/28	   10.45	   11.65	   10.40	   11.65	       47583532	      10.58	      10.37	      10.47	      23.71	      -1.92	      -2.77	       1.70	      -1.92	      -2.77	       1.70	
 2016/06/29	   11.90	   11.98	   11.40	   11.67	       38663716	      10.88	      10.50	      10.56	      23.22	      -1.69	      -2.55	       1.73	      -1.69	      -2.55	       1.73	
 2016/06/30	   11.66	   11.84	   11.44	   11.59	       21462276	      11.12	      10.65	      10.61	      22.70	      -1.50	      -2.34	       1.69	      -1.50	      -2.34	       1.69	
 2016/07/01	   11.52	   11.70	   11.32	   11.36	       17992284	      11.37	      10.77	      10.63	      22.15	      -1.35	      -2.14	       1.59	      -1.35	      -2.14	       1.59	
 2016/07/04	   11.22	   12.24	   11.13	   12.14	       34493560	      11.68	      10.97	      10.69	      21.57	      -1.16	      -1.95	       1.58	      -1.16	      -1.95	       1.58	
 2016/07/05	   12.14	   12.84	   11.96	   12.23	       37730312	      11.80	      11.19	      10.76	      21.01	      -0.98	      -1.75	       1.54	      -0.98	      -1.75	       1.54	
 2016/07/06	   12.20	   12.69	   11.91	   12.57	       31642558	      11.98	      11.43	      10.84	      20.48	      -0.81	      -1.57	       1.51	      -0.81	      -1.57	       1.51	
 2016/07/07	   12.48	   12.48	   12.00	   12.23	       27521684	      12.11	      11.61	      10.92	      19.93	      -0.69	      -1.39	       1.40	      -0.69	      -1.39	       1.40	
 2016/07/08	   12.17	   12.45	   12.02	   12.17	       16469742	      12.27	      11.82	      10.99	      19.44	      -0.60	      -1.23	       1.27	      -0.60	      -1.23	       1.27	
 2016/07/11	   12.26	   12.36	   12.02	   12.05	       15473109	      12.25	      11.97	      11.08	      18.93	      -0.53	      -1.09	       1.13	      -0.53	      -1.09	       1.13	
 2016/07/12	   12.05	   12.19	   11.53	   11.99	       16595296	      12.20	      12.00	      11.18	      18.41	      -0.47	      -0.97	       1.00	      -0.47	      -0.97	       1.00	
 2016/07/13	   12.10	   12.20	   11.95	   12.06	       11708597	      12.10	      12.04	      11.27	      17.90	      -0.41	      -0.86	       0.89	      -0.41	      -0.86	       0.89	
 2016/07/14	   12.10	   12.50	   11.90	   12.49	       22412990	      12.15	      12.13	      11.39	      17.41	      -0.33	      -0.75	       0.84	      -0.33	      -0.75	       0.84	
 2016/07/15	   12.43	   12.43	   12.10	   12.17	       13781499	      12.15	      12.21	      11.49	      16.90	      -0.29	      -0.66	       0.74	      -0.29	      -0.66	       0.74	
 2016/07/18	   12.05	   12.13	   11.88	   11.93	        9616027	      12.13	      12.19	      11.58	      16.43	      -0.27	      -0.58	       0.62	      -0.27	      -0.58	       0.62	
 2016/07/19	   11.90	   12.02	   11.87	   12.00	        6700066	      12.13	      12.17	      11.68	      16.00	      -0.25	      -0.51	       0.53	      -0.25	      -0.51	       0.53	
 2016/07/20	   12.04	   12.13	   11.96	   11.97	        7336845	      12.11	      12.11	      11.77	      15.53	      -0.23	      -0.46	       0.46	      -0.23	      -0.46	       0.46	
 2016/07/21	   11.96	   12.07	   11.89	   11.93	        7918063	      12.00	      12.08	      11.84	      15.08	      -0.21	      -0.41	       0.39	      -0.21	      -0.41	       0.39	
 2016/07/22	   12.01	   12.09	   11.83	   11.84	        8122450	      11.93	      12.04	      11.93	      14.61	      -0.21	      -0.37	       0.32	      -0.21	      -0.37	       0.32	
 2016/07/25	   11.82	   11.84	   11.57	   11.66	        7714702	      11.88	      12.00	      11.98	      14.14	      -0.22	      -0.34	       0.24	      -0.22	      -0.34	       0.24	
 2016/07/26	   11.67	   11.90	   11.67	   11.89	        6295037	      11.86	      11.99	      12.00	      13.70	      -0.20	      -0.31	       0.22	      -0.20	      -0.31	       0.22	
 2016/07/27	   11.99	   12.35	   11.40	   11.75	       24743756	      11.81	      11.96	      12.00	      13.24	      -0.20	      -0.29	       0.18	      -0.20	      -0.29	       0.18	
 2016/07/28	   11.54	   11.82	   11.08	   11.34	       14500624	      11.70	      11.85	      11.99	      12.73	      -0.23	      -0.27	       0.10	      -0.23	      -0.27	       0.10	
 2016/07/29	   11.35	   11.44	   11.00	   11.08	        7756701	      11.54	      11.74	      11.97	      12.21	      -0.27	      -0.27	       0.01	      -0.27	      -0.27	       0.01	
 2016/08/01	   11.08	   11.08	   10.32	   10.53	        9417767	      11.32	      11.60	      11.89	      11.61	      -0.34	      -0.29	      -0.10	      -0.34	      -0.29	      -0.10	
 2016/08/02	   10.53	   10.63	   10.44	   10.62	        4885309	      11.06	      11.46	      11.81	      11.08	      -0.38	      -0.31	      -0.16	      -0.38	      -0.31	      -0.16	
 2016/08/03	   10.60	   10.66	   10.50	   10.60	        5621250	      10.83	      11.32	      11.71	      11.04	      -0.42	      -0.33	      -0.18	      -0.42	      -0.33	      -0.18	
 2016/08/04	   10.63	   10.66	   10.50	   10.66	        4993460	      10.70	      11.20	      11.64	      11.02	      -0.43	      -0.35	      -0.17	      -0.43	      -0.35	      -0.17	
 2016/08/05	   10.65	   10.66	   10.52	   10.53	        4128606	      10.59	      11.07	      11.55	      11.01	      -0.45	      -0.37	      -0.16	      -0.45	      -0.37	      -0.16	
 2016/08/08	   10.54	   10.72	   10.32	   10.72	        6511920	      10.63	      10.97	      11.49	      11.00	      -0.45	      -0.38	      -0.12	      -0.45	      -0.38	      -0.12	
 2016/08/09	   10.67	   10.87	   10.67	   10.81	        5439789	      10.66	      10.86	      11.43	      11.00	      -0.43	      -0.39	      -0.07	      -0.43	      -0.39	      -0.07	
 2016/08/10	   10.81	   10.87	   10.74	   10.76	        4933212	      10.70	      10.76	      11.36	      11.00	      -0.41	      -0.40	      -0.03	      -0.41	      -0.40	      -0.03	
 2016/08/11	   10.72	   10.82	   10.49	   10.51	        5330763	      10.67	      10.68	      11.27	      11.00	      -0.42	      -0.40	      -0.03	      -0.42	      -0.40	      -0.03	
 2016/08/12	   10.50	   10.77	   10.47	   10.70	        4883563	      10.70	      10.64	      11.19	      11.01	      -0.40	      -0.40	       0.00	      -0.40	      -0.40	       0.00	
 2016/08/15	   10.80	   10.96	   10.61	   10.92	        8425124	      10.74	      10.68	      11.14	      11.03	      -0.37	      -0.39	       0.06	      -0.37	      -0.39	       0.06	
 2016/08/16	   10.92	   10.98	   10.84	   10.89	        7893570	      10.76	      10.71	      11.09	      11.04	      -0.34	      -0.38	       0.09	      -0.34	      -0.38	       0.09	
 2016/08/17	   10.93	   11.39	   10.89	   11.31	       14047174	      10.87	      10.78	      11.05	      11.05	      -0.28	      -0.36	       0.17	      -0.28	      -0.36	       0.17	
 2016/08/18	   11.23	   11.34	   11.11	   11.19	        8187917	      11.00	      10.83	      11.02	      11.07	      -0.24	      -0.34	       0.20	      -0.24	      -0.34	       0.20	
 2016/08/19	   11.19	   11.22	   11.03	   11.15	        5691260	      11.09	      10.90	      10.98	      11.09	      -0.20	      -0.31	       0.21	      -0.20	      -0.31	       0.21	
 2016/08/22	   11.15	   11.17	   10.75	   10.75	        9189423	      11.06	      10.90	      10.94	      11.10	      -0.21	      -0.29	       0.16	      -0.21	      -0.29	       0.16	
 2016/08/23	   10.75	   10.98	   10.74	   10.96	        7503980	      11.07	      10.91	      10.89	      11.12	      -0.19	      -0.27	       0.15	      -0.19	      -0.27	       0.15	
 2016/08/24	   11.11	   11.21	   10.92	   11.12	        8986869	      11.03	      10.95	      10.86	      11.14	      -0.17	      -0.25	       0.17	      -0.17	      -0.25	       0.17	
 2016/08/25	   11.02	   11.40	   10.84	   11.32	       14938485	      11.06	      11.03	      10.86	      11.15	      -0.13	      -0.23	       0.20	      -0.13	      -0.23	       0.20	
 2016/08/26	   11.28	   11.37	   11.19	   11.21	       10348373	      11.07	      11.08	      10.86	      11.16	      -0.10	      -0.20	       0.19	      -0.10	      -0.20	       0.19	
 2016/08/29	   11.26	   11.27	   10.98	   11.09	        6984466	      11.14	      11.10	      10.89	      11.16	      -0.09	      -0.18	       0.17	      -0.09	      -0.18	       0.17	
 2016/08/30	   11.08	   11.39	   11.06	   11.24	        9235684	      11.20	      11.13	      10.92	      11.16	      -0.07	      -0.16	       0.17	      -0.07	      -0.16	       0.17	
 2016/08/31	   11.26	   11.30	   11.03	   11.19	        5478423	      11.21	      11.12	      10.95	      11.17	      -0.06	      -0.14	       0.16	      -0.06	      -0.14	       0.16	
 2016/09/01	   11.14	   11.27	   11.14	   11.22	        6147759	      11.19	      11.13	      10.98	      11.18	      -0.05	      -0.12	       0.15	      -0.05	      -0.12	       0.15	
 2016/09/02	   11.18	   11.85	   11.09	   11.45	       19915826	      11.24	      11.15	      11.03	      11.19	      -0.02	      -0.10	       0.16	      -0.02	      -0.10	       0.16	
 2016/09/05	   11.45	   11.65	   11.25	   11.33	       12054581	      11.29	      11.21	      11.06	      11.21	      -0.00	      -0.08	       0.15	      -0.00	      -0.08	       0.15	
 2016/09/06	   11.28	   11.86	   11.00	   11.81	       27193386	      11.40	      11.30	      11.11	      11.24	       0.04	      -0.06	       0.20	       0.04	      -0.06	       0.20	
 2016/09/07	   11.73	   11.98	   11.59	   11.61	       21988610	      11.48	      11.35	      11.15	      11.26	       0.07	      -0.03	       0.20	       0.07	      -0.03	       0.20	
 2016/09/08	   11.59	   11.80	   11.55	   11.69	       10600639	      11.58	      11.38	      11.21	      11.29	       0.09	      -0.01	       0.19	       0.09	      -0.01	       0.19	
 2016/09/09	   11.75	   11.78	   11.42	   11.45	       10096811	      11.58	      11.41	      11.25	      11.31	       0.09	       0.01	       0.15	       0.09	       0.01	       0.15	
 2016/09/12	   11.18	   11.42	   11.11	   11.30	       10063460	      11.57	      11.43	      11.26	      11.33	       0.07	       0.02	       0.10	       0.07	       0.02	       0.10	
 2016/09/13	   11.39	   11.97	   11.25	   11.82	       15990742	      11.57	      11.49	      11.31	      11.36	       0.10	       0.04	       0.12	       0.10	       0.04	       0.12	
 2016/09/14	   11.77	   12.14	   11.66	   11.89	       26336280	      11.63	      11.56	      11.34	      11.39	       0.13	       0.06	       0.14	       0.13	       0.06	       0.14	
 2016/09/19	   11.89	   11.96	   11.75	   11.88	       11056970	      11.67	      11.62	      11.37	      11.41	       0.15	       0.08	       0.14	       0.15	       0.08	       0.14	
 2016/09/20	   11.88	   12.15	   11.70	   11.90	       17643088	      11.76	      11.67	      11.41	      11.44	       0.16	       0.09	       0.14	       0.16	       0.09	       0.14	
 2016/09/21	   11.96	   12.48	   11.87	   12.32	       32137840	      11.96	      11.77	      11.49	      11.47	       0.21	       0.12	       0.18	       0.21	       0.12	       0.18	
 2016/09/22	   12.30	   12.39	   12.10	   12.17	       19007996	      12.03	      11.80	      11.55	      11.48	       0.23	       0.14	       0.18	       0.23	       0.14	       0.18	
 2016/09/23	   12.13	   12.22	   11.89	   11.99	       14433059	      12.05	      11.84	      11.59	      11.48	       0.22	       0.15	       0.14	       0.22	       0.15	       0.14	
 2016/09/26	   11.84	   11.96	   11.30	   11.31	       15215064	      11.94	      11.80	      11.59	      11.48	       0.17	       0.16	       0.02	       0.17	       0.16	       0.02	
 2016/09/27	   11.22	   11.37	   11.08	   11.32	       11399304	      11.82	      11.79	      11.60	      11.48	       0.12	       0.15	      -0.06	       0.12	       0.15	      -0.06	
 2016/09/28	   11.28	   11.55	   11.25	   11.41	       10357290	      11.64	      11.80	      11.62	      11.47	       0.09	       0.14	      -0.10	       0.09	       0.14	      -0.10	
 2016/09/29	   11.50	   11.50	   11.20	   11.24	        7288665	      11.45	      11.74	      11.61	      11.45	       0.05	       0.12	      -0.14	       0.05	       0.12	      -0.14	
 2016/09/30	   11.26	   11.65	   11.20	   11.52	        9480702	      11.36	      11.71	      11.63	      11.43	       0.04	       0.10	      -0.13	       0.04	       0.10	      -0.13	
 2016/10/10	   11.58	   12.67	   11.58	   12.67	       34746912	      11.63	      11.79	      11.70	      11.44	       0.13	       0.11	       0.04	       0.13	       0.11	       0.04	
 2016/10/25	   12.80	   13.86	   12.67	   12.84	       53749716	      11.94	      11.88	      11.77	      11.45	       0.20	       0.13	       0.15	       0.20	       0.13	       0.15	
 2016/10/26	   12.95	   13.17	   12.52	   13.02	       38349048	      12.26	      11.95	      11.86	      11.47	       0.28	       0.16	       0.24	       0.28	       0.16	       0.24	
 2016/10/27	   12.90	   12.92	   12.51	   12.60	       19182014	      12.53	      11.99	      11.90	      11.48	       0.30	       0.19	       0.23	       0.30	       0.19	       0.23	
 2016/10/28	   12.63	   12.69	   12.11	   12.16	       19355372	      12.66	      12.01	      11.93	      11.48	       0.28	       0.20	       0.15	       0.28	       0.20	       0.15	
 2016/10/31	   12.18	   12.38	   12.09	   12.35	       11870278	      12.59	      12.11	      11.96	      11.48	       0.27	       0.22	       0.11	       0.27	       0.22	       0.11	
 2016/11/01	   12.20	   12.44	   12.10	   12.35	       17942756	      12.50	      12.22	      12.00	      11.48	       0.26	       0.23	       0.07	       0.26	       0.23	       0.07	
 2016/11/02	   12.28	   12.28	   11.91	   11.94	       16269444	      12.28	      12.27	      12.04	      11.48	       0.22	       0.23	      -0.01	       0.22	       0.23	      -0.01	
数据来源:通达信
