                  扬子新材 (002652)
      时间	    开盘	    最高	    最低	    收盘	         成交量	   MA.MA1   	   MA.MA2   	   MA.MA3   	   MA.MA4   	 MACD.DIF   	 MACD.DEA   	 MACD.MACD  	 MACD.DIF   	 MACD.DEA   	 MACD.MACD  	
 2014/05/14	   10.39	   10.51	   10.33	   10.45	         447811	           	           	           	           	       0.00	       0.00	       0.00	       0.00	       0.00	       0.00	
 2014/05/15	   10.44	   10.67	   10.28	   10.41	         917121	           	           	           	           	      -0.00	      -0.00	      -0.01	      -0.00	      -0.00	      -0.01	
 2014/05/16	   10.41	   10.41	   10.10	   10.21	         376560	           	           	           	           	      -0.02	      -0.00	      -0.03	      -0.02	      -0.00	      -0.03	
 2014/05/19	   10.17	   10.24	   10.11	   10.19	         276952	           	           	           	           	      -0.04	      -0.01	      -0.05	      -0.04	      -0.01	      -0.05	
 2014/05/20	   10.20	   10.35	   10.20	   10.24	         394315	      10.30	           	           	           	      -0.05	      -0.02	      -0.05	      -0.05	      -0.02	      -0.05	
 2014/05/21	   10.24	   10.40	   10.12	   10.38	         511346	      10.29	           	           	           	      -0.04	      -0.02	      -0.03	      -0.04	      -0.02	      -0.03	
 2014/05/22	   10.38	   10.46	   10.27	   10.28	         540943	      10.26	           	           	           	      -0.04	      -0.03	      -0.03	      -0.04	      -0.03	      -0.03	
 2014/05/23	   10.28	   10.38	   10.23	   10.38	         264513	      10.29	           	           	           	      -0.04	      -0.03	      -0.02	      -0.04	      -0.03	      -0.02	
 2014/05/26	   10.40	   10.49	   10.36	   10.47	         475386	      10.35	           	           	           	      -0.02	      -0.03	       0.01	      -0.02	      -0.03	       0.01	
 2014/05/27	   10.40	   10.57	   10.40	   10.40	         450980	      10.38	      10.34	           	           	      -0.02	      -0.03	       0.01	      -0.02	      -0.03	       0.01	
 2014/05/28	   10.39	   10.53	   10.38	   10.51	         488344	      10.41	      10.35	           	           	      -0.01	      -0.02	       0.03	      -0.01	      -0.02	       0.03	
 2014/05/29	   10.69	   10.69	   10.35	   10.35	         620006	      10.42	      10.34	           	           	      -0.01	      -0.02	       0.02	      -0.01	      -0.02	       0.02	
 2014/05/30	   10.60	   10.62	   10.40	   10.59	         979233	      10.46	      10.38	           	           	       0.01	      -0.02	       0.04	       0.01	      -0.02	       0.04	
 2014/06/03	   10.44	   10.99	   10.44	   10.85	        2097192	      10.54	      10.45	           	           	       0.04	      -0.00	       0.09	       0.04	      -0.00	       0.09	
 2014/06/04	   10.74	   10.83	   10.49	   10.50	        1190880	      10.56	      10.47	           	           	       0.04	       0.00	       0.07	       0.04	       0.00	       0.07	
 2014/06/05	   10.53	   10.94	   10.50	   10.86	        1829579	      10.63	      10.52	           	           	       0.06	       0.02	       0.10	       0.06	       0.02	       0.10	
 2014/06/06	   10.88	   11.09	   10.76	   10.89	        1371352	      10.74	      10.58	           	           	       0.09	       0.03	       0.11	       0.09	       0.03	       0.11	
 2014/06/09	   10.88	   11.00	   10.65	   11.00	        1704262	      10.82	      10.64	           	           	       0.11	       0.05	       0.13	       0.11	       0.05	       0.13	
 2014/06/10	   10.93	   11.18	   10.76	   11.15	        2094457	      10.88	      10.71	           	           	       0.14	       0.07	       0.15	       0.14	       0.07	       0.15	
 2014/06/11	   11.18	   11.20	   11.04	   11.13	        1250945	      11.01	      10.78	      10.56	           	       0.16	       0.09	       0.16	       0.16	       0.09	       0.16	
 2014/06/12	   11.16	   12.20	   11.16	   11.78	       15115862	      11.19	      10.91	      10.63	           	       0.23	       0.12	       0.23	       0.23	       0.12	       0.23	
 2014/06/13	   11.50	   12.04	   11.49	   11.63	        7908392	      11.34	      11.04	      10.69	           	       0.27	       0.15	       0.25	       0.27	       0.15	       0.25	
 2014/06/16	   11.66	   11.88	   11.51	   11.81	        4652518	      11.50	      11.16	      10.77	           	       0.31	       0.18	       0.26	       0.31	       0.18	       0.26	
 2014/06/17	   11.82	   11.82	   11.39	   11.50	        3503310	      11.57	      11.22	      10.84	           	       0.31	       0.21	       0.21	       0.31	       0.21	       0.21	
 2014/06/18	   11.51	   11.75	   11.41	   11.41	        2364259	      11.63	      11.32	      10.89	           	       0.30	       0.22	       0.16	       0.30	       0.22	       0.16	
 2014/06/19	   11.55	   11.55	   10.76	   10.88	        2729567	      11.45	      11.32	      10.92	           	       0.25	       0.23	       0.04	       0.25	       0.23	       0.04	
 2014/06/20	   10.89	   10.96	   10.78	   10.95	        1752333	      11.31	      11.32	      10.95	           	       0.21	       0.23	      -0.03	       0.21	       0.23	      -0.03	
 2014/06/23	   10.91	   11.18	   10.91	   11.11	        1353353	      11.17	      11.33	      10.99	           	       0.19	       0.22	      -0.05	       0.19	       0.22	      -0.05	
 2014/06/24	   11.14	   11.63	   11.02	   11.51	        3076143	      11.17	      11.37	      11.04	           	       0.21	       0.22	      -0.02	       0.21	       0.22	      -0.02	
 2014/06/25	   11.44	   11.62	   11.25	   11.43	        2135124	      11.18	      11.40	      11.09	           	       0.21	       0.22	      -0.01	       0.21	       0.22	      -0.01	
 2014/06/26	   11.42	   11.68	   11.35	   11.67	        2780150	      11.33	      11.39	      11.15	           	       0.23	       0.22	       0.02	       0.23	       0.22	       0.02	
 2014/06/27	   11.66	   11.87	   11.58	   11.62	        2623735	      11.47	      11.39	      11.21	           	       0.24	       0.22	       0.03	       0.24	       0.22	       0.03	
 2014/06/30	   11.62	   11.68	   11.45	   11.66	        2322481	      11.58	      11.37	      11.27	           	       0.25	       0.23	       0.03	       0.25	       0.23	       0.03	
 2014/07/01	   11.65	   11.65	   11.44	   11.55	        1932195	      11.59	      11.38	      11.30	           	       0.24	       0.23	       0.02	       0.24	       0.23	       0.02	
 2014/07/02	   11.60	   11.61	   11.42	   11.60	        1633414	      11.62	      11.40	      11.36	           	       0.24	       0.23	       0.01	       0.24	       0.23	       0.01	
 2014/07/03	   11.60	   11.81	   11.53	   11.73	        2263050	      11.63	      11.48	      11.40	           	       0.24	       0.23	       0.01	       0.24	       0.23	       0.01	
 2014/07/04	   11.72	   11.79	   11.58	   11.70	        1518305	      11.65	      11.56	      11.44	           	       0.24	       0.23	       0.01	       0.24	       0.23	       0.01	
 2014/07/07	   11.64	   11.86	   11.62	   11.77	        1463918	      11.67	      11.62	      11.48	           	       0.24	       0.24	       0.01	       0.24	       0.24	       0.01	
 2014/07/08	   11.78	   12.03	   11.76	   12.03	        3067219	      11.77	      11.68	      11.52	           	       0.26	       0.24	       0.04	       0.26	       0.24	       0.04	
 2014/07/09	   12.00	   12.00	   11.47	   11.60	        3450353	      11.77	      11.69	      11.55	           	       0.24	       0.24	      -0.00	       0.24	       0.24	      -0.00	
 2014/07/10	   11.51	   11.65	   11.45	   11.62	        1939526	      11.74	      11.69	      11.54	           	       0.22	       0.24	      -0.03	       0.22	       0.24	      -0.03	
 2014/07/11	   11.70	   11.94	   11.66	   11.81	        2479684	      11.77	      11.71	      11.55	           	       0.22	       0.23	      -0.03	       0.22	       0.23	      -0.03	
 2014/07/14	   11.80	   11.93	   11.72	   11.90	        1733243	      11.79	      11.73	      11.55	           	       0.22	       0.23	      -0.02	       0.22	       0.23	      -0.02	
 2014/07/15	   11.90	   11.90	   11.55	   11.65	        2259087	      11.72	      11.74	      11.56	           	       0.20	       0.22	      -0.05	       0.20	       0.22	      -0.05	
 2014/07/16	   11.63	   11.69	   11.46	   11.54	        1218411	      11.70	      11.74	      11.57	           	       0.17	       0.21	      -0.08	       0.17	       0.21	      -0.08	
 2014/07/17	   11.54	   11.77	   11.26	   11.59	        1690222	      11.70	      11.72	      11.60	           	       0.16	       0.20	      -0.09	       0.16	       0.20	      -0.09	
 2014/07/18	   11.58	   11.64	   11.45	   11.47	         976754	      11.63	      11.70	      11.63	           	       0.13	       0.19	      -0.12	       0.13	       0.19	      -0.12	
 2014/07/21	   11.47	   11.47	   11.25	   11.26	        1103482	      11.50	      11.65	      11.64	           	       0.09	       0.17	      -0.16	       0.09	       0.17	      -0.16	
 2014/07/22	   11.26	   11.48	   11.21	   11.40	        1011055	      11.45	      11.58	      11.63	           	       0.07	       0.15	      -0.16	       0.07	       0.15	      -0.16	
 2014/07/23	   11.38	   11.45	   11.08	   11.10	        1329098	      11.36	      11.53	      11.61	           	       0.03	       0.13	      -0.19	       0.03	       0.13	      -0.19	
 2014/07/24	   11.31	   11.65	   10.98	   11.56	        1773475	      11.36	      11.53	      11.61	           	       0.03	       0.11	      -0.14	       0.03	       0.11	      -0.14	
 2014/07/25	   11.50	   11.51	   11.36	   11.40	        1362568	      11.34	      11.49	      11.60	           	       0.03	       0.09	      -0.13	       0.03	       0.09	      -0.13	
 2014/07/28	   11.45	   11.56	   11.36	   11.50	        1255663	      11.39	      11.45	      11.59	           	       0.03	       0.08	      -0.10	       0.03	       0.08	      -0.10	
 2014/07/29	   11.55	   11.58	   11.39	   11.53	        1466290	      11.42	      11.44	      11.59	           	       0.03	       0.07	      -0.08	       0.03	       0.07	      -0.08	
 2014/07/30	   11.48	   11.55	   11.40	   11.54	        1036590	      11.51	      11.43	      11.58	           	       0.03	       0.06	      -0.06	       0.03	       0.06	      -0.06	
 2014/07/31	   11.53	   11.66	   11.51	   11.64	        1254461	      11.52	      11.44	      11.58	           	       0.04	       0.06	      -0.03	       0.04	       0.06	      -0.03	
 2014/08/01	   11.62	   11.82	   11.52	   11.60	        2512638	      11.56	      11.45	      11.58	           	       0.04	       0.05	      -0.02	       0.04	       0.05	      -0.02	
 2014/08/04	   11.51	   11.99	   11.51	   11.92	        3830138	      11.65	      11.52	      11.58	           	       0.07	       0.06	       0.03	       0.07	       0.06	       0.03	
 2014/08/05	   11.89	   11.95	   11.70	   11.86	        2062909	      11.71	      11.57	      11.57	           	       0.09	       0.06	       0.05	       0.09	       0.06	       0.05	
 2014/08/06	   11.86	   12.22	   11.81	   12.14	        4184865	      11.83	      11.67	      11.60	      11.24	       0.12	       0.07	       0.09	       0.12	       0.07	       0.09	
 2014/08/07	   12.10	   12.22	   11.91	   11.91	        2115191	      11.89	      11.70	      11.62	      11.26	       0.13	       0.09	       0.09	       0.13	       0.09	       0.09	
 2014/08/08	   11.86	   12.00	   11.85	   11.90	        1351317	      11.95	      11.75	      11.62	      11.29	       0.13	       0.09	       0.07	       0.13	       0.09	       0.07	
 2014/08/11	   11.89	   12.13	   11.88	   12.07	        2182396	      11.98	      11.81	      11.63	      11.32	       0.15	       0.11	       0.08	       0.15	       0.11	       0.08	
 2014/08/12	   12.08	   12.09	   11.92	   12.02	        1841722	      12.01	      11.86	      11.65	      11.35	       0.15	       0.11	       0.08	       0.15	       0.11	       0.08	
 2014/08/13	   12.00	   12.06	   11.82	   12.02	        2189703	      11.98	      11.91	      11.67	      11.38	       0.15	       0.12	       0.06	       0.15	       0.12	       0.06	
 2014/08/14	   12.00	   12.60	   11.96	   12.30	        4976856	      12.06	      11.97	      11.71	      11.41	       0.18	       0.13	       0.09	       0.18	       0.13	       0.09	
 2014/08/15	   12.28	   12.58	   12.20	   12.45	        2389992	      12.17	      12.06	      11.76	      11.45	       0.21	       0.15	       0.11	       0.21	       0.15	       0.11	
 2014/08/18	   12.49	   13.32	   12.38	   13.01	        4130073	      12.36	      12.17	      11.84	      11.49	       0.27	       0.17	       0.19	       0.27	       0.17	       0.19	
 2014/08/19	   13.05	   13.05	   12.69	   12.78	        3017288	      12.51	      12.26	      11.91	      11.53	       0.30	       0.20	       0.20	       0.30	       0.20	       0.20	
 2014/08/20	   12.79	   12.90	   12.50	   12.56	        2620090	      12.62	      12.30	      11.99	      11.56	       0.30	       0.22	       0.16	       0.30	       0.22	       0.16	
 2014/08/21	   12.57	   12.62	   12.37	   12.56	        2303011	      12.67	      12.37	      12.04	      11.60	       0.30	       0.23	       0.13	       0.30	       0.23	       0.13	
 2014/08/22	   12.57	   12.77	   12.51	   12.77	        2002529	      12.74	      12.45	      12.10	      11.64	       0.31	       0.25	       0.12	       0.31	       0.25	       0.12	
 2014/08/25	   12.78	   12.79	   12.43	   12.47	        2601635	      12.63	      12.49	      12.15	      11.67	       0.29	       0.26	       0.07	       0.29	       0.26	       0.07	
 2014/08/26	   12.44	   12.55	   12.11	   12.24	        2196427	      12.52	      12.52	      12.19	      11.69	       0.26	       0.26	      -0.00	       0.26	       0.26	      -0.00	
 2014/08/27	   12.23	   12.44	   12.22	   12.33	        1320878	      12.47	      12.55	      12.23	      11.72	       0.23	       0.25	      -0.04	       0.23	       0.25	      -0.04	
 2014/08/28	   12.37	   12.45	   12.24	   12.37	        1113175	      12.44	      12.55	      12.26	      11.75	       0.21	       0.24	      -0.06	       0.21	       0.24	      -0.06	
 2014/08/29	   12.34	   12.69	   12.29	   12.64	        1502353	      12.41	      12.57	      12.32	      11.78	       0.22	       0.24	      -0.04	       0.22	       0.24	      -0.04	
 2014/09/01	   12.60	   12.75	   12.58	   12.72	        1631751	      12.46	      12.54	      12.36	      11.81	       0.23	       0.24	      -0.02	       0.23	       0.24	      -0.02	
 2014/09/02	   12.73	   12.96	   12.71	   12.82	        2639505	      12.58	      12.55	      12.40	      11.83	       0.24	       0.24	       0.00	       0.24	       0.24	       0.00	
 2014/09/03	   12.80	   12.89	   12.72	   12.87	        1828610	      12.68	      12.58	      12.44	      11.86	       0.25	       0.24	       0.02	       0.25	       0.24	       0.02	
 2014/09/04	   12.87	   13.18	   12.86	   13.04	        3208489	      12.82	      12.63	      12.50	      11.88	       0.27	       0.24	       0.04	       0.27	       0.24	       0.04	
 2014/09/05	   13.04	   13.28	   12.94	   13.21	        2952822	      12.93	      12.67	      12.56	      11.91	       0.29	       0.25	       0.08	       0.29	       0.25	       0.08	
 2014/09/09	   13.18	   13.75	   13.18	   13.50	        3322049	      13.09	      12.77	      12.63	      11.94	       0.33	       0.27	       0.12	       0.33	       0.27	       0.12	
 2014/09/10	   13.50	   13.57	   13.27	   13.51	        1743663	      13.23	      12.90	      12.71	      11.97	       0.36	       0.29	       0.14	       0.36	       0.29	       0.14	
 2014/09/11	   13.55	   13.85	   13.20	   13.28	        3469846	      13.31	      13.00	      12.77	      12.00	       0.36	       0.30	       0.11	       0.36	       0.30	       0.11	
 2014/09/12	   13.28	   13.55	   13.19	   13.55	        1764982	      13.41	      13.11	      12.83	      12.05	       0.38	       0.32	       0.12	       0.38	       0.32	       0.12	
 2014/09/15	   13.60	   14.15	   13.60	   14.00	        3272675	      13.57	      13.25	      12.91	      12.10	       0.42	       0.34	       0.17	       0.42	       0.34	       0.17	
 2014/09/16	   14.00	   14.30	   13.62	   13.78	        4319383	      13.62	      13.36	      12.95	      12.14	       0.43	       0.36	       0.15	       0.43	       0.36	       0.15	
 2014/09/17	   14.15	   14.30	   13.75	   14.08	        4552059	      13.74	      13.48	      13.01	      12.19	       0.46	       0.38	       0.17	       0.46	       0.38	       0.17	
 2014/09/18	   14.00	   14.34	   13.94	   14.23	        2792552	      13.93	      13.62	      13.10	      12.23	       0.49	       0.40	       0.18	       0.49	       0.40	       0.18	
 2014/09/19	   14.23	   14.25	   13.85	   14.10	        2292570	      14.04	      13.72	      13.18	      12.27	       0.50	       0.42	       0.16	       0.50	       0.42	       0.16	
 2014/09/22	   14.05	   14.06	   13.59	   13.75	        2470123	      13.99	      13.78	      13.22	      12.31	       0.47	       0.43	       0.08	       0.47	       0.43	       0.08	
 2014/09/23	   13.70	   14.77	   13.64	   14.77	        5047433	      14.19	      13.90	      13.34	      12.36	       0.53	       0.45	       0.15	       0.53	       0.45	       0.15	
 2014/09/24	   14.64	   15.48	   14.57	   15.17	        3829840	      14.40	      14.07	      13.49	      12.42	       0.59	       0.48	       0.23	       0.59	       0.48	       0.23	
 2014/09/25	   15.08	   15.46	   14.90	   15.08	        2908394	      14.57	      14.25	      13.62	      12.48	       0.63	       0.51	       0.25	       0.63	       0.51	       0.25	
 2014/09/26	   15.26	   15.86	   14.78	   15.52	        2808682	      14.86	      14.45	      13.78	      12.54	       0.69	       0.55	       0.29	       0.69	       0.55	       0.29	
 2014/09/29	   15.53	   16.68	   15.48	   16.40	        3516816	      15.39	      14.69	      13.97	      12.62	       0.80	       0.60	       0.41	       0.80	       0.60	       0.41	
 2014/09/30	   16.27	   16.89	   16.02	   16.65	        2774512	      15.76	      14.98	      14.17	      12.70	       0.90	       0.66	       0.48	       0.90	       0.66	       0.48	
 2014/10/08	   16.65	   18.00	   16.53	   17.78	        4463293	      16.29	      15.35	      14.41	      12.80	       1.05	       0.74	       0.63	       1.05	       0.74	       0.63	
 2014/10/09	   17.95	   18.30	   17.09	   17.10	        8627385	      16.69	      15.63	      14.63	      12.89	       1.11	       0.81	       0.59	       1.11	       0.81	       0.59	
 2014/10/10	   17.03	   17.47	   16.50	   16.65	        4671743	      16.92	      15.89	      14.81	      12.97	       1.10	       0.87	       0.47	       1.10	       0.87	       0.47	
 2014/10/13	   16.74	   16.87	   16.17	   16.54	        2709076	      16.94	      16.17	      14.97	      13.05	       1.08	       0.91	       0.33	       1.08	       0.91	       0.33	
 2014/10/14	   16.55	   16.69	   16.30	   16.44	        2242561	      16.90	      16.33	      15.12	      13.13	       1.04	       0.93	       0.20	       1.04	       0.93	       0.20	
 2014/10/15	   16.36	   16.51	   15.90	   16.51	        2644740	      16.65	      16.47	      15.27	      13.21	       1.00	       0.95	       0.10	       1.00	       0.95	       0.10	
 2014/10/16	   16.32	   16.67	   16.09	   16.09	        2499078	      16.45	      16.57	      15.41	      13.28	       0.92	       0.94	      -0.04	       0.92	       0.94	      -0.04	
 2014/10/17	   16.07	   16.25	   15.50	   16.10	        2089147	      16.34	      16.63	      15.54	      13.36	       0.86	       0.93	      -0.14	       0.86	       0.93	      -0.14	
 2014/10/20	   16.13	   16.65	   16.13	   16.63	        1490473	      16.35	      16.65	      15.67	      13.45	       0.83	       0.91	      -0.14	       0.83	       0.91	      -0.14	
 2014/10/21	   16.72	   16.78	   16.41	   16.41	        1756011	      16.35	      16.63	      15.80	      13.53	       0.79	       0.88	      -0.19	       0.79	       0.88	      -0.19	
 2014/10/22	   16.50	   16.64	   16.09	   16.09	        1274131	      16.26	      16.46	      15.90	      13.61	       0.72	       0.85	      -0.26	       0.72	       0.85	      -0.26	
 2014/10/23	   16.09	   16.09	   15.46	   15.60	        1728100	      16.17	      16.31	      15.97	      13.68	       0.62	       0.81	      -0.37	       0.62	       0.81	      -0.37	
 2014/10/24	   15.60	   16.02	   15.57	   16.00	        1508325	      16.15	      16.24	      16.06	      13.76	       0.57	       0.76	      -0.38	       0.57	       0.76	      -0.38	
 2014/10/27	   16.02	   16.43	   15.91	   16.36	        1198003	      16.09	      16.22	      16.19	      13.84	       0.55	       0.72	      -0.34	       0.55	       0.72	      -0.34	
 2014/10/28	   16.43	   17.15	   16.43	   16.90	        3287451	      16.19	      16.27	      16.30	      13.93	       0.57	       0.69	      -0.24	       0.57	       0.69	      -0.24	
 2014/10/29	   17.15	   17.90	   16.80	   17.01	        3149297	      16.37	      16.32	      16.39	      14.02	       0.59	       0.67	      -0.16	       0.59	       0.67	      -0.16	
 2014/10/30	   16.95	   17.30	   16.80	   17.21	        2754198	      16.70	      16.43	      16.50	      14.12	       0.61	       0.66	      -0.09	       0.61	       0.66	      -0.09	
 2014/10/31	   17.15	   17.35	   17.00	   17.14	        2031236	      16.92	      16.53	      16.58	      14.21	       0.62	       0.65	      -0.06	       0.62	       0.65	      -0.06	
 2014/11/03	   17.05	   17.30	   16.92	   17.15	        1935755	      17.08	      16.59	      16.62	      14.30	       0.62	       0.64	      -0.05	       0.62	       0.64	      -0.05	
 2014/11/04	   17.18	   17.28	   16.85	   16.87	        2183972	      17.08	      16.63	      16.63	      14.38	       0.59	       0.63	      -0.09	       0.59	       0.63	      -0.09	
 2014/11/05	   16.88	   16.93	   16.42	   16.61	        1459251	      17.00	      16.68	      16.57	      14.46	       0.53	       0.61	      -0.15	       0.53	       0.61	      -0.15	
 2014/11/06	   16.61	   16.99	   16.56	   16.99	        1291382	      16.95	      16.82	      16.56	      14.54	       0.52	       0.59	      -0.15	       0.52	       0.59	      -0.15	
 2014/11/07	   16.95	   17.36	   16.76	   16.86	        2211422	      16.90	      16.91	      16.58	      14.63	       0.49	       0.57	      -0.16	       0.49	       0.57	      -0.16	
 2014/11/10	   16.83	   17.07	   16.76	   17.03	        1202240	      16.87	      16.98	      16.60	      14.71	       0.47	       0.55	      -0.16	       0.47	       0.55	      -0.16	
 2014/11/11	   17.13	   17.15	   16.11	   16.55	        2005045	      16.81	      16.94	      16.61	      14.79	       0.42	       0.53	      -0.21	       0.42	       0.53	      -0.21	
 2014/11/12	   16.41	   16.67	   16.28	   16.65	         948121	      16.82	      16.91	      16.61	      14.86	       0.38	       0.50	      -0.23	       0.38	       0.50	      -0.23	
 2014/11/13	   16.65	   16.83	   16.39	   16.65	        1217666	      16.75	      16.85	      16.64	      14.94	       0.34	       0.47	      -0.24	       0.34	       0.47	      -0.24	
 2014/11/14	   16.60	   16.95	   16.51	   16.84	        1361624	      16.74	      16.82	      16.68	      15.02	       0.33	       0.44	      -0.22	       0.33	       0.44	      -0.22	
 2014/11/17	   16.84	   17.50	   16.70	   17.21	        3033990	      16.78	      16.83	      16.71	      15.10	       0.34	       0.42	      -0.16	       0.34	       0.42	      -0.16	
 2014/11/18	   17.20	   17.40	   17.03	   17.06	        2625650	      16.88	      16.85	      16.74	      15.16	       0.33	       0.40	      -0.14	       0.33	       0.40	      -0.14	
 2014/11/19	   17.03	   17.71	   17.01	   17.47	        5181874	      17.05	      16.93	      16.81	      15.24	       0.36	       0.39	      -0.07	       0.36	       0.39	      -0.07	
 2014/11/20	   17.49	   17.60	   17.11	   17.60	        2899337	      17.24	      16.99	      16.91	      15.33	       0.38	       0.39	      -0.01	       0.38	       0.39	      -0.01	
 2014/11/21	   17.58	   19.00	   17.58	   18.68	        8048944	      17.60	      17.17	      17.04	      15.43	       0.49	       0.41	       0.15	       0.49	       0.41	       0.15	
 2014/11/24	   18.40	   18.40	   17.50	   17.66	        9229123	      17.69	      17.24	      17.11	      15.51	       0.48	       0.42	       0.11	       0.48	       0.42	       0.11	
 2014/11/25	   17.44	   17.47	   16.87	   17.16	        7050165	      17.71	      17.30	      17.12	      15.59	       0.43	       0.42	       0.01	       0.43	       0.42	       0.01	
 2014/11/26	   17.18	   17.19	   16.81	   17.02	        4751681	      17.62	      17.33	      17.12	      15.67	       0.37	       0.41	      -0.09	       0.37	       0.41	      -0.09	
 2014/11/27	   17.00	   17.30	   16.88	   17.09	        3599142	      17.52	      17.38	      17.11	      15.75	       0.33	       0.40	      -0.14	       0.33	       0.40	      -0.14	
 2014/11/28	   17.09	   17.14	   16.78	   16.86	        2744612	      17.16	      17.38	      17.10	      15.82	       0.27	       0.37	      -0.20	       0.27	       0.37	      -0.20	
 2014/12/01	   16.88	   16.97	   16.35	   16.37	        3168357	      16.90	      17.30	      17.06	      15.88	       0.19	       0.34	      -0.30	       0.19	       0.34	      -0.30	
 2014/12/02	   16.45	   16.85	   16.41	   16.74	        1903793	      16.82	      17.26	      17.05	      15.95	       0.15	       0.30	      -0.30	       0.15	       0.30	      -0.30	
 2014/12/03	   16.84	   17.03	   16.61	   16.99	        2434797	      16.81	      17.22	      17.07	      16.02	       0.13	       0.27	      -0.26	       0.13	       0.27	      -0.26	
 2014/12/04	   17.00	   17.10	   16.82	   16.90	        2253385	      16.77	      17.15	      17.07	      16.09	       0.12	       0.24	      -0.24	       0.12	       0.24	      -0.24	
 2014/12/05	   16.90	   16.95	   16.08	   16.29	        2856957	      16.66	      16.91	      17.04	      16.14	       0.05	       0.20	      -0.29	       0.05	       0.20	      -0.29	
 2015/01/19	   17.20	   17.82	   16.41	   16.80	        9242575	      16.74	      16.82	      17.03	      16.20	       0.04	       0.17	      -0.25	       0.04	       0.17	      -0.25	
 2015/01/20	   16.69	   16.73	   15.31	   16.40	        5056950	      16.68	      16.75	      17.02	      16.25	       0.00	       0.13	      -0.27	       0.00	       0.13	      -0.27	
 2015/01/21	   16.30	   16.73	   16.02	   16.63	        4893690	      16.60	      16.71	      17.02	      16.30	      -0.01	       0.10	      -0.24	      -0.01	       0.10	      -0.24	
 2015/01/22	   16.45	   16.55	   16.28	   16.50	        2739858	      16.52	      16.65	      17.01	      16.35	      -0.03	       0.08	      -0.22	      -0.03	       0.08	      -0.22	
 2015/01/23	   16.47	   16.47	   15.66	   15.84	        3868805	      16.43	      16.55	      16.96	      16.39	      -0.10	       0.04	      -0.29	      -0.10	       0.04	      -0.29	
 2015/01/26	   15.85	   16.15	   15.85	   16.15	        2467083	      16.30	      16.52	      16.91	      16.43	      -0.13	       0.01	      -0.27	      -0.13	       0.01	      -0.27	
 2015/01/27	   16.19	   16.23	   15.94	   16.10	        1864850	      16.24	      16.46	      16.86	      16.47	      -0.15	      -0.03	      -0.26	      -0.15	      -0.03	      -0.26	
 2015/01/28	   16.15	   16.22	   15.90	   16.20	        1953277	      16.16	      16.38	      16.80	      16.50	      -0.16	      -0.05	      -0.22	      -0.16	      -0.05	      -0.22	
 2015/01/29	   16.20	   16.20	   16.00	   16.01	        1004330	      16.06	      16.29	      16.72	      16.53	      -0.18	      -0.08	      -0.21	      -0.18	      -0.08	      -0.21	
 2015/01/30	   16.02	   16.15	   15.70	   15.73	        1012710	      16.04	      16.24	      16.57	      16.56	      -0.22	      -0.11	      -0.23	      -0.22	      -0.11	      -0.23	
 2015/02/02	   15.75	   16.19	   14.81	   16.18	        2313316	      16.04	      16.17	      16.50	      16.60	      -0.21	      -0.13	      -0.16	      -0.21	      -0.13	      -0.16	
 2015/02/03	   16.09	   16.28	   16.01	   16.25	        2159879	      16.07	      16.16	      16.45	      16.62	      -0.20	      -0.14	      -0.11	      -0.20	      -0.14	      -0.11	
 2015/02/04	   16.40	   16.60	   16.16	   16.26	        5159306	      16.09	      16.12	      16.41	      16.64	      -0.18	      -0.15	      -0.06	      -0.18	      -0.15	      -0.06	
 2015/02/05	   16.26	   16.29	   15.60	   15.64	        2381423	      16.01	      16.04	      16.34	      16.65	      -0.22	      -0.16	      -0.11	      -0.22	      -0.16	      -0.11	
 2015/02/06	   15.59	   15.59	   14.75	   14.84	        1812065	      15.83	      15.94	      16.24	      16.64	      -0.30	      -0.19	      -0.23	      -0.30	      -0.19	      -0.23	
 2015/02/09	   14.89	   14.89	   14.60	   14.72	         819651	      15.54	      15.79	      16.16	      16.61	      -0.38	      -0.23	      -0.30	      -0.38	      -0.23	      -0.30	
 2015/02/10	   14.72	   14.87	   14.42	   14.61	         990735	      15.21	      15.64	      16.05	      16.58	      -0.44	      -0.27	      -0.34	      -0.44	      -0.27	      -0.34	
 2015/02/11	   14.71	   14.95	   14.58	   14.95	         904270	      14.95	      15.52	      15.95	      16.53	      -0.46	      -0.31	      -0.30	      -0.46	      -0.31	      -0.30	
 2015/02/12	   14.95	   14.98	   14.76	   14.86	         773066	      14.80	      15.40	      15.85	      16.49	      -0.48	      -0.34	      -0.27	      -0.48	      -0.34	      -0.27	
 2015/02/13	   14.87	   15.20	   14.87	   15.14	        1120866	      14.86	      15.34	      15.79	      16.47	      -0.46	      -0.37	      -0.19	      -0.46	      -0.37	      -0.19	
 2015/02/16	   15.26	   15.33	   15.16	   15.27	         872074	      14.97	      15.25	      15.71	      16.45	      -0.43	      -0.38	      -0.11	      -0.43	      -0.38	      -0.11	
 2015/02/17	   15.32	   15.33	   15.18	   15.26	         812661	      15.10	      15.16	      15.66	      16.43	      -0.41	      -0.39	      -0.05	      -0.41	      -0.39	      -0.05	
 2015/02/25	   15.26	   15.45	   15.24	   15.42	        1034703	      15.19	      15.07	      15.60	      16.41	      -0.37	      -0.38	       0.02	      -0.37	      -0.38	       0.02	
 2015/02/26	   15.49	   15.50	   15.25	   15.44	         870962	      15.31	      15.05	      15.54	      16.40	      -0.34	      -0.37	       0.08	      -0.34	      -0.37	       0.08	
 2015/02/27	   15.34	   15.61	   15.34	   15.46	        1171127	      15.37	      15.11	      15.52	      16.39	      -0.30	      -0.36	       0.11	      -0.30	      -0.36	       0.11	
 2015/03/02	   15.60	   16.05	   15.47	   16.00	        2642054	      15.52	      15.24	      15.52	      16.38	      -0.23	      -0.33	       0.21	      -0.23	      -0.33	       0.21	
 2015/03/03	   15.99	   16.04	   15.81	   15.86	        1367516	      15.64	      15.37	      15.50	      16.37	      -0.18	      -0.30	       0.24	      -0.18	      -0.30	       0.24	
 2015/03/04	   15.81	   16.05	   15.81	   16.02	        1377704	      15.76	      15.47	      15.50	      16.37	      -0.13	      -0.27	       0.28	      -0.13	      -0.27	       0.28	
 2015/03/05	   16.02	   16.15	   15.93	   16.14	        2284812	      15.90	      15.60	      15.50	      16.38	      -0.08	      -0.23	       0.31	      -0.08	      -0.23	       0.31	
 2015/03/06	   17.75	   17.75	   16.63	   16.85	       10275039	      16.17	      15.77	      15.56	      16.39	       0.02	      -0.18	       0.40	       0.02	      -0.18	       0.40	
 2015/03/09	   16.68	   16.68	   16.00	   16.50	        4012771	      16.27	      15.89	      15.57	      16.39	       0.07	      -0.13	       0.40	       0.07	      -0.13	       0.40	
 2015/03/10	   16.78	   17.39	   16.65	   16.90	        4014229	      16.48	      16.06	      15.61	      16.39	       0.14	      -0.08	       0.43	       0.14	      -0.08	       0.43	
 2015/03/11	   16.80	   17.08	   16.52	   17.08	        2656264	      16.69	      16.23	      15.65	      16.39	       0.21	      -0.02	       0.45	       0.21	      -0.02	       0.45	
 2015/03/12	   17.04	   17.09	   16.65	   16.72	        2306242	      16.81	      16.35	      15.70	      16.39	       0.23	       0.03	       0.40	       0.23	       0.03	       0.40	
 2015/03/13	   16.76	   16.86	   16.65	   16.75	        1651042	      16.79	      16.48	      15.80	      16.38	       0.25	       0.07	       0.34	       0.25	       0.07	       0.34	
 2015/03/16	   16.85	   17.07	   16.74	   17.05	        2977704	      16.90	      16.59	      15.91	      16.38	       0.28	       0.11	       0.33	       0.28	       0.11	       0.33	
 2015/03/17	   17.06	   17.67	   16.86	   17.67	        9523391	      17.05	      16.77	      16.07	      16.39	       0.35	       0.16	       0.38	       0.35	       0.16	       0.38	
 2015/03/18	   17.49	   18.82	   17.38	   18.11	        7734149	      17.26	      16.98	      16.23	      16.42	       0.44	       0.22	       0.45	       0.44	       0.22	       0.45	
 2015/03/19	   18.03	   18.17	   17.73	   17.96	        4020998	      17.51	      17.16	      16.38	      16.43	       0.49	       0.27	       0.44	       0.49	       0.27	       0.44	
 2015/03/20	   17.96	   18.59	   17.92	   18.52	        5504718	      17.86	      17.33	      16.55	      16.46	       0.57	       0.33	       0.48	       0.57	       0.33	       0.48	
 2015/03/23	   18.60	   19.50	   18.53	   19.25	        6252699	      18.30	      17.60	      16.75	      16.50	       0.69	       0.40	       0.57	       0.69	       0.40	       0.57	
 2015/03/24	   19.24	   19.34	   18.08	   18.79	        6998315	      18.53	      17.79	      16.92	      16.53	       0.73	       0.47	       0.53	       0.73	       0.47	       0.53	
 2015/03/25	   18.75	   19.90	   18.50	   19.78	        7473442	      18.86	      18.06	      17.14	      16.59	       0.84	       0.54	       0.59	       0.84	       0.54	       0.59	
 2015/03/26	   19.63	   20.60	   19.35	   19.96	        5819276	      19.26	      18.38	      17.37	      16.64	       0.93	       0.62	       0.61	       0.93	       0.62	       0.61	
 2015/03/27	   20.11	   20.21	   19.39	   19.69	        3422146	      19.49	      18.68	      17.58	      16.69	       0.96	       0.69	       0.55	       0.96	       0.69	       0.55	
 2015/03/30	   20.00	   20.09	   19.15	   19.39	        4653372	      19.52	      18.91	      17.75	      16.73	       0.96	       0.74	       0.43	       0.96	       0.74	       0.43	
 2015/03/31	   19.43	   19.78	   19.22	   19.45	        3393938	      19.65	      19.09	      17.93	      16.77	       0.95	       0.78	       0.33	       0.95	       0.78	       0.33	
 2015/04/01	   19.70	   21.40	   19.70	   21.40	        8903984	      19.98	      19.42	      18.20	      16.83	       1.08	       0.84	       0.48	       1.08	       0.84	       0.48	
 2015/04/02	   21.90	   23.54	   21.75	   23.54	       13246504	      20.69	      19.98	      18.57	      16.93	       1.35	       0.94	       0.81	       1.35	       0.94	       0.81	
 2015/04/03	   23.80	   25.75	   22.91	   25.10	       10838125	      21.78	      20.63	      18.98	      17.04	       1.66	       1.09	       1.15	       1.66	       1.09	       1.15	
 2015/04/07	   25.60	   27.59	   24.72	   27.50	       14024617	      23.40	      21.46	      19.53	      17.20	       2.08	       1.29	       1.60	       2.08	       1.29	       1.60	
 2015/04/08	   27.87	   30.25	   27.87	   30.25	       11654300	      25.56	      22.61	      20.20	      17.42	       2.61	       1.55	       2.12	       2.61	       1.55	       2.12	
 2015/04/09	   31.00	   31.69	   27.61	   30.78	       12081000	      27.43	      23.71	      20.88	      17.65	       3.03	       1.85	       2.37	       3.03	       1.85	       2.37	
 2015/04/10	   29.97	   31.60	   29.62	   30.84	       10960489	      28.89	      24.79	      21.59	      17.88	       3.34	       2.15	       2.38	       3.34	       2.15	       2.38	
 2015/04/13	   30.80	   30.80	   28.57	   28.68	       13771475	      29.61	      25.69	      22.19	      18.07	       3.36	       2.39	       1.95	       3.36	       2.39	       1.95	
 2015/04/14	   14.10	   14.10	   13.39	   13.69	       20122472	      26.85	      25.12	      22.02	      18.03	       2.15	       2.34	      -0.38	       2.15	       2.34	      -0.38	
 2015/04/15	   13.56	   13.56	   12.50	   12.50	       15666350	      23.30	      24.43	      21.76	      17.96	       1.08	       2.09	      -2.02	       1.08	       2.09	      -2.02	
 2015/04/16	   12.04	   12.88	   11.95	   12.54	       11148360	      19.65	      23.54	      21.48	      17.89	       0.23	       1.72	      -2.97	       0.23	       1.72	      -2.97	
 2015/04/17	   12.58	   12.70	   12.41	   12.45	       10965248	      15.97	      22.43	      21.21	      17.81	      -0.44	       1.29	      -3.45	      -0.44	       1.29	      -3.45	
 2015/04/20	   12.38	   12.39	   11.95	   12.18	       10015997	      12.67	      21.14	      20.89	      17.74	      -0.99	       0.83	      -3.63	      -0.99	       0.83	      -3.63	
 2015/04/21	   12.15	   12.78	   12.03	   12.70	       10246816	      12.47	      19.66	      20.56	      17.67	      -1.36	       0.39	      -3.51	      -1.36	       0.39	      -3.51	
 2015/04/22	   12.74	   13.08	   12.58	   13.03	       13367428	      12.58	      17.94	      20.27	      17.62	      -1.61	      -0.01	      -3.21	      -1.61	      -0.01	      -3.21	
 2015/04/23	   13.04	   13.09	   12.70	   12.83	       11003394	      12.64	      16.14	      19.92	      17.55	      -1.81	      -0.37	      -2.88	      -1.81	      -0.37	      -2.88	
 2015/04/24	   12.51	   12.97	   12.41	   12.73	        6764757	      12.69	      14.33	      19.56	      17.49	      -1.94	      -0.68	      -2.52	      -1.94	      -0.68	      -2.52	
 2015/04/27	   12.79	   12.89	   12.50	   12.60	        7803473	      12.78	      12.73	      19.21	      17.44	      -2.04	      -0.95	      -2.18	      -2.04	      -0.95	      -2.18	
 2015/04/28	   12.60	   12.60	   12.00	   12.07	        7694250	      12.65	      12.56	      18.84	      17.37	      -2.14	      -1.19	      -1.89	      -2.14	      -1.19	      -1.89	
 2015/04/29	   12.00	   12.35	   11.78	   12.32	        5451972	      12.51	      12.54	      18.49	      17.31	      -2.17	      -1.39	      -1.56	      -2.17	      -1.39	      -1.56	
 2015/04/30	   12.30	   12.50	   12.28	   12.30	        4526501	      12.40	      12.52	      18.03	      17.24	      -2.17	      -1.54	      -1.25	      -2.17	      -1.54	      -1.25	
 2015/05/04	   12.28	   12.35	   12.13	   12.24	        4380588	      12.31	      12.50	      17.47	      17.18	      -2.15	      -1.66	      -0.97	      -2.15	      -1.66	      -0.97	
 2015/05/05	   12.26	   12.28	   11.88	   11.93	        4253961	      12.17	      12.48	      16.81	      17.12	      -2.13	      -1.76	      -0.75	      -2.13	      -1.76	      -0.75	
 2015/05/06	   11.92	   12.05	   11.50	   11.52	        4919344	      12.06	      12.36	      16.01	      17.04	      -2.13	      -1.83	      -0.60	      -2.13	      -1.83	      -0.60	
 2015/05/07	   11.52	   11.60	   10.90	   10.96	        5063806	      11.79	      12.15	      15.04	      16.95	      -2.15	      -1.90	      -0.51	      -2.15	      -1.90	      -0.51	
 2015/05/08	   11.28	   11.70	   11.09	   11.68	        5726549	      11.67	      12.03	      14.09	      16.87	      -2.08	      -1.93	      -0.30	      -2.08	      -1.93	      -0.30	
 2015/05/11	   12.07	   12.85	   12.07	   12.85	       15179836	      11.79	      12.05	      13.19	      16.83	      -1.91	      -1.93	       0.04	      -1.91	      -1.93	       0.04	
 2015/05/12	   13.70	   13.83	   13.25	   13.36	       32382046	      12.07	      12.12	      12.42	      16.80	      -1.72	      -1.89	       0.34	      -1.72	      -1.89	       0.34	
 2015/05/13	   12.82	   13.90	   12.81	   13.82	       20765196	      12.53	      12.30	      12.43	      16.79	      -1.51	      -1.81	       0.61	      -1.51	      -1.81	       0.61	
 2015/05/14	   13.83	   14.72	   13.83	   14.47	       20549628	      13.24	      12.51	      12.53	      16.78	      -1.27	      -1.70	       0.86	      -1.27	      -1.70	       0.86	
 2015/05/15	   14.45	   14.45	   13.62	   13.66	       12553627	      13.63	      12.65	      12.59	      16.76	      -1.14	      -1.59	       0.90	      -1.14	      -1.59	       0.90	
 2015/05/18	   13.39	   13.50	   12.89	   13.40	        9274008	      13.74	      12.76	      12.63	      16.74	      -1.04	      -1.48	       0.87	      -1.04	      -1.48	       0.87	
 2015/05/19	   13.36	   13.65	   13.15	   13.53	        9077026	      13.78	      12.93	      12.70	      16.71	      -0.95	      -1.37	       0.86	      -0.95	      -1.37	       0.86	
 2015/05/20	   13.53	   14.21	   13.53	   13.93	       14995773	      13.80	      13.17	      12.76	      16.69	      -0.83	      -1.26	       0.88	      -0.83	      -1.26	       0.88	
 2015/05/21	   14.20	   14.85	   13.70	   14.84	       22814688	      13.87	      13.55	      12.85	      16.68	      -0.65	      -1.14	       0.98	      -0.65	      -1.14	       0.98	
 2015/05/22	   15.11	   15.84	   15.11	   15.19	       33228116	      14.18	      13.91	      12.97	      16.68	      -0.48	      -1.01	       1.06	      -0.48	      -1.01	       1.06	
 2015/05/25	   15.00	   15.10	   14.00	   14.90	       21746744	      14.48	      14.11	      13.08	      16.67	      -0.36	      -0.88	       1.04	      -0.36	      -0.88	       1.04	
 2015/05/26	   14.89	   16.00	   14.71	   16.00	       25854964	      14.97	      14.37	      13.25	      16.68	      -0.18	      -0.74	       1.12	      -0.18	      -0.74	       1.12	
 2015/05/27	   16.35	   16.36	   15.41	   15.91	       23334634	      15.37	      14.58	      13.44	      16.68	      -0.04	      -0.60	       1.12	      -0.04	      -0.60	       1.12	
 2015/05/28	   15.75	   16.50	   14.32	   14.32	       20951816	      15.26	      14.57	      13.54	      16.65	      -0.05	      -0.49	       0.87	      -0.05	      -0.49	       0.87	
 2015/05/29	   14.32	   14.80	   12.90	   14.05	       14796355	      15.04	      14.61	      13.63	      16.62	      -0.09	      -0.41	       0.64	      -0.09	      -0.41	       0.64	
 2015/06/01	   14.07	   14.69	   13.80	   14.68	       11762756	      14.99	      14.74	      13.75	      16.59	      -0.07	      -0.34	       0.55	      -0.07	      -0.34	       0.55	
 2015/06/02	   14.78	   16.10	   14.49	   15.88	       16951704	      14.97	      14.97	      13.95	      16.58	       0.05	      -0.26	       0.63	       0.05	      -0.26	       0.63	
 2015/06/03	   15.77	   16.95	   15.08	   16.66	       25503996	      15.12	      15.24	      14.20	      16.58	       0.20	      -0.17	       0.74	       0.20	      -0.17	       0.74	
 2015/06/04	   16.66	   18.33	   15.74	   18.33	       37443628	      15.92	      15.59	      14.57	      16.61	       0.45	      -0.05	       0.99	       0.45	      -0.05	       0.99	
 2015/06/05	   18.63	   19.83	   17.80	   19.25	       33178040	      16.96	      16.00	      14.95	      16.64	       0.72	       0.11	       1.22	       0.72	       0.11	       1.22	
 2015/06/08	   19.10	   19.10	   17.99	   18.05	       20545308	      17.63	      16.31	      15.21	      16.66	       0.82	       0.25	       1.14	       0.82	       0.25	       1.14	
 2015/06/09	   17.88	   18.57	   17.20	   18.05	       14085598	      18.07	      16.52	      15.45	      16.69	       0.89	       0.38	       1.03	       0.89	       0.38	       1.03	
 2015/06/10	   17.80	   18.68	   17.21	   18.21	       12996477	      18.38	      16.75	      15.67	      16.70	       0.95	       0.49	       0.91	       0.95	       0.49	       0.91	
 2015/06/11	   18.21	   18.24	   17.59	   17.93	       11392725	      18.30	      17.11	      15.84	      16.71	       0.96	       0.59	       0.75	       0.96	       0.59	       0.75	
 2015/06/12	   17.80	   18.68	   17.80	   18.28	       12043787	      18.10	      17.53	      16.07	      16.71	       0.99	       0.67	       0.64	       0.99	       0.67	       0.64	
 2015/06/15	   18.36	   19.60	   18.18	   18.95	       20119104	      18.28	      17.96	      16.35	      16.73	       1.05	       0.74	       0.62	       1.05	       0.74	       0.62	
 2015/06/16	   18.61	   20.85	   18.28	   20.85	       30301664	      18.84	      18.46	      16.71	      16.77	       1.24	       0.84	       0.80	       1.24	       0.84	       0.80	
 2015/06/17	   21.00	   21.39	   19.50	   20.41	       23389230	      19.28	      18.83	      17.04	      16.79	       1.34	       0.94	       0.80	       1.34	       0.94	       0.80	
 2015/06/18	   20.00	   20.41	   18.37	   18.37	       18998348	      19.37	      18.84	      17.21	      16.78	       1.24	       1.00	       0.48	       1.24	       1.00	       0.48	
 2015/06/19	   17.44	   17.98	   16.53	   16.53	       11731095	      19.02	      18.56	      17.28	      16.73	       1.00	       1.00	      -0.00	       1.00	       1.00	      -0.00	
 2015/06/23	   15.44	   17.00	   14.88	   15.92	       12711711	      18.42	      18.35	      17.33	      16.66	       0.75	       0.95	      -0.40	       0.75	       0.95	      -0.40	
 2015/06/24	   16.13	   17.51	   16.02	   17.51	       20374096	      17.75	      18.30	      17.41	      16.62	       0.68	       0.90	      -0.44	       0.68	       0.90	      -0.44	
 2015/06/25	   17.80	   18.69	   17.33	   17.80	       17716824	      17.23	      18.26	      17.50	      16.60	       0.63	       0.84	      -0.42	       0.63	       0.84	      -0.42	
 2015/06/26	   17.44	   17.44	   16.02	   16.02	        8248941	      16.76	      18.06	      17.59	      16.54	       0.45	       0.76	      -0.63	       0.45	       0.76	      -0.63	
 2015/06/29	   16.24	   16.80	   14.42	   14.48	       13519883	      16.35	      17.68	      17.61	      16.42	       0.18	       0.65	      -0.94	       0.18	       0.65	      -0.94	
 2015/06/30	   14.40	   15.50	   13.03	   15.45	       13003181	      16.25	      17.33	      17.65	      16.29	       0.04	       0.53	      -0.97	       0.04	       0.53	      -0.97	
 2015/07/01	   15.36	   15.77	   13.91	   13.91	        9273526	      15.53	      16.64	      17.55	      16.10	      -0.19	       0.38	      -1.15	      -0.19	       0.38	      -1.15	
 2015/07/02	   13.52	   14.45	   12.52	   12.52	        7961863	      14.48	      15.85	      17.34	      15.85	      -0.48	       0.21	      -1.38	      -0.48	       0.21	      -1.38	
 2015/07/03	   11.27	   12.49	   11.27	   11.27	        6604071	      13.53	      15.14	      16.99	      15.54	      -0.80	       0.01	      -1.62	      -0.80	       0.01	      -1.62	
 2015/07/06	   12.28	   12.28	   10.14	   10.14	        9061445	      12.66	      14.50	      16.53	      15.19	      -1.14	      -0.22	      -1.83	      -1.14	      -0.22	      -1.83	
 2015/07/07	    9.13	    9.84	    9.13	    9.13	        1608800	      11.39	      13.82	      16.09	      14.83	      -1.46	      -0.47	      -1.99	      -1.46	      -0.47	      -1.99	
 2015/07/21	   10.04	   10.04	   10.04	   10.04	          79505	      10.62	      13.08	      15.69	      14.52	      -1.63	      -0.70	      -1.86	      -1.63	      -0.70	      -1.86	
 2015/07/22	   11.04	   11.04	   11.04	   11.04	         208800	      10.32	      12.40	      15.33	      14.47	      -1.67	      -0.89	      -1.54	      -1.67	      -0.89	      -1.54	
 2015/07/23	   12.14	   12.14	   12.14	   12.14	         426283	      10.50	      12.01	      15.04	      14.47	      -1.58	      -1.03	      -1.10	      -1.58	      -1.03	      -1.10	
 2015/07/24	   13.35	   13.35	   13.35	   13.35	        1884898	      11.14	      11.90	      14.79	      14.48	      -1.41	      -1.11	      -0.60	      -1.41	      -1.11	      -0.60	
 2015/07/27	   13.34	   13.35	   12.02	   12.02	       21464546	      11.72	      11.56	      14.45	      14.47	      -1.36	      -1.16	      -0.40	      -1.36	      -1.16	      -0.40	
 2015/07/28	   10.90	   12.20	   10.82	   11.05	       13944252	      11.92	      11.27	      13.95	      14.46	      -1.38	      -1.20	      -0.36	      -1.38	      -1.20	      -0.36	
 2015/07/29	   11.40	   12.16	   11.06	   12.16	       18336082	      12.14	      11.23	      13.54	      14.45	      -1.29	      -1.22	      -0.15	      -1.29	      -1.22	      -0.15	
 2015/07/30	   12.40	   12.88	   11.80	   11.80	       16563483	      12.08	      11.29	      13.21	      14.43	      -1.24	      -1.22	      -0.03	      -1.24	      -1.22	      -0.03	
 2015/07/31	   11.45	   12.39	   11.13	   11.95	       10974295	      11.80	      11.47	      12.98	      14.41	      -1.17	      -1.21	       0.08	      -1.17	      -1.21	       0.08	
 2015/08/03	   11.98	   11.98	   10.76	   10.76	        9359079	      11.54	      11.63	      12.73	      14.38	      -1.20	      -1.21	       0.02	      -1.20	      -1.21	       0.02	
 2015/08/04	   10.53	   11.55	   10.40	   11.45	        9598172	      11.62	      11.77	      12.42	      14.36	      -1.16	      -1.20	       0.09	      -1.16	      -1.20	       0.09	
 2015/08/05	   12.08	   12.45	   11.75	   12.01	       17772784	      11.59	      11.87	      12.13	      14.36	      -1.06	      -1.17	       0.22	      -1.06	      -1.17	       0.22	
 2015/08/06	   11.31	   12.99	   11.30	   12.50	       16203812	      11.73	      11.91	      11.96	      14.36	      -0.94	      -1.13	       0.38	      -0.94	      -1.13	       0.38	
 2015/08/07	   12.68	   12.89	   12.40	   12.55	       14491456	      11.85	      11.82	      11.86	      14.37	      -0.82	      -1.06	       0.48	      -0.82	      -1.06	       0.48	
 2015/08/10	   12.62	   13.42	   12.41	   13.15	       13532136	      12.33	      11.94	      11.75	      14.38	      -0.68	      -0.99	       0.62	      -0.68	      -0.99	       0.62	
 2015/08/11	   13.02	   13.70	   13.02	   13.35	       14257480	      12.71	      12.17	      11.72	      14.40	      -0.54	      -0.90	       0.72	      -0.54	      -0.90	       0.72	
 2015/08/12	   13.02	   13.40	   12.80	   12.85	        8634192	      12.88	      12.24	      11.74	      14.43	      -0.47	      -0.81	       0.69	      -0.47	      -0.81	       0.69	
 2015/08/13	   12.52	   13.08	   12.50	   13.08	        6944690	      13.00	      12.36	      11.83	      14.46	      -0.38	      -0.73	       0.68	      -0.38	      -0.73	       0.68	
 2015/08/14	   13.25	   13.45	   13.04	   13.20	        8525311	      13.13	      12.49	      11.98	      14.49	      -0.31	      -0.64	       0.67	      -0.31	      -0.64	       0.67	
 2015/08/17	   13.01	   14.25	   13.01	   14.22	       12875700	      13.34	      12.84	      12.23	      14.51	      -0.16	      -0.55	       0.77	      -0.16	      -0.55	       0.77	
 2015/08/18	   14.22	   14.86	   12.80	   12.89	       15824758	      13.25	      12.98	      12.38	      14.50	      -0.15	      -0.47	       0.63	      -0.15	      -0.47	       0.63	
 2015/08/19	   12.65	   13.70	   12.00	   13.61	       10184408	      13.40	      13.14	      12.50	      14.50	      -0.08	      -0.39	       0.61	      -0.08	      -0.39	       0.61	
 2015/09/21	   12.25	   12.25	   12.25	   12.25	         671300	      13.23	      13.11	      12.51	      14.46	      -0.14	      -0.34	       0.40	      -0.14	      -0.34	       0.40	
 2015/09/22	   11.03	   11.03	   11.03	   11.03	        2053100	      12.80	      12.96	      12.39	      14.42	      -0.28	      -0.33	       0.10	      -0.28	      -0.33	       0.10	
 2015/09/23	   10.34	   11.03	   10.29	   10.50	       14801003	      12.06	      12.70	      12.32	      14.37	      -0.42	      -0.35	      -0.16	      -0.42	      -0.35	      -0.16	
 2015/09/24	   10.30	   10.83	   10.13	   10.83	       10926986	      11.64	      12.45	      12.31	      14.32	      -0.51	      -0.38	      -0.26	      -0.51	      -0.38	      -0.26	
 2015/09/25	   10.56	   10.68	   10.00	   10.06	        7056002	      10.93	      12.17	      12.20	      14.26	      -0.63	      -0.43	      -0.40	      -0.63	      -0.43	      -0.40	
 2015/09/28	   10.20	   10.31	    9.84	   10.15	        3931973	      10.51	      11.87	      12.12	      14.18	      -0.71	      -0.49	      -0.45	      -0.71	      -0.49	      -0.45	
 2015/09/29	   10.05	   10.05	    9.51	    9.63	        4818089	      10.23	      11.52	      12.00	      14.09	      -0.81	      -0.55	      -0.52	      -0.81	      -0.55	      -0.52	
 2015/09/30	    9.71	    9.93	    9.70	    9.80	        3390488	      10.09	      11.07	      11.96	      14.00	      -0.86	      -0.61	      -0.50	      -0.86	      -0.61	      -0.50	
 2015/10/08	    9.97	   10.41	    9.96	   10.41	        6234983	      10.01	      10.83	      11.90	      13.91	      -0.85	      -0.66	      -0.37	      -0.85	      -0.66	      -0.37	
 2015/10/09	   10.26	   10.40	   10.16	   10.30	        5025467	      10.06	      10.50	      11.82	      13.82	      -0.83	      -0.69	      -0.28	      -0.83	      -0.69	      -0.28	
 2015/10/12	   10.35	   10.98	   10.33	   10.91	        9598979	      10.21	      10.36	      11.74	      13.76	      -0.76	      -0.71	      -0.11	      -0.76	      -0.71	      -0.11	
 2015/10/13	   10.85	   11.18	   10.70	   11.02	        7577645	      10.49	      10.36	      11.66	      13.71	      -0.69	      -0.70	       0.03	      -0.69	      -0.70	       0.03	
 2015/10/14	   11.02	   11.03	   10.60	   10.67	        6276890	      10.66	      10.38	      11.54	      13.64	      -0.66	      -0.69	       0.08	      -0.66	      -0.69	       0.08	
 2015/10/15	   10.52	   10.97	   10.50	   10.91	        5581056	      10.76	      10.39	      11.42	      13.56	      -0.60	      -0.68	       0.15	      -0.60	      -0.68	       0.15	
 2015/10/16	   10.99	   11.30	   10.95	   11.25	        8336687	      10.95	      10.51	      11.34	      13.47	      -0.52	      -0.65	       0.24	      -0.52	      -0.65	       0.24	
 2015/10/19	   11.25	   11.75	   11.15	   11.33	        9677359	      11.04	      10.62	      11.25	      13.35	      -0.45	      -0.61	       0.31	      -0.45	      -0.61	       0.31	
 2015/10/20	   11.30	   12.38	   11.06	   12.19	       10752513	      11.27	      10.88	      11.20	      13.24	      -0.32	      -0.55	       0.46	      -0.32	      -0.55	       0.46	
 2015/10/21	   12.00	   12.10	   10.97	   10.97	       10493940	      11.33	      11.00	      11.04	      13.12	      -0.31	      -0.50	       0.38	      -0.31	      -0.50	       0.38	
 2015/10/22	   10.97	   11.50	   10.66	   11.48	        6959940	      11.44	      11.10	      10.96	      13.01	      -0.26	      -0.45	       0.39	      -0.26	      -0.45	       0.39	
 2015/10/23	   11.46	   12.35	   11.45	   12.12	       10842020	      11.62	      11.29	      10.89	      12.91	      -0.17	      -0.40	       0.46	      -0.17	      -0.40	       0.46	
 2016/04/21	   13.28	   13.28	   13.28	   13.28	        2888411	      12.01	      11.52	      10.94	      12.83	       0.00	      -0.32	       0.64	       0.00	      -0.32	       0.64	
 2016/04/22	   14.61	   14.61	   14.61	   14.61	         924924	      12.49	      11.88	      11.12	      12.77	       0.24	      -0.21	       0.89	       0.24	      -0.21	       0.89	
 2016/04/25	   14.90	   15.88	   14.01	   14.12	       30069984	      13.12	      12.23	      11.30	      12.69	       0.38	      -0.09	       0.94	       0.38	      -0.09	       0.94	
 2016/04/26	   13.70	   14.49	   13.52	   14.40	       16513158	      13.71	      12.57	      11.48	      12.58	       0.52	       0.03	       0.96	       0.52	       0.03	       0.96	
 2016/04/27	   14.35	   14.35	   13.50	   13.72	       14977673	      14.03	      12.82	      11.66	      12.47	       0.56	       0.14	       0.84	       0.56	       0.14	       0.84	
 2016/04/28	   13.60	   13.78	   13.04	   13.15	       14732745	      14.00	      13.00	      11.81	      12.38	       0.54	       0.22	       0.64	       0.54	       0.22	       0.64	
 2016/04/29	   13.20	   13.23	   12.60	   12.65	       18437636	      13.61	      13.05	      11.96	      12.32	       0.48	       0.27	       0.42	       0.48	       0.27	       0.42	
 2016/05/03	   12.84	   13.15	   12.68	   13.10	       14303791	      13.40	      13.26	      12.13	      12.27	       0.46	       0.31	       0.31	       0.46	       0.31	       0.31	
 2016/05/04	   13.15	   13.29	   12.90	   12.99	       10537795	      13.12	      13.41	      12.26	      12.20	       0.43	       0.33	       0.20	       0.43	       0.33	       0.20	
 2016/05/05	   13.10	   13.32	   12.92	   13.25	        9902639	      13.03	      13.53	      12.41	      12.12	       0.43	       0.35	       0.15	       0.43	       0.35	       0.15	
 2016/05/06	   13.35	   13.46	   12.20	   12.20	       13592660	      12.84	      13.42	      12.47	      12.06	       0.34	       0.35	      -0.03	       0.34	       0.35	      -0.03	
 2016/05/09	   11.80	   11.80	   10.98	   10.98	       10498563	      12.50	      13.06	      12.47	      12.00	       0.16	       0.31	      -0.30	       0.16	       0.31	      -0.30	
 2016/05/10	   10.83	   11.24	   10.80	   11.02	        5751750	      12.09	      12.75	      12.49	      11.92	       0.03	       0.26	      -0.46	       0.03	       0.26	      -0.46	
 2016/05/11	   11.10	   11.19	   10.40	   10.80	        7648161	      11.65	      12.39	      12.48	      11.87	      -0.10	       0.18	      -0.56	      -0.10	       0.18	      -0.56	
 2016/05/12	   10.59	   10.59	   10.12	   10.53	        5757116	      11.11	      12.07	      12.44	      11.84	      -0.21	       0.10	      -0.64	      -0.21	       0.10	      -0.64	
 2016/05/13	   10.42	   10.96	   10.40	   10.67	        7774243	      10.80	      11.82	      12.41	      11.83	      -0.29	       0.03	      -0.64	      -0.29	       0.03	      -0.64	
 2016/05/16	   10.79	   11.18	   10.56	   11.05	        5662020	      10.81	      11.66	      12.35	      11.84	      -0.32	      -0.04	      -0.55	      -0.32	      -0.04	      -0.55	
 2016/05/17	   11.05	   11.43	   10.92	   11.11	        6791836	      10.83	      11.46	      12.36	      11.88	      -0.33	      -0.10	      -0.46	      -0.33	      -0.10	      -0.46	
 2016/05/18	   10.78	   10.78	   10.20	   10.47	        6107714	      10.77	      11.21	      12.31	      11.88	      -0.39	      -0.16	      -0.46	      -0.39	      -0.16	      -0.46	
 2016/05/19	   10.32	   10.71	   10.32	   10.48	        3670512	      10.76	      10.93	      12.23	      11.87	      -0.43	      -0.21	      -0.43	      -0.43	      -0.21	      -0.43	
 2016/05/20	   10.37	   10.67	   10.03	   10.65	        3699343	      10.75	      10.78	      12.10	      11.85	      -0.44	      -0.26	      -0.37	      -0.44	      -0.26	      -0.37	
 2016/05/23	   10.65	   11.20	   10.60	   11.03	        6806691	      10.75	      10.78	      11.92	      11.81	      -0.42	      -0.29	      -0.25	      -0.42	      -0.29	      -0.25	
 2016/05/24	   10.88	   10.95	   10.65	   10.70	        5592175	      10.67	      10.75	      11.75	      11.79	      -0.42	      -0.32	      -0.21	      -0.42	      -0.32	      -0.21	
 2016/05/25	   10.80	   10.95	   10.53	   10.61	        3908832	      10.69	      10.73	      11.56	      11.78	      -0.42	      -0.34	      -0.17	      -0.42	      -0.34	      -0.17	
 2016/05/26	   10.59	   11.05	   10.31	   10.95	        6909730	      10.79	      10.77	      11.42	      11.76	      -0.39	      -0.35	      -0.09	      -0.39	      -0.35	      -0.09	
 2016/05/27	   10.97	   11.98	   10.92	   11.57	       10894740	      10.97	      10.86	      11.34	      11.76	      -0.32	      -0.34	       0.05	      -0.32	      -0.34	       0.05	
 2016/05/30	   11.48	   12.70	   11.32	   12.69	       13193595	      11.30	      11.03	      11.34	      11.77	      -0.16	      -0.31	       0.29	      -0.16	      -0.31	       0.29	
 2016/05/31	   12.58	   12.98	   12.35	   12.91	       16978988	      11.75	      11.21	      11.33	      11.81	      -0.03	      -0.25	       0.45	      -0.03	      -0.25	       0.45	
 2016/06/01	   12.80	   12.95	   12.53	   12.75	       11633707	      12.17	      11.43	      11.32	      11.83	       0.07	      -0.19	       0.52	       0.07	      -0.19	       0.52	
 2016/06/02	   12.80	   13.08	   12.70	   12.90	        9052637	      12.56	      11.68	      11.30	      11.84	       0.16	      -0.12	       0.55	       0.16	      -0.12	       0.55	
 2016/06/03	   12.99	   13.00	   12.34	   12.60	        7643047	      12.77	      11.87	      11.32	      11.84	       0.20	      -0.05	       0.51	       0.20	      -0.05	       0.51	
 2016/06/06	   12.60	   12.75	   12.40	   12.68	        5661814	      12.77	      12.04	      11.41	      11.85	       0.24	       0.00	       0.47	       0.24	       0.00	       0.47	
 2016/06/07	   12.72	   12.77	   12.48	   12.52	        3915300	      12.69	      12.22	      11.48	      11.84	       0.25	       0.05	       0.40	       0.25	       0.05	       0.40	
 2016/06/08	   12.54	   13.68	   12.48	   13.50	       13333608	      12.84	      12.51	      11.62	      11.84	       0.34	       0.11	       0.45	       0.34	       0.11	       0.45	
 2016/06/13	   13.08	   13.88	   12.66	   12.76	       15877561	      12.81	      12.69	      11.73	      11.84	       0.34	       0.16	       0.37	       0.34	       0.16	       0.37	
 2016/06/14	   12.70	   13.27	   12.55	   12.99	        8091512	      12.89	      12.83	      11.85	      11.84	       0.36	       0.20	       0.33	       0.36	       0.20	       0.33	
 2016/06/15	   12.90	   14.06	   12.89	   13.85	       11586493	      13.12	      12.95	      11.99	      11.85	       0.44	       0.25	       0.39	       0.44	       0.25	       0.39	
 2016/06/16	   13.60	   13.97	   13.55	   13.96	        7677138	      13.41	      13.05	      12.13	      11.84	       0.50	       0.30	       0.41	       0.50	       0.30	       0.41	
 2016/06/17	   13.96	   14.19	   13.70	   13.77	        6868214	      13.47	      13.15	      12.29	      11.86	       0.53	       0.34	       0.38	       0.53	       0.34	       0.38	
 2016/06/20	   13.44	   13.46	   12.42	   13.09	        7919230	      13.53	      13.17	      12.42	      11.85	       0.50	       0.38	       0.24	       0.50	       0.38	       0.24	
 2016/06/21	   13.47	   13.60	   12.60	   12.68	       10119747	      13.47	      13.18	      12.53	      11.86	       0.43	       0.39	       0.09	       0.43	       0.39	       0.09	
 2016/06/22	   12.81	   12.83	   12.10	   12.57	        8872242	      13.21	      13.17	      12.60	      11.88	       0.36	       0.38	      -0.04	       0.36	       0.38	      -0.04	
 2016/06/23	   12.49	   12.68	   12.16	   12.45	        6340489	      12.91	      13.16	      12.69	      11.91	       0.30	       0.37	      -0.13	       0.30	       0.37	      -0.13	
 2016/06/24	   12.40	   13.60	   12.11	   13.36	       11407978	      12.83	      13.15	      12.83	      11.96	       0.32	       0.36	      -0.08	       0.32	       0.36	      -0.08	
 2016/06/27	   13.01	   13.50	   12.90	   13.30	        9711069	      12.87	      13.20	      12.94	      12.01	       0.32	       0.35	      -0.05	       0.32	       0.35	      -0.05	
 2016/06/28	   13.25	   13.28	   12.88	   13.09	        8057846	      12.95	      13.21	      13.02	      12.06	       0.31	       0.34	      -0.07	       0.31	       0.34	      -0.07	
 2016/06/29	   13.20	   13.27	   12.93	   13.00	        5357321	      13.04	      13.13	      13.04	      12.11	       0.28	       0.33	      -0.09	       0.28	       0.33	      -0.09	
 2016/06/30	   12.99	   13.11	   12.84	   12.88	        4543128	      13.13	      13.02	      13.04	      12.17	       0.25	       0.31	      -0.12	       0.25	       0.31	      -0.12	
 2016/07/01	   12.85	   13.10	   12.76	   12.99	        5748447	      13.05	      12.94	      13.05	      12.21	       0.23	       0.30	      -0.13	       0.23	       0.30	      -0.13	
 2016/07/04	   13.00	   13.25	   12.90	   13.10	        7760833	      13.01	      12.94	      13.06	      12.26	       0.23	       0.28	      -0.12	       0.23	       0.28	      -0.12	
 2016/07/05	   13.10	   13.15	   12.80	   12.93	        8513125	      12.98	      12.97	      13.07	      12.29	       0.20	       0.27	      -0.13	       0.20	       0.27	      -0.13	
 2016/07/06	   12.84	   12.93	   12.66	   12.78	        5113614	      12.94	      12.99	      13.08	      12.32	       0.17	       0.25	      -0.15	       0.17	       0.25	      -0.15	
 2016/07/07	   12.80	   13.06	   12.74	   13.01	        7369128	      12.96	      13.04	      13.10	      12.36	       0.16	       0.23	      -0.14	       0.16	       0.23	      -0.14	
 2016/07/08	   13.00	   13.05	   12.78	   12.78	        5270451	      12.92	      12.99	      13.07	      12.39	       0.13	       0.21	      -0.15	       0.13	       0.21	      -0.15	
 2016/07/11	   12.71	   12.84	   12.68	   12.70	        3929753	      12.84	      12.93	      13.06	      12.41	       0.11	       0.19	      -0.17	       0.11	       0.19	      -0.17	
 2016/07/12	   12.68	   12.84	   12.45	   12.74	        4131472	      12.80	      12.89	      13.05	      12.44	       0.09	       0.17	      -0.17	       0.09	       0.17	      -0.17	
 2016/07/13	   12.78	   13.47	   12.74	   13.35	       10768427	      12.92	      12.93	      13.03	      12.46	       0.12	       0.16	      -0.08	       0.12	       0.16	      -0.08	
 2016/07/14	   13.30	   13.31	   13.10	   13.22	        5989484	      12.96	      12.96	      12.99	      12.49	       0.13	       0.15	      -0.05	       0.13	       0.15	      -0.05	
 2016/07/15	   13.16	   13.27	   12.86	   12.95	        6143760	      12.99	      12.96	      12.95	      12.52	       0.12	       0.15	      -0.06	       0.12	       0.15	      -0.06	
 2016/07/18	   12.94	   13.28	   12.91	   13.27	        7642056	      13.11	      12.97	      12.96	      12.54	       0.13	       0.14	      -0.02	       0.13	       0.14	      -0.02	
 2016/07/19	   13.27	   13.30	   13.05	   13.14	        4331531	      13.19	      12.99	      12.98	      12.53	       0.13	       0.14	      -0.02	       0.13	       0.14	      -0.02	
 2016/07/20	   13.14	   13.76	   13.06	   13.66	       12276969	      13.25	      13.08	      13.03	      12.52	       0.17	       0.15	       0.05	       0.17	       0.15	       0.05	
 2016/07/21	   13.75	   13.80	   13.35	   13.52	        9861816	      13.31	      13.13	      13.09	      12.51	       0.19	       0.15	       0.07	       0.19	       0.15	       0.07	
 2016/07/22	   13.52	   13.58	   13.24	   13.27	        5622788	      13.37	      13.18	      13.08	      12.49	       0.18	       0.16	       0.04	       0.18	       0.16	       0.04	
 2016/07/25	   13.20	   13.47	   13.09	   13.27	        4404154	      13.37	      13.24	      13.08	      12.48	       0.17	       0.16	       0.02	       0.17	       0.16	       0.02	
 2016/07/26	   13.28	   13.42	   13.20	   13.39	        4261588	      13.42	      13.30	      13.10	      12.49	       0.17	       0.16	       0.02	       0.17	       0.16	       0.02	
 2016/07/27	   13.45	   13.45	   12.49	   12.50	        8121500	      13.19	      13.22	      13.07	      12.48	       0.10	       0.15	      -0.10	       0.10	       0.15	      -0.10	
 2016/07/28	   12.50	   12.63	   12.07	   12.11	        5660877	      12.91	      13.11	      13.03	      12.47	       0.01	       0.12	      -0.22	       0.01	       0.12	      -0.22	
 2016/07/29	   12.15	   12.36	   12.11	   12.31	        4643820	      12.72	      13.04	      13.00	      12.46	      -0.04	       0.09	      -0.27	      -0.04	       0.09	      -0.27	
 2016/08/01	   12.21	   12.21	   11.65	   11.69	        4440440	      12.40	      12.89	      12.93	      12.43	      -0.13	       0.04	      -0.36	      -0.13	       0.04	      -0.36	
 2016/08/02	   11.64	   11.95	   11.64	   11.86	        2848076	      12.09	      12.76	      12.88	      12.42	      -0.19	      -0.00	      -0.38	      -0.19	      -0.00	      -0.38	
 2016/08/03	   11.92	   12.17	   11.81	   12.05	        3041991	      12.00	      12.60	      12.84	      12.44	      -0.22	      -0.05	      -0.34	      -0.22	      -0.05	      -0.34	
 2016/08/04	   12.15	   13.26	   11.96	   13.26	       10987642	      12.23	      12.57	      12.85	      12.48	      -0.14	      -0.06	      -0.15	      -0.14	      -0.06	      -0.15	
 2016/08/05	   12.85	   13.59	   12.60	   12.74	       16168203	      12.32	      12.52	      12.85	      12.51	      -0.12	      -0.08	      -0.09	      -0.12	      -0.08	      -0.09	
 2016/08/08	   12.68	   12.75	   12.13	   12.44	       10890300	      12.47	      12.44	      12.84	      12.54	      -0.12	      -0.08	      -0.08	      -0.12	      -0.08	      -0.08	
 2016/08/09	   12.44	   12.53	   12.31	   12.45	        7827363	      12.59	      12.34	      12.82	      12.57	      -0.13	      -0.09	      -0.07	      -0.13	      -0.09	      -0.07	
 2016/08/10	   12.44	   12.46	   12.08	   12.10	        7249226	      12.60	      12.30	      12.76	      12.59	      -0.15	      -0.11	      -0.10	      -0.15	      -0.11	      -0.10	
 2016/08/11	   12.12	   12.35	   11.95	   12.24	        6274909	      12.39	      12.31	      12.71	      12.61	      -0.16	      -0.12	      -0.09	      -0.16	      -0.12	      -0.09	
 2016/08/12	   12.22	   12.25	   12.05	   12.18	        3371498	      12.28	      12.30	      12.67	      12.64	      -0.17	      -0.13	      -0.09	      -0.17	      -0.13	      -0.09	
 2016/08/15	   12.17	   12.40	   12.03	   12.32	        5525953	      12.26	      12.36	      12.63	      12.67	      -0.17	      -0.14	      -0.06	      -0.17	      -0.14	      -0.06	
 2016/08/16	   12.33	   12.57	   12.25	   12.42	        6551005	      12.25	      12.42	      12.59	      12.70	      -0.16	      -0.14	      -0.03	      -0.16	      -0.14	      -0.03	
 2016/08/17	   12.43	   12.97	   12.40	   12.81	       11405410	      12.39	      12.50	      12.55	      12.73	      -0.11	      -0.13	       0.05	      -0.11	      -0.13	       0.05	
 2016/08/18	   12.74	   12.87	   12.55	   12.66	        7109133	      12.48	      12.44	      12.50	      12.76	      -0.09	      -0.13	       0.07	      -0.09	      -0.13	       0.07	
 2016/08/19	   12.61	   12.82	   12.50	   12.79	        6106833	      12.60	      12.44	      12.48	      12.80	      -0.06	      -0.11	       0.11	      -0.06	      -0.11	       0.11	
 2016/08/22	   12.70	   13.08	   12.66	   12.74	        6330739	      12.68	      12.47	      12.45	      12.83	      -0.04	      -0.10	       0.12	      -0.04	      -0.10	       0.12	
 2016/08/23	   12.70	   13.80	   12.65	   13.74	       22307876	      12.95	      12.60	      12.47	      12.86	       0.06	      -0.07	       0.25	       0.06	      -0.07	       0.25	
 2016/08/24	   13.60	   14.67	   13.51	   13.64	       31605136	      13.11	      12.75	      12.53	      12.88	       0.12	      -0.03	       0.30	       0.12	      -0.03	       0.30	
 2016/08/25	   13.32	   14.16	   13.00	   14.10	       18566242	      13.40	      12.94	      12.63	      12.90	       0.21	       0.02	       0.38	       0.21	       0.02	       0.38	
 2016/08/26	   13.85	   14.75	   13.85	   14.20	       18100756	      13.68	      13.14	      12.72	      12.92	       0.29	       0.07	       0.43	       0.29	       0.07	       0.43	
 2016/08/29	   14.16	   14.53	   13.72	   14.49	       12697288	      14.03	      13.36	      12.86	      12.95	       0.36	       0.13	       0.47	       0.36	       0.13	       0.47	
 2016/08/30	   14.29	   14.65	   13.96	   14.06	       10308708	      14.10	      13.52	      12.97	      12.97	       0.39	       0.18	       0.41	       0.39	       0.18	       0.41	
 2016/08/31	   14.18	   14.18	   13.73	   14.04	        6685827	      14.18	      13.65	      13.07	      13.00	       0.40	       0.23	       0.35	       0.40	       0.23	       0.35	
 2016/09/01	   14.00	   14.43	   13.85	   14.21	        9258215	      14.20	      13.80	      13.12	      13.02	       0.42	       0.26	       0.31	       0.42	       0.26	       0.31	
 2016/09/02	   14.25	   14.26	   13.80	   13.93	        5768589	      14.15	      13.91	      13.18	      13.03	       0.40	       0.29	       0.22	       0.40	       0.29	       0.22	
 2016/09/05	   13.92	   14.02	   13.61	   13.72	        5288468	      13.99	      14.01	      13.24	      13.05	       0.37	       0.31	       0.13	       0.37	       0.31	       0.13	
 2016/09/06	   13.80	   13.95	   13.40	   13.84	        6410286	      13.95	      14.02	      13.31	      13.06	       0.35	       0.32	       0.07	       0.35	       0.32	       0.07	
 2016/09/07	   13.91	   14.20	   13.56	   13.60	        7588724	      13.86	      14.02	      13.39	      13.06	       0.31	       0.32	      -0.00	       0.31	       0.32	      -0.00	
 2016/09/08	   13.60	   13.95	   13.52	   13.84	        5315722	      13.79	      13.99	      13.47	      13.06	       0.30	       0.31	      -0.03	       0.30	       0.31	      -0.03	
 2016/09/09	   13.65	   13.80	   13.35	   13.39	        6127581	      13.68	      13.91	      13.53	      13.05	       0.25	       0.30	      -0.10	       0.25	       0.30	      -0.10	
 2016/09/12	   12.50	   13.05	   12.47	   12.91	        7438171	      13.52	      13.75	      13.56	      13.05	       0.17	       0.27	      -0.21	       0.17	       0.27	      -0.21	
 2016/09/13	   12.88	   13.19	   12.76	   13.05	        3954263	      13.36	      13.65	      13.59	      13.05	       0.11	       0.24	      -0.26	       0.11	       0.24	      -0.26	
 2016/09/14	   12.92	   13.10	   12.71	   12.90	        2570927	      13.22	      13.54	      13.59	      13.06	       0.06	       0.21	      -0.29	       0.06	       0.21	      -0.29	
 2016/09/19	   12.80	   13.49	   12.70	   13.43	        3925447	      13.14	      13.46	      13.63	      13.07	       0.06	       0.18	      -0.24	       0.06	       0.18	      -0.24	
 2016/09/20	   13.42	   13.63	   13.28	   13.42	        3359626	      13.14	      13.41	      13.66	      13.08	       0.05	       0.15	      -0.19	       0.05	       0.15	      -0.19	
 2016/09/21	   13.42	   13.85	   13.30	   13.63	        4131388	      13.29	      13.40	      13.71	      13.08	       0.07	       0.13	      -0.13	       0.07	       0.13	      -0.13	
 2016/09/22	   13.68	   13.80	   13.55	   13.67	        2528799	      13.41	      13.38	      13.70	      13.09	       0.08	       0.12	      -0.09	       0.08	       0.12	      -0.09	
 2016/09/23	   13.67	   14.08	   13.60	   13.90	        5157785	      13.61	      13.41	      13.72	      13.11	       0.11	       0.12	      -0.02	       0.11	       0.12	      -0.02	
 2016/09/26	   13.80	   14.10	   13.32	   13.50	        4584846	      13.62	      13.38	      13.69	      13.12	       0.10	       0.12	      -0.04	       0.10	       0.12	      -0.04	
 2016/09/27	   13.50	   14.20	   13.36	   14.07	        6635809	      13.75	      13.45	      13.68	      13.13	       0.13	       0.12	       0.03	       0.13	       0.12	       0.03	
 2016/09/28	   14.08	   14.24	   13.81	   14.00	        4062394	      13.83	      13.56	      13.66	      13.15	       0.15	       0.13	       0.05	       0.15	       0.13	       0.05	
 2016/09/29	   14.10	   14.10	   13.74	   13.77	        3443447	      13.85	      13.63	      13.64	      13.16	       0.15	       0.13	       0.04	       0.15	       0.13	       0.04	
 2016/09/30	   13.86	   14.22	   13.82	   13.99	        4111381	      13.87	      13.74	      13.64	      13.18	       0.16	       0.14	       0.05	       0.16	       0.14	       0.05	
 2016/10/10	   14.07	   14.31	   13.82	   14.29	        5912091	      14.02	      13.82	      13.64	      13.20	       0.19	       0.15	       0.09	       0.19	       0.15	       0.09	
 2016/10/11	   14.31	   14.70	   14.16	   14.64	        8999302	      14.14	      13.95	      13.68	      13.24	       0.25	       0.17	       0.15	       0.25	       0.17	       0.15	
 2016/10/12	   14.50	   14.78	   14.32	   14.45	        4418531	      14.23	      14.03	      13.71	      13.26	       0.27	       0.19	       0.16	       0.27	       0.19	       0.16	
 2016/10/13	   14.43	   14.85	   14.10	   14.63	        6094133	      14.40	      14.12	      13.75	      13.30	       0.30	       0.21	       0.17	       0.30	       0.21	       0.17	
 2016/10/14	   14.51	   15.08	   14.51	   14.66	        7176619	      14.53	      14.20	      13.81	      13.32	       0.32	       0.23	       0.17	       0.32	       0.23	       0.17	
 2016/10/17	   14.69	   14.91	   14.35	   14.75	        6157671	      14.63	      14.32	      13.85	      13.34	       0.34	       0.25	       0.17	       0.34	       0.25	       0.17	
 2016/10/18	   14.64	   14.86	   14.37	   14.55	        8505330	      14.61	      14.37	      13.91	      13.37	       0.33	       0.27	       0.13	       0.33	       0.27	       0.13	
 2016/10/19	   14.60	   14.62	   14.14	   14.23	        6067934	      14.56	      14.40	      13.98	      13.39	       0.30	       0.28	       0.05	       0.30	       0.28	       0.05	
 2016/10/20	   14.17	   14.39	   14.16	   14.22	        3544602	      14.48	      14.44	      14.03	      13.40	       0.27	       0.27	      -0.01	       0.27	       0.27	      -0.01	
 2016/10/21	   14.31	   14.80	   14.15	   14.28	        5686730	      14.41	      14.47	      14.10	      13.41	       0.25	       0.27	      -0.04	       0.25	       0.27	      -0.04	
 2016/10/24	   14.29	   14.80	   14.19	   14.64	        9588081	      14.38	      14.50	      14.16	      13.43	       0.26	       0.27	      -0.02	       0.26	       0.27	      -0.02	
数据来源:通达信
