sz002849	-1165	-1292	0	0	0	0	26002	28.600000	31.370000
sz002847	-308	0	0	0	0	0	11848	26.800000	27.380000
sh600518	-8726	-6307	-7177	-8030	0	0	153721	20.950000	21.600000
sh600993	-2294	-416	2691	1298	0	0	41600	20.170000	20.460000
sh603129	-467	0	0	0	0	0	7176	25.260000	25.880000
sh600233	-490	-588	0	0	0	0	14645	16.880000	17.130000
sh600690	5348	-1540	4946	-10084	-16774	-1314	624155	18.390000	18.960000
sh600516	70795	77817	67380	68960	55418	9172	866747	24.690000	26.160000
sz002620	-776	-159	0	0	0	0	25100	9.820000	10.020000
sz300599	-981	-664	0	0	0	0	10378	12.020000	12.270000
sh600629	-967	-748	0	0	0	0	4941	15.520000	15.810000
sh600196	-3090	-1868	3790	2413	0	0	162474	42.230000	44.040000
sh601111	-29025	-18900	-11522	-23942	-6991	-4988	363124	10.510000	11.220000
sh603757	-143	-200	0	0	0	0	5309	57.300000	58.300000
sh603167	4145	2796	-1027	0	0	0	36051	11.570000	11.780000
sh600606	-8105	-10618	-8919	-12097	-7289	0	182449	7.090000	7.160000
sh603466	-397	-395	0	0	0	0	22401	53.080000	54.900000
sh600565	-33439	-29549	-20919	-12766	-5666	0	139958	3.990000	4.070000
sz002889	-1039	-626	0	0	0	0	18640	26.030000	26.880000
sz002301	3742	1188	-992	0	0	0	50334	17.560000	18.100000
sz002891	-255	0	0	0	0	0	8763	35.430000	36.560000
sz000055	2031	213	344	0	0	0	41175	6.120000	6.190000
sz300136	-114	1481	927	2060	0	0	168371	50.250000	52.880000
sz002087	83491	80483	81739	88234	76394	45617	376869	5.960000	6.230000
sz002088	-2663	-2486	0	0	0	0	19853	12.850000	13.030000
sz002155	8708	794	4900	843	1172	0	219616	9.150000	9.420000
sh600122	2281	3780	11115	12130	2318	0	73469	9.590000	9.840000
sz002016	-16484	-11376	-5475	-3603	1505	0	223379	10.300000	11.090000
sz002394	-158	1123	1703	1703	0	0	21131	12.050000	12.140000
sh603289	2405	2585	590	0	0	0	55312	16.380000	17.470000
sh600260	-1749	-1887	-578	0	0	0	45960	28.850000	29.890000
sh600266	-14197	-9032	-12234	-6582	-10577	-4394	101405	13.980000	14.240000
sz300615	-1448	0	0	0	0	0	12969	30.010000	31.680000
sz300619	188	614	0	0	0	0	19601	43.540000	44.970000
sz002271	575	536	0	0	0	0	30936	35.650000	36.820000
sz002572	6712	5787	2226	347	0	0	112862	34.180000	35.830000
sh603603	43	0	0	0	0	0	14589	36.030000	36.730000
sz000429	4896	3904	-181	0	0	0	32299	7.840000	7.940000
sh600007	321	235	0	0	0	0	7956	16.810000	17.180000
sh603127	-295	0	0	0	0	0	10671	50.120000	51.960000
sz002875	-29	0	0	0	0	0	5400	26.520000	27.120000
sz002872	8	-200	0	0	0	0	6107	29.800000	30.350000
sz002878	105	0	0	0	0	0	8793	34.800000	35.520000
sz000959	12077	4024	2352	-174	-2174	0	104347	5.890000	6.020000
sz000952	-3145	-3566	-606	0	0	0	37313	14.000000	14.350000
sh600090	-4596	-3522	-700	0	0	0	23476	8.210000	8.380000
sh600308	-5542	4993	5177	4232	2732	0	75898	6.280000	6.380000
sz002881	-418	293	0	0	0	0	22093	28.820000	30.160000
sz002880	0	0	0	0	0	0	5440	53.510000	54.750000
sz002883	0	0	0	0	0	0	7686	40.510000	42.950000
sh603113	6548	4763	755	0	0	0	46577	21.970000	22.790000
sz002884	144	0	0	0	0	0	4821	51.280000	51.930000
sz000002	-28913	-26558	-14658	-3543	594	0	539106	28.060000	29.260000
sz002873	0	0	0	0	0	0	3530	40.750000	41.500000
sh600648	4141	2962	1938	1938	0	0	17848	17.710000	18.160000
sh603507	554	351	0	0	0	0	30689	38.500000	40.450000
sh600167	11117	12086	10531	6001	4000	0	42351	26.500000	29.050000
sz002901	-1678	173	0	0	0	0	48008	34.530000	36.200000
sz002902	3181	2000	2040	0	0	0	94280	39.150000	42.000000
sh600487	-13770	-9260	-1284	1086	2238	0	298858	39.530000	41.760000
sz000756	6412	4761	4899	2000	0	0	97128	14.590000	15.210000
sz300632	-882	0	0	0	0	0	8415	21.200000	21.690000
sz300269	-2162	-642	-727	-145	0	0	62594	13.100000	13.380000
sz300118	-557	1234	0	0	0	0	30725	12.280000	12.460000
sh601928	-3721	-2788	-500	0	0	0	32934	8.240000	8.370000
sz000501	-11134	-10217	-5605	1178	0	0	111580	15.960000	16.650000
sz002057	-7815	-6220	-3875	0	0	0	33656	12.690000	13.080000
sh600415	-20840	-18693	-15774	-13067	-7835	0	119921	6.110000	6.220000
sh601669	-17607	-13898	-10261	-12736	-162	0	132661	7.230000	7.420000
sh601666	165420	160409	141461	104767	54722	31633	717307	5.710000	6.160000
sh600684	-1025	-742	-162	0	0	0	21862	5.920000	5.980000
sz300658	-80	-280	0	0	0	0	4531	29.800000	30.370000
sz300655	5	0	0	0	0	0	11202	28.300000	29.230000
sz300652	256	0	0	0	0	0	6744	26.920000	27.340000
sz300651	100	0	0	0	0	0	2529	33.220000	33.970000
sz002900	190	93	0	0	0	0	17351	27.120000	27.940000
sh603233	145	-305	0	0	0	0	14281	47.120000	48.860000
sh603725	-1760	-482	588	0	0	0	31770	19.560000	20.210000
sh603721	-563	576	0	0	0	0	10849	27.150000	28.650000
sh603728	-1106	-497	0	0	0	0	9305	22.010000	22.600000
sh600293	-4705	-3423	-1130	0	0	0	26280	7.900000	8.020000
sz000786	-14551	-8797	-6975	-4024	0	0	276898	20.580000	21.390000
sh603801	568	371	0	0	0	0	9542	50.040000	52.300000
sh600295	3265	3251	4501	-1601	0	0	264218	14.010000	14.720000
sh603305	-1732	-226	0	0	0	0	28363	37.810000	40.450000
sh600848	442	113	0	0	0	0	29608	22.840000	23.480000
sh600073	-13880	-10088	-7601	-5596	0	0	71808	8.130000	8.340000
sh601888	-4764	-4443	-2497	-1101	0	0	66924	41.880000	43.120000
sh600459	-1504	-243	-1037	-1117	0	0	29317	21.720000	22.040000
sh603496	-111	0	0	0	0	0	6970	33.340000	34.450000
sz002317	-5153	-347	-155	0	0	0	62123	12.370000	12.680000
sz002645	-6	580	0	0	0	0	13862	18.950000	19.440000
sh603989	-1160	-511	0	0	0	0	9613	35.700000	37.190000
sh603578	344	0	0	0	0	0	7860	29.530000	30.180000
sh600681	-1648	-1529	-1477	0	0	0	21419	13.350000	13.850000
sh600887	63195	74814	42995	24907	16817	9441	743319	31.060000	32.200000
sh601225	16734	35341	77537	62029	52785	102927	1140156	7.930000	8.240000
sh600708	-4202	-3570	-451	0	0	0	38790	6.760000	6.850000
sh603688	-3445	-1624	1409	2486	0	0	53903	15.120000	16.700000
sh600701	-14868	-9959	-1632	0	0	0	61532	10.320000	10.650000
sz002008	-12457	-10586	-5653	2460	2460	0	202076	51.050000	53.550000
sh603803	-232	0	0	0	0	0	7860	18.150000	18.530000
sz002001	19297	10847	10473	10262	11707	9658	435674	33.700000	35.860000
sz000548	2546	2521	3556	2529	2529	0	56047	6.200000	6.380000
sh603076	-310	0	0	0	0	0	7791	33.700000	34.800000
sz002042	40288	35496	32695	16720	12398	0	187056	12.510000	13.010000
sh603813	-1069	191	0	0	0	0	13840	27.800000	28.740000
sz300625	-1273	-800	0	0	0	0	9809	24.820000	25.250000
sz300620	-553	0	0	0	0	0	13002	37.500000	39.000000
sz002493	-1680	382	3520	-1798	-2433	0	242757	13.850000	14.350000
sh603617	371	886	0	0	0	0	19501	21.700000	22.980000
sz002501	-6680	-7488	-6402	-2156	0	0	80873	9.820000	10.040000
sz002462	-410	0	0	0	0	0	10528	27.700000	28.750000
sh603776	-3326	-2347	-1932	-1249	0	0	6442	63.170000	63.170000
sz002867	490	0	0	0	0	0	10837	27.080000	27.390000
sz002866	-542	0	0	0	0	0	10269	35.660000	36.400000
sz002860	-611	289	0	0	0	0	14555	40.200000	41.890000
sz002868	-214	0	0	0	0	0	3937	23.380000	23.680000
sz000923	-555	690	1480	0	0	0	66611	23.430000	23.960000
sh603106	-1309	-762	743	0	0	0	49677	22.500000	23.730000
sz002910	-6456	-3745	-1035	1842	0	0	87687	17.450000	18.170000
sz002603	-3925	-2906	-439	-2000	0	0	38208	15.330000	15.590000
sz300373	-8375	-7195	-3549	-905	0	0	146706	25.840000	27.330000
sz000722	-1303	-1713	-922	-1093	0	0	31293	8.980000	9.120000
sz000513	-5422	-2655	549	0	0	0	68234	66.200000	69.020000
sz002320	-8415	-5036	-3788	-2000	0	0	48707	20.250000	20.970000
sh603881	3043	4050	4468	3114	0	0	149866	51.190000	54.300000
sz300054	-18759	-12852	-8201	-5144	2318	0	233339	11.950000	12.560000
sz300119	-964	-608	0	0	0	0	15723	11.780000	11.970000
sz300665	-33	934	0	0	0	0	26804	26.420000	28.200000
sz300701	-72	0	0	0	0	0	13789	35.260000	36.540000
sz300705	-1190	155	0	0	0	0	17357	23.710000	24.450000
sz300707	-326	389	0	0	0	0	21054	43.630000	45.120000
sh603717	-1645	-808	0	0	0	0	19248	26.700000	27.480000
sz002427	14569	14580	4623	1818	-529	0	111773	32.200000	33.620000
sh603326	100	0	0	0	0	0	5035	18.260000	18.600000
sh603081	-178	-812	526	0	0	0	57811	26.510000	29.200000
sh600367	-9502	-6033	-4065	0	0	0	50370	11.110000	11.490000
sh600362	38080	38228	40092	28752	19668	6047	304780	17.290000	17.690000
sh600282	41571	34593	14438	4842	14283	17305	544583	4.780000	4.920000
sh603200	-510	0	0	0	0	0	4478	38.010000	39.240000
sh603517	14	247	0	0	0	0	8860	39.900000	41.750000
sh603880	-21	0	0	0	0	0	6115	24.260000	24.960000
sz002558	521	-251	0	0	0	0	33811	36.310000	37.400000
sh603665	-107	0	0	0	0	0	1340	30.420000	30.870000
sz000672	-17466	-10517	-5001	-2033	-472	4460	516126	9.730000	10.400000
sz000676	-733	-974	0	0	0	0	24988	11.200000	11.490000
sz300231	46811	26085	7357	10169	-9249	-775	719410	13.340000	13.960000
sz300689	266	0	0	0	0	0	15369	40.910000	42.920000
sz000601	1521	2283	-1008	0	0	0	35995	7.060000	7.280000
sz300687	405	0	0	0	0	0	11384	46.350000	48.000000
sh600782	-11342	-23863	-7779	-19572	2441	7745	662980	6.080000	6.310000
sh600661	167	-706	-171	0	0	0	36917	22.810000	23.730000
sh600547	-5607	-6369	-3750	-4583	0	0	152391	30.310000	30.950000
sz000895	-2665	-392	-4206	2	0	0	98428	26.060000	26.680000
sh603331	-27	0	0	0	0	0	6166	18.730000	19.030000
sh600529	-304	-400	0	0	0	0	13387	19.620000	19.900000
sh601001	41764	36467	26419	26153	5532	0	189398	5.780000	6.050000
sh601238	-8282	-7411	-3308	-610	-2086	0	54842	23.900000	24.140000
sz002627	36	0	0	0	0	0	6392	18.180000	18.540000
sh603367	-2249	-827	0	0	0	0	27318	17.530000	18.100000
sz300038	21075	14477	11001	10303	8821	0	284400	49.180000	50.510000
sz002370	-1930	-1227	0	0	0	0	11010	14.700000	14.970000
sh603043	-613	0	0	0	0	0	7121	19.280000	19.540000
sz300639	3316	2725	522	0	0	0	72874	67.150000	70.600000
sz300635	4665	2340	1195	1195	0	0	62763	18.840000	19.690000
sz300637	38	-202	0	0	0	0	10200	18.940000	20.700000
sz002859	-605	-1116	0	0	0	0	18213	33.720000	34.650000
sz002851	186	0	0	0	0	0	6330	35.500000	36.470000
sh603825	-1892	-670	0	0	0	0	12423	28.520000	29.700000
sz000666	1536	176	1001	0	0	0	26626	20.000000	20.460000
sz000858	-36148	-37979	-6875	-420	-3685	-2436	779367	74.800000	77.080000
sh603360	-787	-628	-628	0	0	0	6269	21.180000	21.580000
sh603138	7128	4476	2214	1368	0	0	119540	44.180000	48.700000
sh603139	0	0	0	0	0	0	3707	24.140000	24.550000
sz002206	-8443	-4516	-4965	-3718	0	0	91596	5.970000	6.160000
sh600509	2719	2732	-125	-1847	0	0	30415	6.650000	6.730000
sh600051	-5089	-3601	-560	0	0	0	21270	9.250000	9.440000
sh603926	-251	0	0	0	0	0	5459	26.000000	26.250000
sz300365	-208	0	0	0	0	0	8020	32.000000	33.710000
sh600029	-27816	-21604	-10612	-24013	-20700	-9222	607939	10.570000	11.150000
sz000732	5094	5180	4422	1602	0	0	27728	16.380000	16.520000
sh601127	1088	481	0	0	0	0	19765	20.470000	20.800000
sh600325	-31772	-23390	-18485	-14262	-7230	0	135076	6.950000	7.110000
sz000985	540	239	0	0	0	0	8676	19.540000	20.050000
sz000568	4330	1775	-176	-1151	0	0	168395	65.690000	68.000000
sh603557	-876	-573	0	0	0	0	14474	14.440000	14.870000
sz300514	-1086	0	0	0	0	0	15408	26.860000	27.930000
sh603380	-346	0	0	0	0	0	5767	19.520000	19.820000
sh603385	-1150	-508	0	0	0	0	13940	22.500000	23.030000
sh603387	-1200	-352	0	0	0	0	15661	56.020000	59.070000
sh603388	-537	0	0	0	0	0	12807	17.050000	17.800000
sz002092	-10513	-6736	561	-653	425	0	187458	13.380000	13.730000
sz300102	-4250	-794	-5782	-177	9771	0	374040	9.620000	9.850000
sz300677	441	1760	601	0	0	0	33830	50.600000	52.800000
sh603316	150	0	0	0	0	0	6049	13.340000	13.640000
sz002384	1489	-5021	-3412	-984	0	0	84919	27.470000	28.940000
sz002899	411	-200	0	0	0	0	8248	26.500000	26.870000
sz300031	-7464	-6345	-2275	0	0	0	18553	16.070000	16.290000
sz300602	-101	-390	0	0	0	0	9264	51.560000	56.270000
sz300607	1632	715	0	0	0	0	10814	63.300000	65.550000
sz300609	-575	136	528	0	0	0	27106	36.740000	38.500000
sh601699	131533	136918	144491	130667	90073	38367	876116	9.560000	10.340000
sh603896	769	0	0	0	0	0	15848	49.990000	51.960000
sz002242	5884	6264	3229	0	0	0	47219	16.840000	17.340000
sz002668	-1518	-96	0	0	0	0	22419	18.900000	19.340000
sh600019	-7409	17102	37414	47146	52522	32704	576839	8.180000	8.400000
sh600383	-16885	-9706	-7766	-2206	0	0	134997	11.350000	11.540000
sz300327	-8008	-4470	-1498	0	0	0	71800	29.500000	30.960000
sz300693	234	0	0	0	0	0	11519	34.700000	35.470000
sh600650	-121	-445	0	0	0	0	11668	14.750000	14.960000
sz002746	8081	4654	1118	0	0	0	54821	24.100000	25.250000
sz000798	3094	-67	0	0	0	0	17391	8.430000	8.600000
sh601633	1601	2662	-726	-1002	0	0	45495	11.670000	11.870000
sz002597	7457	6600	4233	3311	0	0	97675	23.500000	24.200000
sh603421	182	0	0	0	0	0	3518	25.730000	26.240000
sh603357	-1357	-301	0	0	0	0	29156	21.250000	21.970000
sh603055	-1174	-689	0	0	0	0	22636	15.410000	15.910000
sz002061	1275	3491	4642	695	0	0	95820	14.500000	15.110000
sz002696	350	592	0	0	0	0	7265	18.850000	19.200000
sz002690	-1781	-1630	517	0	0	0	34854	19.150000	19.590000
sh603906	-205	0	0	0	0	0	5438	14.800000	15.060000
sz002448	-1374	-323	0	0	0	0	30457	9.120000	9.270000
sz300647	-318	0	0	0	0	0	5184	18.650000	19.130000
sz300640	0	0	0	0	0	0	3800	25.120000	25.560000
sz300720	-133	53	0	0	0	0	28079	29.020000	30.150000
sh603286	-871	-859	-859	0	0	0	9754	34.510000	35.440000
sh600004	-25189	-21885	-268	1350	0	0	112395	14.330000	14.710000
sz002285	22617	4181	736	22394	22064	12807	1380596	11.470000	12.790000
