sz002849	-318	-436	0	0	0	0	6220	28.330000	29.390000
sz002847	-1576	-251	0	0	0	0	12264	26.100000	27.000000
sh600518	10991	5214	2007	1476	0	0	113515	21.360000	21.790000
sh600993	-4392	-3399	-814	0	0	0	31828	20.580000	20.830000
sh603129	-698	-245	0	0	0	0	6613	25.150000	25.890000
sh600233	-2187	-2123	-1149	-1149	0	0	14355	16.910000	17.070000
sh600690	29094	28679	26029	9419	16320	9385	582198	18.950000	19.670000
sh600516	-91982	-85454	-66747	-59007	-24323	-12504	588884	25.110000	25.980000
sz002620	-6576	-5299	-1545	-1000	0	0	31045	9.580000	10.040000
sz300599	-273	1	0	0	0	0	9462	11.870000	12.220000
sh600629	-246	0	0	0	0	0	4032	15.500000	15.810000
sh600196	-21919	-19322	-8977	-724	0	0	198901	43.750000	44.760000
sh601111	96644	99526	88157	68872	59706	23557	919158	11.590000	12.550000
sh603757	0	0	0	0	0	0	6948	58.230000	59.380000
sh603167	4331	4447	1539	1009	0	0	31561	11.560000	11.770000
sh600606	31261	19791	-8052	-15358	-19760	-19382	801835	6.970000	7.140000
sh603466	-3594	-1004	0	0	0	0	32829	50.830000	53.450000
sh600565	-27016	-25756	-27562	-25933	-16999	-12733	194828	3.960000	4.080000
sz002889	1167	516	0	0	0	0	15043	26.400000	26.980000
sz002301	200	121	-1450	-2000	-2000	0	24396	18.010000	18.270000
sz002891	732	554	0	0	0	0	7890	34.200000	35.200000
sz000055	-18826	-19757	-11441	-4068	-2282	0	68426	6.030000	6.200000
sz300136	-5684	-5759	-3939	-2050	0	0	106128	51.720000	54.270000
sz002087	-10807	-9323	-8506	-4779	0	0	54350	6.080000	6.160000
sz002088	-304	-372	0	0	0	0	14373	13.080000	13.330000
sz002155	-14681	-11142	-6572	-1772	3010	0	97080	9.080000	9.270000
sh600122	22397	21201	21690	20799	17156	15005	65148	9.600000	9.700000
sz002016	-23177	-16181	-9889	-7589	-2500	0	100661	10.080000	10.380000
sz002394	-3020	-2200	-1061	0	0	0	19048	12.090000	12.200000
sh603289	1337	1808	829	-1008	0	0	72585	17.160000	18.080000
sh600260	-11991	-8233	-4338	-1293	0	0	60055	28.120000	29.260000
sh600266	-69713	-68062	-59032	-35281	-17295	0	164768	13.320000	14.000000
sz300615	940	130	-604	0	0	0	25889	32.290000	33.970000
sz300619	194	296	0	0	0	0	11569	42.730000	44.410000
sz002271	-1331	-443	-800	0	0	0	30023	36.000000	36.940000
sz002572	6892	-1396	-1240	0	0	0	87790	36.590000	37.380000
sh603603	-1309	-776	0	0	0	0	19335	34.900000	36.360000
sz000429	8294	5125	8946	6087	0	0	49932	7.940000	8.060000
sh600007	-255	-253	0	0	0	0	3027	16.920000	17.170000
sh603127	-246	-265	-500	0	0	0	14124	49.160000	52.900000
sz002875	-1266	-563	0	0	0	0	5127	26.520000	26.900000
sz002872	-2271	-1698	-798	0	0	0	8758	29.510000	30.160000
sz002878	-208	-216	0	0	0	0	6908	34.500000	35.520000
sz000959	-5797	-5905	-4880	-3620	0	0	51044	5.880000	5.980000
sz000952	6227	3600	633	0	0	0	36762	14.110000	14.430000
sh600090	10823	11161	11429	10384	10384	7218	50245	8.190000	8.420000
sh600308	-16379	-5615	-301	619	4117	4117	89911	6.410000	6.550000
sz002881	-2943	-1639	0	0	0	0	21933	30.340000	31.380000
sz002880	-609	0	0	0	0	0	5674	52.590000	54.240000
sz002883	0	0	0	0	0	0	3845	41.330000	42.870000
sh603113	-2109	-846	-709	0	0	0	20594	22.000000	22.650000
sz002884	-239	-239	0	0	0	0	4787	50.680000	52.130000
sz000002	-27936	-31833	-31390	-21377	-14968	-8225	328916	28.530000	29.090000
sz002873	-1931	-921	0	0	0	0	10796	38.600000	41.630000
sh600648	355	-173	0	0	0	0	8105	17.800000	18.000000
sh603507	-690	0	0	0	0	0	19360	38.520000	39.690000
sh600167	1505	1000	610	0	0	0	25324	26.790000	27.350000
sz002901	369	1080	0	0	0	0	17374	33.900000	35.290000
sz002902	-2749	-822	947	0	0	0	52744	39.500000	40.950000
sh600487	-9361	-11028	-3239	520	861	0	206492	40.980000	41.840000
sz000756	-8768	-6366	-2507	0	0	0	29909	14.480000	15.000000
sz300632	-1137	-730	-530	0	0	0	6726	21.310000	21.770000
sz300269	-1719	3104	6048	4840	4147	0	85713	12.660000	13.260000
sz300118	-2081	-1171	-1300	0	0	0	33952	12.300000	12.560000
sh601928	-5096	-3835	-1934	0	0	0	27342	8.230000	8.280000
sz000501	978	1303	500	0	0	0	42910	16.030000	16.360000
sz002057	-2963	-2151	-1339	0	0	0	22490	12.880000	13.190000
sh600415	-40322	-35730	-31202	-29535	-30808	-13073	131892	6.030000	6.130000
sh601669	7739	16835	19901	16629	1681	0	147884	7.270000	7.370000
sh601666	-27854	-21591	-15600	-23925	-9035	-4887	406837	6.000000	6.180000
sh600684	-17562	-15575	-8916	-2979	2026	0	43254	5.910000	6.050000
sz300658	-256	0	0	0	0	0	3183	29.250000	30.150000
sz300655	-64	0	0	0	0	0	7090	28.510000	29.330000
sz300652	-667	0	0	0	0	0	5740	26.820000	27.430000
sz300651	1108	750	0	0	0	0	2863	33.500000	33.880000
sz002900	-367	0	0	0	0	0	14214	27.530000	27.850000
sh603233	-225	-219	0	0	0	0	10052	48.200000	49.790000
sh603725	-2155	-578	0	0	0	0	37523	19.860000	20.920000
sh603721	2788	2450	684	0	0	0	17189	25.900000	27.520000
sh603728	-2589	-1077	0	0	0	0	15106	21.700000	22.230000
sh600293	-4399	-1780	2139	2154	0	0	42790	7.700000	7.900000
sz000786	-31548	-24550	-12031	-8041	2094	0	192569	20.800000	21.580000
sh603801	415	200	0	0	0	0	9844	52.200000	53.350000
sh600295	-23246	-21720	-7884	-5723	0	0	189513	13.700000	14.440000
sh603305	-2437	-1116	0	0	0	0	17066	38.010000	39.080000
sh600848	-116	478	-252	0	0	0	43366	23.200000	23.960000
sh600073	-22896	-18553	-13924	-7020	-2000	0	87156	8.210000	8.430000
sh601888	863	3324	4009	2427	2427	0	82462	42.780000	44.280000
sh600459	-6392	-4582	-1950	0	0	0	30520	21.410000	21.970000
sh603496	-200	-200	0	0	0	0	6445	33.820000	34.680000
sz002317	-14317	-9061	-8646	-3120	0	0	65553	12.630000	12.860000
sz002645	-1294	-387	542	0	0	0	15096	18.390000	19.230000
sh603989	-752	-238	0	0	0	0	6636	36.020000	36.510000
sh603578	168	0	0	0	0	0	9010	30.490000	31.190000
sh600681	2725	813	-576	0	0	0	54853	13.600000	14.050000
sh600887	103585	102191	93931	65250	61378	29257	941980	32.060000	33.350000
sh601225	-76900	-70073	-69039	-67802	-38600	-19647	746539	7.970000	8.280000
sh600708	-10007	-7452	-3861	1415	0	0	44635	6.740000	6.910000
sh603688	-858	-81	-229	0	0	0	33952	15.180000	15.820000
sh600701	-7524	-5046	-3379	-2000	0	0	51076	10.190000	10.500000
sz002008	-10899	-7860	-5371	-7356	-2509	0	152631	51.300000	52.810000
sh603803	-892	-692	0	0	0	0	11977	17.830000	18.390000
sz002001	-7486	-2789	2505	-2642	-1777	-1533	251609	35.810000	36.940000
sz000548	2491	2798	2057	2014	0	0	37459	6.280000	6.440000
sh603076	133	270	0	0	0	0	8857	33.160000	34.770000
sz002042	14752	13702	13802	7684	4990	4990	116364	12.700000	13.010000
sh603813	-2327	-1215	-711	0	0	0	21028	28.030000	29.020000
sz300625	-1837	-987	0	0	0	0	9950	24.610000	25.180000
sz300620	131	258	0	0	0	0	6073	37.900000	38.720000
sz002493	25556	28549	24092	20147	17106	10708	313833	14.420000	15.110000
sh603617	-1239	-293	0	0	0	0	17175	23.500000	24.190000
sz002501	4939	1995	2293	218	0	0	74575	9.940000	10.230000
sz002462	-445	0	0	0	0	0	6389	27.190000	27.950000
sh603776	-1280	238	1212	1212	0	0	35105	61.610000	64.370000
sz002867	-620	0	0	0	0	0	9005	26.630000	27.400000
sz002866	242	-262	0	0	0	0	13497	34.350000	35.970000
sz002860	221	616	616	0	0	0	8096	40.150000	41.180000
sz002868	-100	0	0	0	0	0	3383	23.350000	23.880000
sz000923	-1798	-420	0	0	0	0	33213	23.150000	23.850000
sh603106	-4518	-360	3733	5128	3579	0	82087	23.770000	24.300000
sz002910	-6269	-4182	-372	-1634	0	0	68304	17.600000	18.230000
sz002603	-1161	-1419	-331	0	0	0	16651	15.480000	15.650000
sz300373	-2164	-2065	-1036	0	0	0	51454	27.000000	27.710000
sz000722	-1419	-1111	0	0	0	0	14422	8.890000	9.070000
sz000513	-658	191	0	0	0	0	33527	67.350000	68.330000
sz002320	-3778	-2894	-913	0	0	0	33289	20.650000	21.070000
sh603881	-3030	-2046	1430	1342	0	0	77423	49.610000	51.080000
sz300054	18226	17564	15763	12520	15643	19143	261132	12.050000	12.720000
sz300119	-934	71	469	1369	0	0	11679	11.510000	11.850000
sz300665	-296	44	73	0	0	0	34818	27.350000	29.190000
sz300701	240	351	631	0	0	0	26754	36.740000	38.300000
sz300705	-1296	-771	0	0	0	0	12087	23.610000	24.500000
sz300707	-1467	-797	0	0	0	0	14212	42.460000	44.190000
sh603717	-1630	-513	0	0	0	0	16702	26.680000	27.260000
sz002427	-6059	-3304	-2224	0	0	0	49566	33.470000	34.500000
sh603326	-563	-265	0	0	0	0	8840	18.670000	19.020000
sh603081	4426	4192	4054	1477	0	0	39049	27.710000	28.860000
sh600367	-8308	-4489	-1542	0	0	0	44056	10.950000	11.310000
sh600362	-29130	-30514	-22324	-12308	-1834	-4000	229050	17.190000	17.730000
sh600282	-159809	-141332	-87708	-66686	-62582	-41343	725633	4.670000	4.860000
sh603200	-263	-263	0	0	0	0	3660	37.810000	39.050000
sh603517	-42	211	0	0	0	0	6966	40.210000	41.290000
sh603880	71	214	0	0	0	0	7602	24.550000	25.160000
sz002558	-4889	-2828	-501	0	0	0	23868	36.410000	37.600000
sh603665	-206	0	0	0	0	0	2220	30.800000	31.130000
sz000672	-2916	-348	-6605	1604	5863	0	262686	9.500000	10.040000
sz000676	-1122	-634	0	0	0	0	27540	11.530000	11.840000
sz300231	24004	16666	15769	-1315	-3043	-8831	425566	12.910000	13.380000
sz300689	70	277	0	0	0	0	11055	41.310000	43.180000
sz000601	6529	7551	7800	6800	4000	4000	23390	7.120000	7.250000
sz300687	-1080	-545	0	0	0	0	9060	45.000000	47.350000
sh600782	-55882	-55748	-45437	-34487	-13632	-10643	625321	5.860000	6.150000
sh600661	1087	577	0	0	0	0	17081	23.490000	24.000000
sh600547	-12459	-7081	-3145	-2960	0	0	106040	29.870000	30.500000
sz000895	2770	5862	6006	5866	0	0	130003	26.850000	27.630000
sh603331	-346	0	0	0	0	0	6287	18.600000	19.050000
sh600529	-55	-420	0	0	0	0	12601	20.050000	20.400000
sh601001	-10998	-7041	-3384	847	0	0	98397	5.880000	6.040000
sh601238	2880	3879	7611	5848	0	0	49381	23.780000	24.030000
sz002627	-376	-217	0	0	0	0	4039	18.180000	18.380000
sh603367	-4719	-1471	-511	0	0	0	29876	17.630000	18.140000
sz300038	-1350	-304	-274	-1225	-2455	0	107409	48.330000	49.590000
sz002370	566	636	0	0	0	0	10861	14.450000	14.920000
sh603043	-1260	0	0	0	0	0	13007	19.000000	19.480000
sz300639	232	-372	-683	0	0	0	30604	68.260000	70.860000
sz300635	-938	42	931	1648	0	0	31140	18.920000	19.810000
sz300637	-100	0	0	0	0	0	2632	20.360000	20.660000
sz002859	-744	0	0	0	0	0	8814	33.780000	34.500000
sz002851	125	200	0	0	0	0	3120	35.700000	36.300000
sh603825	-477	-209	0	0	0	0	4695	28.520000	29.110000
sz000666	72	504	0	0	0	0	20565	20.320000	20.510000
sz000858	33116	30264	16034	7535	8456	5897	340911	78.050000	81.680000
sh603360	0	0	0	0	0	0	3938	21.180000	21.580000
sh603138	-1772	-167	112	0	0	0	85722	45.610000	47.490000
sh603139	119	0	0	0	0	0	3429	24.230000	24.690000
sz002206	13111	10804	5893	7116	2002	0	92294	5.910000	6.130000
sh600509	631	-1471	146	2412	0	0	64505	6.720000	6.850000
sh600051	1818	1981	506	0	0	0	20726	9.280000	9.420000
sh603926	-250	0	0	0	0	0	5285	26.040000	26.470000
sz300365	1	0	0	0	0	0	4058	32.040000	33.000000
sh600029	106195	109234	116454	95364	75835	61144	1151676	11.180000	11.910000
sz000732	3872	4344	2942	2254	0	0	23993	16.030000	16.570000
sh601127	-2416	-1777	-1036	0	0	0	17134	20.560000	20.920000
sh600325	-13765	-9757	-1138	1165	3523	0	122210	7.020000	7.170000
sz000985	-777	-312	0	0	0	0	6370	19.680000	20.170000
sz000568	11892	10058	5091	1944	2171	0	129962	65.910000	69.000000
sh603557	-1612	-1256	0	0	0	0	14179	14.350000	14.820000
sz300514	-513	-321	0	0	0	0	12741	27.600000	28.400000
sh603380	-929	-114	0	0	0	0	17060	19.900000	20.500000
sh603385	-1662	-1527	-504	0	0	0	16600	22.480000	23.070000
sh603387	-468	0	0	0	0	0	12928	57.810000	59.090000
sh603388	80	425	0	0	0	0	11730	17.100000	17.600000
sz002092	-66931	-63940	-47511	-28703	-10304	-9339	307034	13.000000	13.600000
sz300102	-32340	-28756	-14149	-11719	-3804	0	322751	9.800000	10.110000
sz300677	-1093	-811	0	0	0	0	16125	51.600000	52.930000
sh603316	-1718	-216	0	0	0	0	9337	13.130000	13.560000
sz002384	-4976	-1994	-602	-1752	-2006	0	58582	27.950000	29.380000
sz002899	-201	-214	0	0	0	0	6643	26.530000	27.310000
sz300031	-3818	-2840	-2203	0	0	0	12421	15.790000	16.180000
sz300602	-291	0	0	0	0	0	3716	50.400000	52.930000
sz300607	8	170	0	0	0	0	5684	64.680000	65.680000
sz300609	31	76	0	0	0	0	10316	36.690000	37.570000
sh601699	-28008	-19111	-18862	-24418	-6901	3256	861039	10.650000	10.940000
sh603896	1157	522	0	0	0	0	32019	50.020000	54.200000
sz002242	-3128	-1107	-1450	-1450	0	0	21655	17.060000	17.250000
sz002668	-2248	-2428	-1818	-1006	0	0	10256	18.760000	19.050000
sh600019	-186232	-143945	-140844	-124795	-95559	-50487	684319	8.210000	8.510000
sh600383	-25322	-26865	-20380	-16902	-6098	0	180052	11.290000	11.510000
sz300327	-382	-78	0	0	0	0	32453	29.650000	30.300000
sz300693	-484	267	0	0	0	0	13824	32.800000	34.960000
sh600650	-1755	-1157	0	0	0	0	13228	14.590000	14.890000
sz002746	-669	-330	0	0	0	0	15266	24.650000	25.300000
sz000798	-2245	-1604	-1023	-1023	0	0	9291	8.430000	8.630000
sh601633	-3469	-2533	-5658	-4032	0	0	53502	11.570000	11.750000
sz002597	-14158	-12446	-5605	-1423	0	0	56565	24.060000	24.360000
sh603421	-101	0	0	0	0	0	4430	25.400000	26.180000
sh603357	-2084	-210	0	0	0	0	24714	21.080000	21.730000
sh603055	-2388	-1897	-696	0	0	0	25449	15.050000	15.730000
sz002061	9477	7109	1293	1000	0	0	51942	14.570000	14.950000
sz002696	-1011	-454	0	0	0	0	10014	18.300000	19.050000
sz002690	-8974	-4923	-2456	-1032	0	0	45317	18.540000	19.560000
sh603906	-665	-321	0	0	0	0	6318	14.950000	15.170000
sz002448	-1964	-1946	-1129	-1129	0	0	20502	9.000000	9.250000
sz300647	-120	0	0	0	0	0	3953	18.620000	19.120000
sz300640	-435	-400	0	0	0	0	3828	25.200000	25.550000
sz300720	951	895	0	0	0	0	14368	28.810000	29.790000
sh603286	219	2	0	0	0	0	10316	34.010000	35.270000
sh600004	-9170	-3638	-3159	-30	4371	0	147845	14.610000	14.920000
sz002285	31735	23011	5094	-5653	-6042	199	379476	11.340000	11.650000
