sh600518	-2983	-1777	-2644	-3000	0	0	84085	21.400000	21.690000
sh600993	-10281	-8653	-6081	-2429	0	0	63034	20.140000	20.710000
sh603129	-578	0	0	0	0	0	8571	25.450000	26.300000
sh600233	-2293	-1348	-500	0	0	0	17474	17.000000	17.140000
sh600690	-29300	-36564	-39988	-34209	-17824	-11877	414136	18.350000	18.750000
sh600516	-13645	-17422	-5600	5824	-2059	11002	806840	24.920000	25.990000
sh600629	587	0	0	0	0	0	7440	15.550000	15.880000
sh600196	-8969	-6883	-2834	-6798	0	0	225179	42.870000	44.950000
sh601111	-20718	-19249	-31793	-28303	-12081	-13170	411191	10.850000	11.320000
sh603757	-219	273	0	0	0	0	9113	57.020000	59.180000
sh603167	-1450	-89	-600	0	0	0	34215	11.600000	11.800000
sh600606	-52006	-53914	-46737	-33581	-15415	-17536	319136	7.110000	7.210000
sh603466	-2520	-745	0	0	0	0	31114	52.740000	54.620000
sh600565	-6749	-4382	-4375	-3857	-3412	-4312	136824	4.030000	4.080000
sz002301	7620	7104	6640	6500	0	0	64604	17.300000	17.900000
sz000055	-10239	-7271	-570	0	0	0	79729	6.130000	6.230000
sz002087	-23927	-20213	4137	9440	0	0	118270	6.010000	6.060000
sz002088	-4310	-2576	0	0	0	0	28010	12.910000	13.130000
sz002155	35518	22798	7145	-3290	4410	0	342468	9.010000	9.320000
sh600122	19154	18171	20224	18937	6078	0	96497	9.570000	9.720000
sz002016	-46030	-29093	-13039	-8918	-4000	0	265616	10.760000	11.040000
sh603289	-1860	-1957	-604	0	0	0	41627	16.830000	17.440000
sh600260	-7382	-4552	-448	0	0	0	58235	28.380000	29.450000
sh600266	-6402	-6005	-5547	-2600	-2600	0	49012	14.130000	14.340000
sz002271	-4132	-2417	506	0	0	0	44491	35.760000	36.800000
sh603603	1132	283	-609	0	0	0	26359	35.770000	36.680000
sz000429	2384	1228	2028	2000	0	0	52170	7.830000	7.930000
sh600007	294	589	589	0	0	0	5914	16.810000	17.110000
sh603127	401	204	0	0	0	0	11690	51.800000	54.840000
sz000959	-20793	-10260	-3049	-3128	0	0	113422	5.910000	6.080000
sz000952	-804	-626	-1010	0	0	0	45964	14.120000	14.380000
sh600090	10893	10953	12298	11025	5595	0	37962	8.250000	8.440000
sh600308	2750	1799	214	0	0	0	54950	6.240000	6.360000
sh603113	301	209	0	0	0	0	13267	21.750000	22.130000
sz000002	-25724	-24699	-20349	-19643	-5987	0	720554	29.100000	30.120000
sh600648	-1155	-855	-1381	-1032	0	0	16175	17.670000	17.920000
sh603507	-312	-201	0	0	0	0	19942	38.420000	39.130000
sh600167	-1335	520	-517	0	0	0	34594	28.320000	29.670000
sh600487	-52756	-50774	-27543	-19046	-9908	-4500	434158	40.410000	43.250000
sz000756	4910	6224	7032	2000	0	0	72910	14.360000	14.820000
sh601928	-593	416	707	0	0	0	23739	8.260000	8.330000
sz000501	2157	-2792	4249	2162	0	0	266009	16.430000	17.090000
sz002057	-1882	-568	0	0	0	0	41272	12.910000	13.150000
sh600415	46775	41520	27714	6884	-11892	0	248854	6.070000	6.370000
sh601669	-8570	-10378	-7346	-5276	-10957	-4000	112909	7.330000	7.450000
sh601666	-72366	-68681	-70202	-46279	-12093	-4610	309518	5.660000	5.830000
sh600684	-7700	-7256	-6598	-1230	0	0	34638	5.910000	6.000000
sh603233	-729	-539	0	0	0	0	7380	47.100000	47.860000
sh603725	2148	1558	259	259	0	0	71618	19.200000	21.370000
sh603721	247	-269	0	0	0	0	7750	28.110000	29.200000
sh603728	-1830	-517	0	0	0	0	11209	22.350000	22.880000
sh600293	-7792	-7866	-2644	0	0	0	36543	7.940000	8.070000
sz000786	-31254	-21516	-12721	-10764	-4088	0	514997	20.720000	21.780000
sh603801	373	477	0	0	0	0	13956	50.500000	52.500000
sh600295	-46087	-40606	-24800	-7673	-12452	-5073	327997	14.400000	15.450000
sh603305	-411	-592	500	0	0	0	32402	40.000000	41.000000
sh600848	-4718	-2742	-822	0	0	0	43439	22.850000	23.400000
sh600073	524	442	-157	-805	-2382	0	62621	8.200000	8.330000
sh601888	-3744	-4511	-636	0	0	0	77032	41.980000	43.360000
sh600459	-1792	-1226	-510	0	0	0	26901	21.480000	21.890000
sh603496	-1318	-679	0	0	0	0	12203	33.870000	35.600000
sz002317	-2926	-1508	1007	-5253	0	0	152645	12.560000	12.820000
sh603989	-104	0	0	0	0	0	5569	36.620000	37.130000
sh603578	353	0	0	0	0	0	10751	29.060000	29.870000
sh600681	-5567	-3861	-835	-1000	0	0	35774	13.500000	13.900000
sh600887	54153	63536	60792	44657	-24783	-1987	1054820	31.190000	32.230000
sh601225	-152148	-142081	-124671	-132915	-109470	-81685	513964	7.810000	8.050000
sh600708	-5354	-3755	-1486	-1002	0	0	43791	6.770000	6.910000
sh603688	-5361	-3672	1010	1009	0	0	36373	16.610000	17.280000
sh600701	-5135	-3131	-1860	-3374	0	0	91042	10.500000	10.870000
sz002008	-34571	-22872	-9243	0	0	0	353083	52.690000	54.060000
sh603803	-482	-591	-500	0	0	0	10605	18.200000	18.520000
sz002001	-36036	-32204	-25412	-18991	-10926	-10926	629519	36.350000	39.870000
sz000548	360	-812	-274	2226	4226	0	50165	6.160000	6.260000
sh603076	-49	0	0	0	0	0	11737	34.260000	35.170000
sz002042	36948	14087	9483	5776	0	0	272620	12.500000	12.830000
sh603813	-2303	-1549	-538	0	0	0	20146	28.260000	29.190000
sh603617	1566	431	0	0	0	0	15307	21.610000	22.180000
sh603776	426	159	0	0	0	0	13971	56.320000	58.680000
sz000923	6221	1442	-2754	0	0	0	179166	22.740000	24.850000
sh603106	2824	881	0	0	0	0	72344	23.200000	24.330000
sz000722	3349	3026	2002	0	0	0	39564	8.860000	9.020000
sz000513	-2658	-999	0	0	0	0	105479	67.380000	69.790000
sz002320	-2143	-1932	434	-2428	0	0	104104	20.620000	21.090000
sh603881	3712	6241	5179	2618	0	0	158034	50.130000	54.500000
sh603717	2316	1378	526	0	0	0	40734	27.120000	28.100000
sh603326	-145	0	0	0	0	0	5342	18.280000	18.690000
sh603081	1831	1536	0	0	0	0	29003	26.820000	28.030000
sh600367	-4615	-1939	-263	0	0	0	42308	11.410000	11.660000
sh600362	5362	2522	-1348	1741	-4212	0	161452	16.850000	17.260000
sh600282	-108601	-93851	-107189	-78250	-64186	-50733	915478	4.780000	4.990000
sh603200	0	0	0	0	0	0	5440	38.800000	39.770000
sh603517	878	206	0	0	0	0	7306	38.500000	39.950000
sh603880	501	300	0	0	0	0	10324	24.450000	25.100000
sh603665	0	0	0	0	0	0	1511	30.480000	31.750000
sz000672	-125471	-119296	-73441	-34884	-21281	-8602	928247	10.250000	10.930000
sz000676	-2227	-1507	334	0	0	0	40340	11.210000	11.550000
sz000601	-16693	-17042	-9300	-2000	0	0	99795	7.080000	7.310000
sh600782	-127402	-121442	-125960	-105927	-65924	-36484	934038	6.080000	6.500000
sh600661	-1622	-452	-509	0	0	0	37163	22.770000	23.450000
sh600547	15197	7696	2323	-430	0	0	193789	30.000000	30.850000
sz000895	4020	4574	9400	5238	0	0	121128	26.100000	26.750000
sh603331	-472	-250	0	0	0	0	8549	18.280000	19.190000
sh600529	-942	-708	-708	0	0	0	12610	19.730000	20.000000
sh601001	-21298	-17486	-11522	-6173	-3716	0	86803	5.690000	5.860000
sh601238	-11544	-8684	-2079	-1943	-2007	0	47805	24.070000	24.280000
sh603367	-3990	-1973	-570	0	0	0	28998	17.870000	18.150000
sh603043	911	-183	0	0	0	0	11672	19.300000	19.480000
sh603825	-4939	-5860	-6326	-5193	-3177	0	15939	29.000000	30.170000
sz000666	-1189	-1080	0	0	0	0	39095	20.260000	20.500000
sz000858	1051	-748	-8848	-5689	-6816	0	433399	72.890000	75.440000
sh603360	-652	0	0	0	0	0	4576	21.300000	21.650000
sh603138	2394	3019	5229	4553	4553	0	114955	43.710000	46.660000
sh603139	100	0	0	0	0	0	4440	24.070000	24.530000
sz002206	31979	26091	4621	2208	0	0	296074	5.950000	6.320000
sh600509	-16087	-13247	-11291	-6473	0	0	48167	6.630000	6.730000
sh600051	-6220	-4442	-1216	0	0	0	31653	9.270000	9.510000
sh603926	-34	-208	0	0	0	0	6427	25.960000	26.350000
sh600029	-42856	-37935	-26900	-4720	-5747	-18474	564263	10.810000	11.210000
sz000732	6091	5021	720	-220	0	0	39956	16.330000	16.510000
sh601127	-3095	-2613	-2984	0	0	0	25267	20.450000	20.950000
sh600325	-47376	-45413	-31482	-21013	-12038	0	142630	7.040000	7.170000
sz000985	-193	600	0	0	0	0	10805	19.830000	20.320000
sz000568	-818	1406	0	0	0	0	153272	64.730000	67.000000
sh603557	-2533	-1262	-500	0	0	0	20402	14.710000	15.260000
sh603380	-906	0	0	0	0	0	10652	19.420000	19.870000
sh603385	-719	-384	-428	-1255	0	0	25425	22.410000	23.180000
sh603387	52	0	0	0	0	0	18453	57.710000	59.550000
sh603388	-1284	-943	0	0	0	0	17192	17.510000	18.010000
sz002092	-52018	-41806	-19843	-11478	-8130	0	376963	13.460000	13.820000
sh603316	-977	-269	0	0	0	0	9514	13.320000	13.720000
sh601699	-71016	-69160	-53212	-34926	-7453	-1012	319436	9.390000	9.750000
sh603896	-479	227	0	0	0	0	18348	50.580000	52.450000
sz002242	-6895	-5089	-2383	-5040	-5040	0	74403	16.610000	17.050000
sh600019	-176487	-143285	-117273	-77017	-56168	-27836	698354	8.150000	8.430000
sh600383	-19325	-16878	-10930	-3591	-2659	0	144472	11.470000	11.750000
sh600650	-1396	-988	-698	0	0	0	10219	14.680000	14.860000
sz000798	-1040	-1040	0	0	0	0	19571	8.380000	8.490000
sh601633	-3716	-1560	-1777	0	0	0	49641	11.770000	11.950000
sh603421	236	577	0	0	0	0	5161	25.760000	26.320000
sh603357	1327	239	0	0	0	0	37155	21.700000	22.300000
sh603055	-1611	-1296	0	0	0	0	26151	15.680000	16.130000
sz002061	-33639	-22887	-13143	-6826	0	0	203568	14.850000	15.400000
sh603906	-137	-180	-580	0	0	0	9495	14.830000	15.060000
sh603286	1189	742	0	0	0	0	16027	34.430000	35.770000
sh600004	-13060	-9518	-380	2337	0	0	88947	14.480000	14.770000
sz002285	37074	40991	55182	38860	35456	32922	796898	12.650000	13.080000
