sz002849	-869	-267	0	0	0	0	6159	27.100000	28.480000
sz002847	-411	-200	0	0	0	0	9015	25.470000	26.380000
sh600518	7969	4180	6067	-250	649	0	159919	21.630000	22.040000
sh600993	222	-1070	37	0	0	0	44121	20.340000	20.860000
sh603129	-112	0	0	0	0	0	7321	24.600000	25.310000
sh600233	-3274	-2053	-1000	0	0	0	19906	16.720000	16.970000
sh600690	-3731	381	1979	9628	-1149	942	456829	19.100000	19.570000
sh600516	7197	5061	368	-7274	-2769	0	550916	24.830000	25.650000
sz002620	-1148	-515	0	0	0	0	15001	9.450000	9.670000
sz300599	-200	-211	0	0	0	0	9098	11.610000	11.960000
sh600629	953	721	0	0	0	0	7010	15.040000	15.650000
sh600196	46776	42778	32396	17192	9211	9322	393283	43.670000	46.950000
sh601111	10820	4071	16944	13202	16561	4740	535009	12.090000	12.510000
sh603757	154	0	0	0	0	0	9061	56.110000	59.130000
sh603167	-4473	-3833	-2794	-1034	0	0	43323	11.480000	11.690000
sh600606	104034	106752	94437	76623	51048	45126	653591	7.010000	7.200000
sh603466	1215	1109	0	0	0	0	26981	49.770000	51.850000
sh600565	-6124	-22877	-34926	-45332	-53118	-47422	398341	3.890000	4.000000
sz002889	-1239	-571	0	0	0	0	15606	25.700000	26.690000
sz002301	-1463	-714	-206	0	0	0	11070	17.930000	18.120000
sz002891	738	818	592	0	0	0	6509	34.530000	35.400000
sz000055	-8148	-7136	-2439	-1340	0	0	50803	5.950000	6.050000
sz300136	3720	361	1231	0	0	0	104332	51.510000	54.040000
sz002087	-14705	-12853	-6169	-1998	0	0	69300	6.020000	6.120000
sz002088	928	166	0	0	0	0	14765	12.920000	13.230000
sz002155	-4054	-1604	1121	1551	0	0	63256	9.050000	9.170000
sh600122	66169	68157	71238	67947	32078	0	137939	9.470000	9.770000
sz002016	1485	-460	-627	-1001	0	0	84242	10.060000	10.390000
sz002394	579	450	0	0	0	0	18698	12.070000	12.260000
sh603289	-4043	-4694	-2027	-1022	0	0	69876	16.800000	17.830000
sh600260	8573	8092	5609	0	0	0	66367	28.210000	29.370000
sh600266	-31328	-23558	-6955	-3316	-2156	0	122324	13.300000	13.570000
sz300615	661	1005	0	0	0	0	29752	32.710000	34.200000
sz300619	306	349	0	0	0	0	12840	42.130000	43.980000
sz002271	12022	7717	2508	1323	0	0	59012	36.400000	37.860000
sz002572	10356	8058	1497	0	0	0	72504	36.280000	37.560000
sh603603	-285	-308	0	0	0	0	26644	34.990000	36.550000
sz000429	-4413	-5026	-6624	-2653	0	0	54073	7.940000	8.060000
sh600007	-1037	-1031	-1031	0	0	0	6641	16.840000	17.170000
sh603127	101	0	0	0	0	0	8340	48.800000	51.150000
sz002875	449	200	0	0	0	0	6490	25.810000	26.560000
sz002872	394	0	0	0	0	0	8262	29.400000	29.990000
sz002878	-492	-243	0	0	0	0	8146	33.980000	35.110000
sz000959	1420	1169	-2661	-2927	-2927	0	49033	5.850000	5.940000
sz000952	4075	2555	1312	0	0	0	48157	14.320000	14.780000
sh600090	13806	13647	7354	63	-170	0	85210	7.780000	8.130000
sh600308	18126	15895	15957	9863	4488	0	115007	6.400000	6.570000
sz002881	413	-243	-522	0	0	0	27041	30.710000	31.800000
sz002880	-389	0	0	0	0	0	6349	52.260000	53.370000
sz002883	-395	-400	0	0	0	0	7415	41.590000	42.830000
sh603113	-53	26	0	0	0	0	19819	21.500000	22.070000
sz002884	-168	-234	0	0	0	0	8850	48.970000	51.450000
sz000002	36884	40475	31781	12166	-4916	-4755	595095	28.630000	30.180000
sz002873	286	0	0	0	0	0	6703	38.400000	39.750000
sh600648	-294	-456	0	0	0	0	8354	17.740000	17.960000
sh603507	-806	-808	0	0	0	0	21520	37.220000	38.600000
sh600167	1027	29	0	0	0	0	14725	26.800000	27.110000
sz002901	1152	396	0	0	0	0	28877	33.110000	34.990000
sz002902	1367	604	364	0	0	0	67709	39.300000	41.480000
sh600487	47074	47473	34304	27283	-776	0	362276	40.810000	43.360000
sz000756	-2056	-2913	-1236	0	0	0	35607	14.230000	14.630000
sz300632	-462	-418	0	0	0	0	9560	20.730000	21.630000
sz300269	-10196	-8926	-3814	0	0	0	65894	12.300000	12.750000
sz300118	-4918	-2673	-28	0	0	0	27720	12.110000	12.330000
sh601928	1294	1873	474	510	510	0	38021	8.100000	8.260000
sz000501	-4954	-3390	-802	0	0	0	40896	16.050000	16.280000
sz002057	-1806	-1105	-560	0	0	0	24138	12.760000	13.120000
sh600415	-25373	-23411	-13302	-7286	2879	2672	155179	5.940000	6.050000
sh601669	-10801	-9574	-4267	-4184	0	0	79174	7.260000	7.350000
sh601666	-42834	-42032	-28263	-18437	-6360	0	285111	5.980000	6.120000
sh600684	12026	12748	10607	9875	7889	7889	40114	5.850000	6.000000
sz300658	3920	4070	3602	0	0	0	9563	28.800000	31.000000
sz300655	-434	-232	0	0	0	0	7610	27.520000	28.900000
sz300652	-237	0	0	0	0	0	8410	26.020000	26.880000
sz300651	99	0	0	0	0	0	2947	33.150000	33.650000
sz002900	-1115	-753	0	0	0	0	22244	26.430000	27.420000
sh603233	393	0	0	0	0	0	11590	48.710000	50.430000
sh603725	-476	0	0	0	0	0	27486	20.110000	20.800000
sh603721	1228	59	0	0	0	0	10898	26.120000	26.960000
sh603728	8546	3543	500	0	0	0	38587	21.730000	23.600000
sh600293	8150	9259	11233	6810	4691	0	38078	7.710000	7.890000
sz000786	40416	35996	27966	21065	4954	-1940	401434	20.860000	22.560000
sh603801	346	205	0	0	0	0	14896	52.800000	55.490000
sh600295	39538	31735	20990	6423	1030	4118	313099	13.790000	14.880000
sh603305	1135	77	0	0	0	0	29360	35.600000	38.150000
sh600848	-2156	-1764	-707	0	0	0	34005	22.860000	23.500000
sh600073	-5305	-4157	-1956	-577	0	0	56079	8.230000	8.340000
sh601888	6970	3546	0	0	0	0	68250	43.220000	44.480000
sh600459	-50	8	0	0	0	0	19550	21.360000	21.670000
sh603496	315	0	0	0	0	0	9157	33.270000	34.870000
sz002317	13383	9167	4413	4730	0	0	100822	12.650000	12.930000
sz002645	-1157	-745	0	0	0	0	11899	18.290000	18.660000
sh603989	158	464	0	0	0	0	7745	35.950000	37.080000
sh603578	888	324	0	0	0	0	13078	30.630000	31.770000
sh600681	6643	3627	1410	0	0	0	74316	13.350000	14.090000
sh600887	35352	39650	38611	16031	19811	5572	620519	32.690000	33.500000
sh601225	-43104	-41739	-41322	-40806	-28906	-16273	496370	7.880000	8.070000
sh600708	-5245	-2130	-3010	-1249	0	0	62531	6.660000	6.790000
sh603688	-2274	-2509	28	0	0	0	28888	15.010000	15.950000
sh600701	-1030	239	-623	-444	0	0	56067	10.060000	10.360000
sz002008	43776	35357	17783	986	-5558	-5558	297559	50.990000	54.110000
sh603803	-1517	-1341	0	0	0	0	19514	17.150000	18.350000
sz002001	16982	15318	6187	2457	0	0	169917	35.550000	37.360000
sz000548	-3616	-4494	-323	0	0	0	41417	6.350000	6.480000
sh603076	-78	0	0	0	0	0	10246	32.600000	33.540000
sz002042	-540	1933	8007	-5631	0	0	146550	12.650000	13.040000
sh603813	-312	-210	0	0	0	0	15816	27.120000	28.480000
sz300625	-882	-680	0	0	0	0	9976	24.600000	24.980000
sz300620	974	537	0	0	0	0	15971	37.600000	40.150000
sz002493	2765	136	-9989	-4616	-7504	0	232990	14.470000	15.180000
sh603617	1072	861	654	0	0	0	13370	22.820000	23.640000
sz002501	452	-1193	-112	0	0	0	48098	9.910000	10.090000
sz002462	1347	1234	0	0	0	0	12052	27.000000	28.150000
sh603776	-627	-841	0	0	0	0	25845	59.600000	61.750000
sz002867	-238	-497	0	0	0	0	11591	26.600000	27.350000
sz002866	-417	-212	0	0	0	0	22441	35.660000	36.970000
sz002860	20	212	0	0	0	0	10346	38.620000	40.600000
sz002868	0	0	0	0	0	0	3836	22.680000	23.480000
sz000923	-2333	-850	0	0	0	0	35341	22.020000	23.490000
sh603106	307	-26	569	0	0	0	81822	23.290000	24.860000
sz002910	1969	599	790	1330	0	0	68242	16.750000	17.710000
sz002603	-1873	-2337	-2116	-1276	0	0	15025	15.400000	15.630000
sz300373	22548	17180	10187	2764	1605	5397	144001	26.740000	29.700000
sz000722	-2625	-1068	-542	0	0	0	14738	8.650000	8.950000
sz000513	330	-193	653	0	0	0	79588	65.650000	69.150000
sz002320	1003	2018	-495	-1002	0	0	25101	20.650000	21.000000
sh603881	2787	-1340	630	0	0	0	119099	49.620000	52.800000
sz300054	44049	41032	19613	9227	5444	0	265398	12.120000	12.800000
sz300119	394	66	0	0	0	0	7711	11.460000	11.740000
sz300665	536	1303	1302	0	0	0	26602	26.880000	28.300000
sz300701	-1587	-800	-1142	0	0	0	22606	34.560000	36.950000
sz300705	110	-149	0	0	0	0	12572	23.180000	24.060000
sz300707	-131	-269	0	0	0	0	14648	41.920000	43.920000
sh603717	1832	232	0	0	0	0	30031	26.940000	27.660000
sz002427	3632	3331	1456	1001	0	0	56383	32.850000	34.080000
sh603326	-656	-326	0	0	0	0	18445	18.960000	19.440000
sh603081	-1083	347	0	0	0	0	25308	27.400000	28.280000
sh600367	2379	1674	1069	1069	0	0	38847	10.800000	11.100000
sh600362	45479	52510	36746	31726	20464	4490	404178	17.550000	18.040000
sh600282	74484	70038	56422	57596	32954	35388	715839	4.660000	4.850000
sh603200	341	-78	0	0	0	0	20276	37.880000	40.810000
sh603517	1214	556	550	0	0	0	8930	40.100000	41.300000
sh603880	-991	-509	0	0	0	0	12031	23.600000	24.490000
sz002558	1165	1810	1136	1136	0	0	29410	36.050000	37.000000
sh603665	-603	0	0	0	0	0	3412	30.120000	30.830000
sz000672	16438	13132	5833	2109	638	0	226135	9.450000	9.800000
sz000676	-1210	275	-1009	0	0	0	27057	11.300000	11.610000
sz300231	-18179	-19768	-11013	-8409	-4011	9315	510389	12.830000	13.590000
sz300689	265	164	0	0	0	0	12576	40.310000	42.590000
sz000601	-4141	-4815	-4165	-1550	0	0	24097	7.100000	7.230000
sz300687	-284	0	0	0	0	0	7057	44.580000	46.200000
sh600782	165705	156731	127172	113155	71280	39981	717915	5.910000	6.230000
sh600661	4390	1960	500	0	0	0	19269	23.510000	24.070000
sh600547	1816	1939	1481	2194	0	0	99712	29.710000	30.100000
sz000895	5260	10749	10697	5736	2600	0	109186	26.890000	27.730000
sh603331	-2	-332	0	0	0	0	10068	18.010000	18.700000
sh600529	5101	1958	1999	0	0	0	36378	19.990000	20.770000
sh601001	-9922	-9426	-8563	-3906	0	0	100212	5.720000	5.910000
sh601238	10614	7439	6240	3052	2147	0	61189	23.800000	24.250000
sz002627	-1360	-1400	0	0	0	0	4648	18.040000	18.320000
sh603367	3368	3537	2948	0	0	0	42599	17.410000	18.120000
sz300038	47	1601	-1972	1333	-2429	0	157000	46.890000	48.770000
sz002370	116	-274	0	0	0	0	4349	14.500000	14.730000
sh603043	65	162	0	0	0	0	13273	18.520000	19.090000
sz300639	-1090	-858	0	0	0	0	30946	66.650000	70.120000
sz300635	1094	876	571	0	0	0	26096	18.060000	18.880000
sz300637	-549	-200	0	0	0	0	2986	20.230000	20.670000
sz002859	1549	514	0	0	0	0	17232	33.040000	34.280000
sz002851	-330	0	0	0	0	0	5236	34.900000	35.840000
sh603825	306	0	0	0	0	0	6207	28.230000	29.300000
sz000666	136	-456	-598	0	0	0	21312	20.320000	20.530000
sz000858	-9634	-5617	1680	4040	4160	4160	379288	80.560000	83.520000
sh603360	-430	0	0	0	0	0	4852	20.750000	21.370000
sh603138	5285	105	6	0	0	0	123511	45.850000	50.800000
sh603139	104	0	0	0	0	0	4373	23.900000	24.380000
sz002206	-3468	-2874	-1062	0	0	0	56668	5.960000	6.090000
sh600509	-840	-1079	-389	3081	0	0	53116	6.700000	6.820000
sh600051	-2135	-1051	0	0	0	0	8321	9.320000	9.420000
sh603926	202	302	0	0	0	0	6641	25.400000	26.100000
sz300365	103	0	0	0	0	0	3638	31.400000	32.550000
sh600029	53909	58763	70916	71356	71846	20000	845396	11.390000	11.930000
sz000732	7027	6479	7279	3691	2690	0	34151	16.380000	16.880000
sh601127	3108	2703	1467	1413	0	0	29735	20.640000	21.000000
sh600325	11280	11983	9057	4699	0	0	128448	7.020000	7.190000
sz000985	-314	-300	0	0	0	0	5659	19.250000	19.750000
sz000568	-1724	-2045	-444	0	0	0	96773	67.450000	68.980000
sh603557	-504	-226	0	0	0	0	15336	14.110000	14.670000
sz300514	823	521	0	0	0	0	17974	27.520000	28.660000
sh603380	-758	-425	0	0	0	0	13781	19.330000	20.130000
sh603385	-1976	-455	0	0	0	0	23936	21.800000	22.600000
sh603387	68	143	0	0	0	0	17249	57.740000	60.350000
sh603388	1445	1031	702	0	0	0	32743	17.160000	18.350000
sz002092	3001	1527	182	-877	2071	0	182812	12.960000	13.240000
sz300102	9536	13380	15640	26490	30796	20785	959667	9.750000	10.850000
sz300677	1181	174	0	0	0	0	21381	50.010000	52.250000
sh603316	-290	0	0	0	0	0	8683	13.050000	13.460000
sz002384	12782	7380	181	-1504	0	0	57308	28.460000	30.500000
sz002899	365	433	0	0	0	0	8236	25.580000	26.680000
sz300031	1611	-51	-1384	0	0	0	27291	15.190000	15.880000
sz300602	225	0	0	0	0	0	3334	50.640000	52.300000
sz300607	177	88	0	0	0	0	6697	64.710000	65.870000
sz300609	-269	0	0	0	0	0	16062	36.010000	37.580000
sh601699	17093	12672	-1763	-2766	-15834	8749	695138	10.550000	10.940000
sh603896	438	0	0	0	0	0	30707	52.300000	55.500000
sz002242	1172	731	1142	0	0	0	22871	17.110000	17.300000
sz002668	-2591	-1348	800	0	0	0	14270	18.420000	18.910000
sh600019	116706	108458	99379	81940	46039	13476	532728	8.210000	8.450000
sh600383	65239	65070	38440	40692	23073	10001	340130	11.300000	11.900000
sz300327	9852	7574	4165	5171	0	0	100974	30.500000	32.160000
sz300693	599	229	0	0	0	0	16522	31.630000	33.390000
sh600650	7875	6220	3346	2218	0	0	28072	14.400000	14.900000
sz002746	-301	-636	0	0	0	0	23993	24.780000	25.790000
sz000798	1002	1055	904	0	0	0	11504	8.460000	8.600000
sh601633	-11301	-7279	-3224	-2549	0	0	63348	11.510000	11.740000
sz002597	19801	15428	6161	2703	2604	0	133173	24.080000	25.050000
sh603421	226	0	0	0	0	0	4072	24.910000	25.800000
sh603357	2091	1388	730	0	0	0	39769	20.330000	21.400000
sh603055	-92	802	0	0	0	0	24909	14.850000	15.340000
sz002061	16643	16391	5518	1201	0	0	71480	14.700000	15.120000
sz002696	-1270	-693	-693	0	0	0	6713	18.190000	18.790000
sz002690	-526	-389	-632	0	0	0	34043	18.260000	19.000000
sh603906	714	714	0	0	0	0	7332	14.570000	14.990000
sz002448	2280	3129	985	-878	-2027	0	36846	8.840000	9.050000
sz300647	-174	0	0	0	0	0	6865	18.110000	18.780000
sz300640	-2101	-1535	0	0	0	0	6090	24.150000	25.450000
sz300720	2033	-148	-573	0	0	0	24034	28.420000	30.180000
sh603286	305	0	0	0	0	0	14971	34.640000	35.900000
sh600004	11133	10071	4506	4405	8622	4800	123610	14.570000	14.920000
sz002285	30619	29522	25713	13085	16954	21435	801168	11.700000	12.180000
