sz002849	-496	-101	0	0	0	0	8028	29.250000	29.940000
sz002847	-267	0	0	0	0	0	6929	26.740000	27.140000
sh600518	5319	4650	443	881	0	0	93328	21.380000	21.650000
sh600993	3026	2231	1431	-9	0	0	49619	20.400000	20.880000
sh603129	245	0	0	0	0	0	6630	25.380000	25.880000
sh600233	-147	-153	0	0	0	0	13167	16.850000	17.080000
sh600690	19576	20925	16090	4837	-5822	0	444964	18.770000	19.180000
sh600516	4159	6920	-4420	-2451	-4358	0	583583	25.640000	26.120000
sz002620	1764	39	-1309	0	0	0	21670	9.910000	10.040000
sz300599	-79	-343	0	0	0	0	7829	12.110000	12.280000
sh600629	-686	-24	0	0	0	0	5806	15.500000	15.760000
sh600196	35105	28310	15025	13545	2330	0	252753	42.500000	44.670000
sh601111	91672	100827	125402	99456	90029	30333	814425	10.700000	11.790000
sh603757	-879	-964	-964	0	0	0	5597	57.800000	58.770000
sh603167	-2940	-850	-500	0	0	0	26838	11.720000	11.820000
sh600606	1806	7058	8505	19641	23851	13607	200723	7.110000	7.160000
sh603466	-1894	-1267	-500	0	0	0	20324	53.010000	54.470000
sh600565	22820	9797	-9258	-11976	-15986	0	160554	3.990000	4.050000
sz002889	-541	0	0	0	0	0	10151	26.110000	26.520000
sz002301	4333	4675	4096	3151	2156	0	33679	17.520000	18.400000
sz002891	-311	-218	0	0	0	0	8221	34.830000	35.830000
sz000055	-671	-283	-976	0	0	0	33241	6.170000	6.230000
sz300136	19283	15409	6231	1262	0	0	123560	52.350000	54.850000
sz002087	-28241	-26783	-21916	-9660	-10178	-7999	103427	6.060000	6.170000
sz002088	1591	1576	1000	1000	0	0	18191	12.860000	13.260000
sz002155	-12713	-9968	-1270	-1317	0	0	101434	9.170000	9.300000
sh600122	-4614	-3975	-2759	-6100	-9999	-7101	64608	9.610000	9.720000
sz002016	5114	5772	3266	4942	10119	4671	129080	10.070000	10.470000
sz002394	-124	-1404	-2200	-2800	0	0	19221	12.080000	12.200000
sh603289	-1807	-259	-485	-1005	0	0	52983	17.020000	17.780000
sh600260	-356	-558	-612	0	0	0	32828	28.880000	29.380000
sh600266	4810	4702	5340	3588	0	0	65798	13.920000	14.040000
sz300615	-2295	-4661	-4425	-3857	-3857	0	26572	30.260000	33.240000
sz300619	263	83	0	0	0	0	12156	43.440000	44.880000
sz002271	8749	6540	1073	0	0	0	39135	35.800000	37.000000
sz002572	11776	11260	5061	1162	0	0	115290	35.500000	36.650000
sh603603	-1007	-404	0	0	0	0	13338	35.860000	36.480000
sz000429	15264	13553	11461	6286	6388	4387	56477	7.840000	8.030000
sh600007	728	295	0	0	0	0	7638	17.000000	17.210000
sh603127	-223	0	0	0	0	0	4843	51.020000	52.200000
sz002875	257	0	0	0	0	0	3434	26.590000	26.890000
sz002872	-162	-62	0	0	0	0	5574	29.880000	30.380000
sz002878	-106	0	0	0	0	0	6724	35.080000	35.850000
sz000959	2638	1981	2495	1621	0	0	39523	5.930000	6.000000
sz000952	-1024	-467	504	0	0	0	14071	14.060000	14.250000
sh600090	13930	12211	7511	8227	6516	0	46163	8.210000	8.460000
sh600308	28195	31981	27212	22569	17646	0	106152	6.340000	6.550000
sz002881	2153	1566	635	0	0	0	31561	29.580000	31.800000
sz002880	0	0	0	0	0	0	3183	53.700000	54.560000
sz002883	0	0	0	0	0	0	4407	41.610000	42.850000
sh603113	-3165	-715	0	0	0	0	28629	22.310000	22.700000
sz002884	124	0	0	0	0	0	4237	51.400000	52.200000
sz000002	27105	25092	22933	9526	7900	5899	340033	28.400000	29.240000
sz002873	-340	0	0	0	0	0	3529	40.950000	41.960000
sh600648	-2383	-1812	-600	0	0	0	12104	17.920000	18.110000
sh603507	-478	-239	0	0	0	0	24037	39.230000	40.160000
sh600167	1243	907	0	0	0	0	18819	26.030000	27.240000
sz002901	-253	415	0	0	0	0	20774	34.070000	35.280000
sz002902	4094	2413	3227	3212	2034	0	69681	39.100000	41.470000
sh600487	15467	11818	9493	5929	2186	0	218895	40.210000	41.380000
sz000756	1679	1525	1552	0	0	0	21546	14.810000	15.140000
sz300632	-100	0	0	0	0	0	4196	21.280000	21.660000
sz300269	-3199	-1339	-2010	-1256	0	0	48577	13.180000	13.370000
sz300118	-4111	-2789	0	0	0	0	19088	12.300000	12.430000
sh601928	515	-737	-514	-1027	0	0	39421	8.240000	8.320000
sz000501	102	-305	683	0	0	0	38369	15.920000	16.170000
sz002057	523	833	798	0	0	0	32382	12.700000	13.290000
sh600415	-17222	-13468	-8931	-6433	-9047	0	93536	6.100000	6.160000
sh601669	-9899	-3451	218	1022	0	0	78165	7.340000	7.390000
sh601666	-25857	-21495	20527	16719	31583	8130	510412	6.010000	6.120000
sh600684	26584	27104	25085	18317	13994	5000	54966	5.920000	6.060000
sz300658	-237	0	0	0	0	0	1871	29.820000	30.180000
sz300655	14	-46	0	0	0	0	9970	28.660000	29.370000
sz300652	347	200	0	0	0	0	5056	27.120000	27.510000
sz300651	-193	0	0	0	0	0	2326	32.700000	33.980000
sz002900	414	245	0	0	0	0	10231	27.370000	27.790000
sh603233	596	201	0	0	0	0	14578	48.320000	51.000000
sh603725	1899	288	0	0	0	0	49696	19.610000	20.980000
sh603721	-1424	-590	0	0	0	0	9397	27.260000	27.800000
sh603728	-3121	-2392	-1208	0	0	0	12642	21.900000	22.420000
sh600293	-8047	-10177	-4384	-3485	-2167	0	39172	7.880000	7.980000
sz000786	49679	40866	16903	10511	3562	0	271312	20.630000	21.460000
sh603801	661	-5	0	0	0	0	20668	50.520000	53.680000
sh600295	-5974	-5189	-481	0	0	0	171777	14.220000	14.590000
sh603305	672	620	0	0	0	0	14360	37.560000	38.780000
sh600848	5266	4570	1986	1012	0	0	43064	23.230000	23.660000
sh600073	11156	8588	4449	1109	0	0	90172	8.120000	8.430000
sh601888	8384	4591	1372	1004	0	0	74609	42.210000	43.550000
sh600459	-2618	-2211	-1860	0	0	0	23794	21.790000	22.120000
sh603496	391	0	0	0	0	0	7220	33.670000	34.760000
sz002317	20955	19322	15020	7234	2403	0	94110	12.480000	12.840000
sz002645	607	209	0	0	0	0	8903	18.810000	19.270000
sh603989	-3259	-2869	-1913	-1000	0	0	12747	35.520000	36.370000
sh603578	776	520	0	0	0	0	14455	29.650000	31.150000
sh600681	-1444	-1279	-600	0	0	0	18465	13.250000	13.480000
sh600887	110826	95891	72786	58446	34471	11914	560837	31.520000	32.150000
sh601225	-98837	-81258	-50095	-15416	-26461	-31792	769707	8.130000	8.270000
sh600708	6363	6758	6005	4954	0	0	37631	6.800000	6.920000
sh603688	-6234	-1309	-1040	-2299	-2299	0	63703	15.000000	15.950000
sh600701	-4030	-164	-1865	0	0	0	44893	10.400000	10.600000
sz002008	10563	11122	3697	5107	4070	4070	153921	51.700000	52.930000
sh603803	-4	-94	0	0	0	0	10056	18.170000	18.470000
sz002001	3441	1699	9668	6389	0	0	164136	34.210000	35.240000
sz000548	-4758	-5344	-2396	1223	0	0	27079	6.270000	6.370000
sh603076	212	0	0	0	0	0	7982	33.590000	34.490000
sz002042	-37008	-35452	-19084	2946	0	0	156431	12.760000	13.020000
sh603813	1541	826	0	0	0	0	29462	28.210000	29.850000
sz300625	242	-256	0	0	0	0	8502	24.900000	25.290000
sz300620	100	0	0	0	0	0	6730	37.620000	38.580000
sz002493	30616	28429	17400	20672	14641	8007	336775	13.810000	14.950000
sh603617	10698	8162	1500	1000	0	0	37361	22.250000	24.240000
sz002501	-2716	-3289	-468	0	0	0	57615	9.880000	10.050000
sz002462	-146	-200	0	0	0	0	5533	27.720000	28.310000
sh603776	3370	2683	1136	968	3620	0	51819	64.020000	66.940000
sz002867	148	249	0	0	0	0	6187	27.190000	27.490000
sz002866	-1494	-1200	-800	0	0	0	10720	34.750000	35.990000
sz002860	-179	0	0	0	0	0	6556	40.580000	41.390000
sz002868	276	0	0	0	0	0	3699	23.480000	23.870000
sz000923	-1726	-448	446	1093	0	0	30139	23.250000	23.800000
sh603106	-14128	-12007	-12139	-15604	-6643	-4475	130340	23.050000	25.500000
sz002910	7207	3636	-604	-1054	0	0	95804	17.730000	18.830000
sz002603	777	97	614	0	0	0	17715	15.390000	15.580000
sz300373	157	1334	213	-3002	0	0	65386	26.200000	27.260000
sz000722	-1516	-483	0	0	0	0	15044	8.960000	9.100000
sz000513	1584	1148	709	0	0	0	40694	66.760000	68.360000
sz002320	1590	-1531	-507	0	0	0	32457	20.480000	20.950000
sh603881	-6249	-4138	-1302	-754	0	0	117606	49.000000	51.500000
sz300054	-6278	-5911	-3476	449	4319	0	105739	12.000000	12.320000
sz300119	-25	401	0	0	0	0	8331	11.730000	11.890000
sz300665	71	475	0	0	0	0	13500	26.600000	27.430000
sz300701	-93	14	0	0	0	0	10366	36.170000	36.840000
sz300705	292	-292	0	0	0	0	13376	24.030000	24.600000
sz300707	-596	-551	0	0	0	0	10535	43.820000	44.560000
sh603717	168	-231	0	0	0	0	18127	27.230000	27.580000
sz002427	8026	6716	4414	3921	-3503	0	68415	33.310000	34.550000
sh603326	747	68	0	0	0	0	11039	18.310000	18.950000
sh603081	-1321	-728	-367	-1000	0	0	80106	25.590000	28.590000
sh600367	475	629	0	0	0	0	30895	11.190000	11.360000
sh600362	-12275	-4512	-739	1967	-2777	0	208792	17.530000	17.810000
sh600282	-65989	-56668	-51080	-50043	-51232	-27175	384375	4.820000	4.880000
sh603200	0	0	0	0	0	0	3711	38.490000	39.060000
sh603517	-87	-200	0	0	0	0	6310	40.000000	40.950000
sh603880	-6	200	0	0	0	0	8708	24.570000	25.060000
sz002558	366	-225	-600	0	0	0	28977	36.680000	38.200000
sh603665	40	0	0	0	0	0	1432	30.670000	30.980000
sz000672	12562	13104	11170	7663	5458	0	185125	9.850000	10.030000
sz000676	8235	5605	2959	0	0	0	51558	11.390000	11.920000
sz300231	-43968	-42520	-31716	-21011	-15600	-9148	515279	12.770000	13.460000
sz300689	814	736	0	0	0	0	13987	41.780000	43.650000
sz000601	-3267	-3009	-1462	0	0	0	10692	7.160000	7.240000
sz300687	0	0	0	0	0	0	4555	46.580000	47.410000
sh600782	-5741	-17170	-11257	-391	-7551	0	431432	6.080000	6.180000
sh600661	1187	1219	0	0	0	0	31044	23.330000	24.280000
sh600547	-17547	-14467	-9481	-9622	-4720	0	134524	30.280000	30.640000
sz000895	11453	10563	7517	5636	2683	0	105773	26.270000	27.150000
sh603331	725	508	0	0	0	0	7884	18.780000	19.120000
sh600529	1693	827	500	0	0	0	18834	19.700000	20.340000
sh601001	-8707	-5814	-2476	-169	-2047	0	111805	5.950000	6.030000
sh601238	-5186	-5042	-3671	3293	2028	0	80088	23.780000	24.200000
sz002627	1195	0	0	0	0	0	5599	18.210000	18.420000
sh603367	4219	2547	1856	1121	0	0	40292	17.850000	18.310000
sz300038	-3379	-1911	2541	4004	4149	4149	167493	48.100000	50.260000
sz002370	1137	750	-500	0	0	0	8144	14.730000	14.940000
sh603043	262	-411	0	0	0	0	10558	19.400000	19.520000
sz300639	566	1331	883	0	0	0	28463	66.880000	69.120000
sz300635	1683	1950	941	0	0	0	27848	18.900000	19.370000
sz300637	55	0	0	0	0	0	2936	20.500000	20.700000
sz002859	99	0	0	0	0	0	8804	34.060000	34.510000
sz002851	58	288	0	0	0	0	2985	35.960000	36.370000
sh603825	-172	-200	0	0	0	0	5983	28.110000	29.090000
sz000666	2432	1776	1044	0	0	0	30183	20.150000	20.640000
sz000858	21593	21767	8623	6132	7695	0	379296	76.500000	79.730000
sh603360	-393	0	0	0	0	0	4659	21.360000	21.760000
sh603138	-3273	-3141	314	2888	0	0	101671	44.180000	48.270000
sh603139	-97	0	0	0	0	0	5431	24.270000	24.770000
sz002206	-14217	-13692	-10622	-8233	-2303	0	69148	5.880000	6.030000
sh600509	-1587	-2784	-2018	0	0	0	30588	6.700000	6.760000
sh600051	-2872	-2054	-590	0	0	0	11761	9.320000	9.430000
sh603926	-406	-236	0	0	0	0	7158	26.120000	26.480000
sz300365	-60	0	0	0	0	0	4696	32.020000	33.000000
sh600029	172464	172952	177563	156618	108366	64482	960459	10.700000	11.380000
sz000732	920	319	538	0	0	0	15317	16.430000	16.570000
sh601127	3721	3455	1675	0	0	0	20776	20.580000	20.900000
sh600325	32983	27574	21665	19476	7046	0	146440	7.000000	7.180000
sz000985	402	0	0	0	0	0	5333	19.780000	20.080000
sz000568	-1208	1843	1866	1081	0	0	96540	66.240000	68.250000
sh603557	-152	0	0	0	0	0	11241	14.460000	14.800000
sz300514	2027	926	0	0	0	0	16930	27.100000	28.630000
sh603380	733	470	0	0	0	0	9274	19.620000	20.080000
sh603385	1133	450	500	0	0	0	13135	22.650000	22.890000
sh603387	931	539	539	0	0	0	12224	56.720000	58.480000
sh603388	788	683	0	0	0	0	14691	17.420000	17.900000
sz002092	5636	5495	4006	5120	-331	0	139335	13.470000	13.670000
sz300102	52528	52872	48955	34767	8235	7074	403902	9.750000	10.170000
sz300677	1307	467	0	0	0	0	19389	51.600000	52.890000
sh603316	457	0	0	0	0	0	6008	13.420000	13.610000
sz002384	8938	3181	2600	1200	0	0	38625	28.290000	29.500000
sz002899	60	208	0	0	0	0	9067	26.660000	27.350000
sz300031	-3714	-3177	-53	1009	0	0	17908	16.080000	16.230000
sz300602	-298	0	0	0	0	0	4696	51.630000	53.250000
sz300607	72	0	0	0	0	0	4085	64.500000	65.390000
sz300609	-29	0	0	0	0	0	14301	36.680000	37.860000
sh601699	181518	173466	167068	118022	66659	53014	1360550	10.450000	10.950000
sh603896	-982	-405	0	0	0	0	16586	49.450000	51.500000
sz002242	1152	-283	0	0	0	0	27267	17.080000	17.330000
sz002668	-1150	-800	0	0	0	0	6989	18.960000	19.160000
sh600019	108477	111212	89655	68821	44666	24226	587149	8.320000	8.510000
sh600383	7477	4586	-1416	2665	2003	0	142552	11.440000	11.580000
sz300327	3122	1522	0	0	0	0	38779	29.860000	30.490000
sz300693	-558	-250	0	0	0	0	10841	34.730000	35.760000
sh600650	-401	-244	0	0	0	0	10151	14.760000	14.910000
sz002746	-1	-496	0	0	0	0	21292	24.850000	25.230000
sz000798	-14	-335	0	0	0	0	10018	8.500000	8.680000
sh601633	-7566	-5917	-1657	1048	2310	0	42284	11.680000	11.880000
sz002597	-1323	-2079	-3390	-988	0	0	70663	24.100000	24.400000
sh603421	100	0	0	0	0	0	5409	25.920000	26.280000
sh603357	676	436	0	0	0	0	23876	21.440000	21.920000
sh603055	783	0	0	0	0	0	16298	15.530000	15.780000
sz002061	9033	7594	4506	3946	0	0	51197	14.590000	14.940000
sz002696	-1640	-581	0	0	0	0	5682	18.920000	19.280000
sz002690	-521	-133	-863	0	0	0	28038	19.080000	19.440000
sh603906	36	0	0	0	0	0	6565	14.950000	15.150000
sz002448	-1368	-774	-516	0	0	0	15469	9.140000	9.230000
sz300647	170	200	0	0	0	0	4914	18.790000	19.100000
sz300640	218	0	0	0	0	0	2953	25.210000	25.560000
sz300720	1386	1305	556	0	0	0	13342	29.310000	29.860000
sh603286	333	0	0	0	0	0	11075	33.600000	35.210000
sh600004	13536	10705	7617	4565	2533	0	98690	14.500000	14.790000
sz002285	-5733	-15284	-18001	-5491	-524	5992	559072	11.170000	11.670000
