000156	sz000156	14.54	33.91	2.07	144.47	208.41	1.17	0.07	20171017
000090	sz000090	11.15	21.71	2.11	86.25	133.55	4.4	2.2	20171017
000962	sz000962	10.08	62.11	3.2	44.44	44.44	1.96	-1.08	20171017
600345	sh600345	27.94	34.99	3.9	55.32	55.32	4.49	-1.96	20171017
000902	sz000902	10.03	24.87	2.41	117.24	130.84	2.08	-0.79	20171017
000903	sz000903	4.03	25.21	1.55	63.72	70.83	0.99	0.0	20171017
000900	sz000900	6.1	10.45	0.76	92.45	92.59	1.15	0.33	20171017
000901	sz000901	29.83	73.8	3.3	96.54	122.14	1.93	0.81	20171017
000906	sz000906	8.88	32.18	2.58	38.17	45.36	1.46	0.0	20171017
000905	sz000905	13.77	39.01	2.78	73.12	73.12	2.98	-0.07	20171017
000908	sz000908	7.41	23.28	2.86	40.81	65.19	1.35	0.27	20171017
600335	sh600335	13.17	19.69	1.85	135.62	135.62	2.69	1.23	20171017
600337	sh600337	6.73	34.65	3.16	99.83	121.55	2.65	-0.88	20171017
600330	sh600330	10.13	71.38	2.27	83.06	84.13	1.69	0.5	20171017
600333	sh600333	7.26	59.47	2.06	38.45	44.22	6.51	2.69	20171017
600339	sh600339	6.73	16.64	1.64	38.91	375.75	2.34	-1.46	20171017
000698	sz000698	6.53	16.89	1.25	28.23	53.51	1.53	0.0	20171017
600517	sh600517	7.08	28.16	2.85	88.11	96.02	0.85	-0.14	20171017
600511	sh600511	30.13	28.55	3.04	83.65	231.08	1.83	-1.41	20171017
600510	sh600510	7.67	24.03	1.06	61.02	80.31	0.65	0.0	20171017
600513	sh600513	10.46	43.42	3.54	29.86	29.86	1.84	1.16	20171017
600512	sh600512	4.81	61.46	1.65	71.68	76.91	1.04	0.0	20171017
002838	sz002838	39.0	58.53	6.23	12.28	49.14	2.73	-1.52	20171017
002839	sz002839	13.81	35.26	3.13	24.96	249.62	2.5	-1.29	20171017
002830	sz002830	28.1	71.76	6.66	9.37	37.47	3.04	-0.64	20171017
002835	sz002835	15.77	57.84	5.24	8.52	34.06	2.36	0.51	20171017
600190	sh600190	4.44	77.44	1.48	79.01	88.9	0.9	-0.22	20171017
600195	sh600195	20.39	27.8	2.53	87.64	87.64	3.83	0.0	20171017
600197	sh600197	22.39	32.84	5.0	98.74	98.74	2.85	-0.44	20171017
600420	sh600420	15.63	23.28	2.93	89.95	173.56	2.66	1.43	20171017
600422	sh600422	11.29	23.78	2.45	77.03	89.04	0.8	0.0	20171017
002424	sz002424	17.65	49.31	7.91	128.61	249.08	1.65	0.68	20171017
600426	sh600426	12.75	22.19	2.41	205.48	206.61	1.81	0.39	20171017
600600	sh600600	32.1	38.62	2.55	223.39	433.66	1.75	-1.53	20171017
600603	sh600603	9.89	22.86	1.09	26.95	86.92	9.23	6.12	20171017
600602	sh600602	8.1	37.24	3.02	71.25	110.78	1.48	0.0	20171017
000878	sz000878	15.27	67.3	3.63	216.28	216.28	3.46	-2.12	20171017
000877	sz000877	12.6	27.09	1.77	110.89	110.89	4.49	-2.4	20171017
601801	sh601801	12.29	17.36	2.7	244.47	244.47	1.3	0.0	20171017
000055	sz000055	7.66	10.39	3.92	51.95	90.67	1.97	0.39	20171017
300132	sz300132	8.74	55.84	4.99	25.33	33.73	2.41	0.34	20171017
300133	sz300133	10.89	40.0	2.88	129.34	192.72	2.21	0.46	20171017
300130	sz300130	23.36	41.27	3.7	36.67	56.03	4.02	2.19	20171017
300131	sz300131	8.05	48.67	4.73	50.54	86.1	1.5	0.37	20171017
300137	sz300137	25.47	78.76	5.99	75.45	87.72	1.89	-1.81	20171017
300138	sz300138	12.44	38.05	2.92	33.03	45.65	1.76	-0.48	20171017
001896	sz001896	6.63	85.67	1.22	43.89	76.28	1.82	0.76	20171017
000802	sz000802	15.6	20.55	2.58	59.29	113.19	2.36	-0.32	20171017
000551	sz000551	9.51	62.73	2.32	38.05	38.05	1.69	0.42	20171017
000550	sz000550	20.83	15.42	1.45	107.79	179.81	1.24	-0.62	20171017
603026	sh603026	28.95	37.92	3.95	40.65	58.68	2.57	-0.82	20171017
300007	sz300007	17.76	50.64	3.9	39.77	52.04	4.1	-2.95	20171017
300005	sz300005	7.24	42.96	2.37	46.6	64.53	1.24	-0.41	20171017
300002	sz300002	7.11	50.15	2.75	98.36	139.43	1.85	0.99	20171017
300001	sz300001	16.5	63.61	5.85	143.54	164.6	1.32	-1.2	20171017
000301	sz000301	6.21	37.39	2.13	75.65	75.65	2.59	0.49	20171017
002043	sz002043	12.32	33.18	6.2	88.25	106.08	1.3	-0.08	20171017
300008	sz300008	9.2	64.19	2.98	53.35	88.32	1.97	0.44	20171017
300009	sz300009	17.65	55.17	8.94	81.37	125.76	2.64	-0.73	20171017
603648	sh603648	24.09	68.1	7.85	22.2	88.81	11.78	2.42	20171017
600993	sh600993	20.8	33.67	4.37	89.49	89.66	1.93	0.53	20171017
600995	sh600995	11.29	22.54	3.1	54.03	54.03	1.93	-0.7	20171017
002643	sz002643	13.63	35.71	3.16	111.63	123.91	1.95	-1.52	20171017
600997	sh600997	6.94	18.24	1.22	85.68	110.19	2.11	-2.25	20171017
002642	sz002642	17.9	59.52	3.01	86.31	113.8	1.79	0.34	20171017
300389	sz300389	14.37	36.48	4.7	16.87	45.66	2.18	0.91	20171017
600996	sh600996	12.33	28.25	3.15	25.89	128.55	1.46	-0.16	20171017
002641	sz002641	5.18	37.32	2.27	46.38	58.18	1.54	0.0	20171017
300310	sz300310	12.79	57.9	3.23	74.41	112.86	1.95	-0.23	20171017
300311	sz300311	15.45	64.62	5.36	36.64	69.22	1.62	0.32	20171017
300316	sz300316	16.0	58.34	4.73	147.35	157.59	3.46	0.63	20171017
300317	sz300317	17.29	35.4	3.08	55.99	147.74	4.38	-2.92	20171017
300314	sz300314	16.69	69.85	6.25	31.57	48.07	2.05	0.48	20171017
002313	sz002313	27.6	66.85	4.52	86.11	86.11	3.33	-1.15	20171017
002644	sz002644	9.87	77.41	3.8	50.4	50.4	1.11	-0.2	20171017
002233	sz002233	13.26	18.12	2.47	106.55	118.63	3.37	-0.67	20171017
002649	sz002649	10.65	50.04	2.96	44.05	56.16	1.6	0.0	20171017
002648	sz002648	15.85	21.61	3.38	126.8	168.6	2.63	-0.94	20171017
000751	sz000751	5.87	52.23	3.69	82.76	82.76	1.98	-3.14	20171017
002318	sz002318	8.45	41.37	2.7	68.96	71.11	1.89	-0.24	20171017
002750	sz002750	11.09	55.09	7.01	24.95	44.42	3.46	-1.68	20171017
002753	sz002753	21.89	31.9	4.49	18.57	48.61	1.19	-0.05	20171017
002752	sz002752	11.35	58.33	5.34	18.15	94.57	3.99	2.9	20171017
002759	sz002759	27.69	67.7	3.62	26.58	125.21	1.27	0.14	20171017
002758	sz002758	13.68	65.82	5.11	16.98	28.73	1.55	0.81	20171017
603501	sh603501	30.37	89.17	11.63	12.63	126.34	8.6	0.46	20171017
603500	sh603500	33.32	56.64	8.46	10.5	41.98	3.93	0.63	20171017
300269	sz300269	19.1	26.36	2.18	66.35	117.21	3.12	-2.35	20171017
300266	sz300266	28.08	87.78	9.15	252.89	285.61	1.64	-0.07	20171017
600163	sh600163	4.59	41.76	2.8	34.59	45.88	1.09	0.22	20171017
300262	sz300262	10.48	39.26	2.21	47.76	70.26	2.73	-1.41	20171017
000690	sz000690	7.92	31.45	2.03	161.5	172.33	2.13	-0.88	20171017
601069	sh601069	18.67	76.96	6.78	35.43	118.74	5.13	-7.89	20171017
603336	sh603336	27.89	55.23	4.96	9.3	37.19	4.16	-4.03	20171017
603345	sh603345	25.7	30.95	3.48	13.88	55.52	3.62	1.18	20171017
002358	sz002358	15.44	36.1	3.09	140.57	143.55	1.42	-0.13	20171017
002351	sz002351	11.62	62.18	3.89	31.13	68.33	2.78	1.04	20171017
002350	sz002350	13.46	72.08	4.52	49.79	52.09	2.01	0.3	20171017
002354	sz002354	21.56	22.74	2.41	104.17	193.3	4.41	3.26	20171017
002357	sz002357	10.02	32.64	3.03	31.39	31.41	1.31	0.6	20171017
002687	sz002687	7.52	43.63	2.72	24.02	26.68	1.32	-0.4	20171017
002686	sz002686	12.36	44.26	3.85	35.16	54.76	1.76	-1.36	20171017
