sh600990	-2115	0	0	0	1221.91	24805	50.58	51.99	50.47	52.28	3.15
sh600995	-4159	0	0	0	-443.62	26181	9.10	9.07	9.04	9.12	-0.55
sh600997	-20151	1371	-1000	0	-590.49	107038	6.25	6.23	6.20	6.31	-0.48
sh600999	12277	15372	8857	0	3083.60	492298	18.71	19.16	18.61	19.50	2.84
sz000698	-10594	-1447	0	0	-366.07	40519	5.90	5.86	5.84	5.93	-0.85
sz002837	-633	0	0	0	21.39	21779	18.30	18.35	18.08	18.58	1.33
sh601111	64042	91204	62841	0	4179.20	1073566	11.09	11.27	11.06	11.43	2.08
sh601116	-1920	0	0	0	-444.78	43919	20.63	20.51	20.45	20.98	-1.44
sh601117	-60876	-25259	-17878	0	-609.83	273761	7.55	7.51	7.46	7.59	-0.92
sh600420	-9429	-7814	-6046	0	-1011.53	50240	11.65	11.56	11.50	11.69	-0.52
sh600422	-6074	0	0	0	269.83	46144	9.12	9.11	9.04	9.14	0.00
sh600426	-11627	304	2498	0	1474.14	203983	18.45	18.36	18.01	18.68	-0.16
sz000987	5173	9149	6213	0	964.92	106096	10.06	10.50	10.01	10.78	4.58
sz000877	-15321	-4432	-14704	0	2440.17	605798	11.83	12.10	11.73	12.31	1.51
sz300137	-13100	-4194	-3075	0	-1205.45	94602	21.56	21.31	21.31	21.83	-1.71
sz300138	457	1000	0	0	131.80	20718	12.31	12.26	12.21	12.50	0.16
sz000550	-23784	-9472	-6307	0	-2415.95	112239	19.25	19.08	18.85	19.25	-2.25
sh600335	-8083	-7845	-2700	0	-400.45	43346	10.59	10.56	10.50	10.67	0.00
sz002643	-6997	-1668	0	0	-704.89	81410	10.81	10.81	10.73	10.94	-0.64
sz002646	-1241	0	0	0	-200.94	16317	15.71	15.64	15.57	15.71	-0.70
sz002233	-26287	-12521	-9543	0	-3830.85	117193	11.94	11.81	11.74	12.04	-1.09
sz300267	-32709	-22118	-16057	0	-52.47	104175	6.60	6.59	6.54	6.63	-0.45
sz002354	-8667	564	-2651	0	-2268.08	73478	17.09	17.10	16.93	17.26	0.00
sz002682	-151	0	0	0	229.13	22045	11.00	11.12	10.91	11.14	1.18
sz300655	0	0	0	0	-4.47	7750	27.02	27.22	26.96	27.75	1.00
sz300650	0	0	0	0	275.05	8336	38.11	38.61	38.01	39.39	1.07
sh603238	-435	0	0	0	-231.05	13949	23.40	22.51	22.40	23.40	-2.93
sz300499	0	0	0	0	72.82	4452	18.85	19.01	18.53	19.25	1.12
sz300495	1353	2885	0	0	-150.87	21688	15.51	15.64	15.48	15.79	-0.45
sz002536	-1345	-1033	0	0	243.42	34628	15.26	15.29	15.03	15.33	0.46
sz002531	-9965	2858	0	0	1261.15	106446	7.40	7.50	7.36	7.63	0.54
sz002533	-2167	2820	0	0	-386.81	22255	6.65	6.60	6.58	6.65	-0.75
sh603727	-500	0	0	0	-619.35	27233	24.88	24.81	24.41	24.95	-0.56
sh603725	-6536	-2585	0	0	-942.38	61393	21.26	21.26	21.18	22.34	-4.62
sh603722	-981	0	0	0	-1264.30	51606	43.48	41.88	41.15	44.46	-4.95
sh600299	-974	0	0	0	-181.48	14971	12.00	11.91	11.82	12.07	-1.24
sh600297	-27525	-6924	2453	0	-2915.38	156088	7.78	7.58	7.52	7.79	-1.94
sh600295	-6480	-1097	0	0	-891.64	89608	14.35	14.16	14.13	14.51	-1.46
sz000915	-5482	1523	0	0	-3120.37	65418	29.81	28.78	28.57	29.81	-3.46
sz000910	-3048	-1033	0	0	1956.18	57007	25.73	25.43	24.85	25.73	-0.86
sh603658	0	0	0	0	-721.19	9511	48.00	46.19	46.18	48.00	-3.59
sh600079	-32087	-18549	-2129	0	-2423.68	116041	17.70	17.54	17.51	17.73	-0.90
sh600076	-18376	-17389	-16394	0	-2748.01	302787	7.29	7.08	7.00	7.29	2.61
sz000681	5313	1025	0	0	2997.16	56991	18.71	19.03	18.61	19.17	1.98
sh600073	-3487	0	0	0	265.64	51538	8.11	8.15	8.07	8.22	0.25
sz002828	-4086	-1333	0	0	-346.74	39421	24.22	25.00	23.48	25.10	2.67
sh603685	-292	0	0	0	-1427.62	36344	36.60	35.41	35.34	37.22	-3.22
sz300453	-1217	0	0	0	-249.70	7783	15.90	15.48	15.48	15.94	-2.46
sh603683	-10742	511	3044	0	5937.61	222692	28.05	30.03	27.90	31.47	4.96
sh600452	400	0	0	0	275.59	17149	33.92	33.99	33.51	34.52	2.41
sh600674	-5548	5150	15039	0	-1117.74	160325	9.84	9.88	9.78	9.93	0.30
sz000997	-27859	-7089	-3970	0	-4617.41	119083	18.57	18.25	18.19	18.60	-1.83
sh601811	258	0	0	0	22.98	12945	12.49	12.60	12.46	12.69	0.48
sz000040	201	1500	0	0	181.34	35805	13.38	13.33	13.21	13.56	-1.62
sz300127	-2450	0	0	0	-369.85	21756	16.74	16.38	16.30	16.79	-1.27
sh600701	2017	-2595	0	0	-695.93	129220	9.06	9.21	8.98	9.30	0.88
sh600763	-1035	1183	0	0	368.49	52083	35.13	36.18	34.80	36.87	0.81
sz300014	-6217	-1489	0	0	-261.87	91252	17.75	17.78	17.59	17.99	0.17
sh603535	-459	0	0	0	475.40	41826	25.98	26.53	25.90	26.85	2.12
sh603538	-1141	0	0	0	26.22	4239	26.02	25.71	25.50	26.11	-1.19
sz002322	-4686	-1743	0	0	-844.96	17248	17.75	17.44	17.41	17.76	-1.75
sh603393	-909	0	0	0	-377.19	18546	36.08	36.09	35.95	36.45	-0.11
sz300662	-839	0	0	0	-565.08	11954	25.72	25.40	25.00	25.88	-1.24
sz300669	-599	0	0	0	-95.46	12529	24.51	24.52	24.38	25.51	-0.93
sh603716	-223	0	0	0	-111.67	2040	49.37	49.70	49.35	50.37	0.00
sh603717	977	0	0	0	574.99	27234	27.40	27.90	27.20	28.21	1.57
sh603083	-2434	0	0	0	-2013.95	58063	49.12	48.43	47.59	51.87	-1.55
sh600285	4463	3405	0	0	-150.50	59300	9.09	9.12	9.05	9.21	0.66
sz002504	-15142	-1666	0	0	-223.06	86595	4.66	4.57	4.55	4.68	-1.30
sh603888	-228	0	0	0	567.13	28338	22.50	23.26	22.50	23.64	2.78
sh603663	0	0	0	0	-31.73	5509	20.14	20.11	19.95	20.27	-0.84
sz000672	-35065	-9653	-8841	0	-1292.53	363354	11.50	11.43	11.32	11.79	-1.55
sh600064	1613	2848	4439	0	750.38	55932	14.86	14.94	14.86	15.08	0.67
sh600066	-18614	-5202	-4365	0	3061.85	151146	22.55	22.81	22.42	22.96	0.88
sh603869	775	0	0	0	98.40	7791	20.79	20.95	20.68	21.04	0.77
sz300688	-314	0	0	0	-3.85	16663	52.00	52.55	51.71	53.58	1.06
sh600449	-8658	-1839	0	0	1378.12	109595	12.23	12.23	12.12	12.37	-0.24
sz300687	0	0	0	0	-207.32	8757	48.90	48.45	48.08	49.56	-0.33
sz000418	-1678	0	0	0	-3042.44	20814	72.20	70.40	69.01	72.50	-2.47
sh600661	808	0	0	0	808.47	16236	25.26	24.64	24.64	25.26	-1.72
sh601398	-386794	-249521	-220307	0	3526.90	4366550	7.14	7.12	6.98	7.20	-0.14
sz000898	-873	52170	23469	0	5268.80	1071646	6.94	7.05	6.89	7.13	2.47
sz000070	-6216	3	0	0	-585.79	64707	9.83	9.82	9.71	9.93	-0.51
sh601007	-1074	0	0	0	-74.04	8826	10.79	10.73	10.70	10.80	-0.37
sh601001	-3830	8025	5557	0	300.10	171125	6.47	6.55	6.39	6.56	1.24
sz000090	-38178	-21740	-12272	0	-888.14	149012	11.05	10.81	10.76	11.08	-1.73
sh600711	-77542	-48328	-25473	0	-4689.26	542225	9.37	9.10	8.98	9.43	1.68
sz300068	-25187	-8216	-2239	0	-803.61	120836	13.97	14.03	13.71	14.06	0.36
sz300065	2127	1194	0	0	145.93	51314	14.99	15.10	14.87	15.50	1.07
sh603527	-2050	0	0	0	-977.48	40845	30.17	29.26	29.08	30.77	-3.78
sz300208	-7773	0	0	0	-1005.75	35554	11.47	11.32	11.27	11.48	-0.88
sz300209	0	0	0	0	-200.16	18751	17.79	17.58	17.42	17.84	0.06
sz300519	-312	0	0	0	-131.81	10354	20.88	20.77	20.66	21.19	-1.10
sh600167	-240	0	0	0	114.07	9716	24.08	24.18	23.88	24.40	0.33
sz002335	0	0	0	0	-236.04	10813	30.78	30.76	30.72	31.15	0.13
sz300512	-500	0	0	0	-68.01	7323	17.07	17.08	17.03	17.34	-0.12
sh603380	-731	0	0	0	79.56	15937	20.06	19.77	19.20	20.38	-1.45
sh603386	-5608	-1068	0	0	-2806.32	123586	18.70	18.02	18.00	19.55	-5.70
sz300677	-215	0	0	0	427.13	22705	59.00	59.85	59.00	61.43	1.08
sh600161	-6795	0	0	0	-3850.06	52790	28.70	28.34	28.12	28.72	-0.56
sz300473	-326	0	0	0	-91.35	4409	41.10	41.65	40.71	41.68	1.34
sz300477	-2322	0	0	0	-47.36	20051	22.80	22.72	22.63	23.09	-0.39
sh603258	0	0	0	0	23.74	7217	30.07	30.27	30.00	30.53	0.26
sz300478	-655	0	0	0	-249.09	11975	38.51	38.37	38.01	39.28	-0.10
sz002790	-208	0	0	0	-73.80	4609	26.26	26.31	26.20	26.69	-0.08
sz002026	71	-1000	0	0	1032.36	49440	7.70	7.73	7.66	7.85	0.52
sz002796	-733	0	0	0	-1055.09	15528	32.20	31.14	30.92	32.57	-2.75
sz002798	-378	0	0	0	236.27	10223	45.67	47.85	45.00	48.17	5.10
sh603090	0	0	0	0	-138.76	5693	19.33	19.12	19.08	19.60	-1.75
sh600271	-15828	2371	2306	0	1488.48	129719	20.66	20.78	20.50	20.92	0.78
sz002245	-24377	-8904	-2104	0	-1962.75	98811	9.23	9.08	9.05	9.28	-1.20
sh603890	-1865	0	0	0	993.78	87625	39.35	40.76	39.35	42.40	2.77
sz002241	-50762	-38670	-17185	0	-3245.11	298146	16.06	16.21	15.90	16.23	1.31
sh603898	-245	0	0	0	-433.09	10170	30.70	30.20	30.09	31.14	-1.98
sz000662	-342	0	0	0	-107.42	19099	14.57	14.51	14.23	14.65	-0.41
sh600016	-2392	39567	81499	0	9331.80	2620251	9.08	9.11	9.06	9.22	1.11
sz000665	-1819	-3380	0	0	327.33	41916	10.11	10.19	10.10	10.27	0.89
sz000669	-659	2344	2344	0	280.74	31677	13.72	13.66	13.58	13.74	-0.51
sz002801	-619	0	0	0	27.59	11724	36.22	35.75	35.75	36.50	-1.24
sz002807	-20788	46806	23413	0	18348.00	993986	8.76	9.60	8.66	9.60	9.97
sh600383	-119975	-37146	-17079	0	-15876.00	864886	16.38	15.91	15.73	16.80	-2.63
sh600388	-19170	-1882	0	0	-3258.96	94313	16.02	15.84	15.75	16.07	-1.19
sh600475	-966	0	0	0	73.46	10787	14.00	14.06	14.00	14.14	0.43
sh600658	-10036	-1905	0	0	-372.63	52446	11.18	10.95	10.91	11.20	-2.06
sz000400	-7701	0	0	0	97.61	73428	12.34	12.32	12.26	12.43	-0.32
sh600121	-1851	862	0	0	190.17	58047	6.38	6.43	6.37	6.47	0.78
sh600123	-19234	3488	-1227	0	2669.85	223605	9.33	9.48	9.30	9.55	1.39
sh600126	-3660	-872	0	0	-25.60	59657	6.98	7.03	6.96	7.05	0.43
sz000798	-2958	-1338	0	0	-467.79	31607	9.15	9.01	8.92	9.22	-2.38
sz000888	797	1382	0	0	107.51	26187	10.39	10.42	10.33	10.58	0.29
sz000060	-63959	-16900	-19194	0	3475.20	415159	11.14	11.31	11.02	11.31	1.98
sh601019	-18392	0	0	0	-2306.76	127845	12.55	12.36	12.34	12.64	-1.28
sz000062	-762	0	0	0	-438.90	12156	22.85	22.87	22.85	23.13	-0.31
sz000069	72394	101990	111644	0	-12271.30	1492634	10.11	10.21	10.06	10.72	1.09
sh601636	-16431	16223	13589	0	-1956.44	446209	7.15	7.01	6.91	7.15	-0.85
sz000089	-31847	-6186	775	0	679.61	160898	8.91	8.80	8.77	8.93	-1.01
sh600729	1026	0	0	0	1241.87	49242	26.27	26.65	25.99	26.87	1.49
sz000333	-48476	-17602	-1086	0	-26476.00	313878	58.95	58.17	57.90	59.11	-1.32
sh600872	-3936	0	0	0	-231.41	36495	27.15	26.79	26.01	27.25	-1.33
sh601137	-1480	0	0	0	-99.04	24492	11.26	11.31	11.22	11.41	0.44
sz002410	-10642	-1000	0	0	-1805.44	47960	18.50	18.24	18.16	18.58	-0.98
sz002022	-4867	0	0	0	-500.69	36901	13.91	13.99	13.85	14.04	0.50
sz002795	941	0	0	0	340.25	52970	15.58	16.40	15.50	16.67	5.13
sh603096	0	0	0	0	-581.49	2912	60.50	60.01	60.00	61.49	-1.59
sh603466	-531	0	0	0	-1093.71	35384	55.50	53.40	53.02	56.32	-3.23
sz002499	-889	0	0	0	76.91	9930	20.28	19.91	19.58	20.35	0.15
sz300509	0	0	0	0	222.59	5811	24.98	25.15	24.82	25.60	1.17
sz300502	-314	0	0	0	-165.41	39003	24.05	23.59	23.50	24.65	-1.99
sz300506	-1326	0	0	0	-738.78	18802	22.13	21.81	21.75	22.31	-1.45
sz300447	216	0	0	0	-156.65	15645	17.29	17.40	17.29	18.00	0.99
sh603260	-1759	0	0	0	-2337.96	83395	62.15	61.07	60.98	63.89	-2.07
sz002014	-868	0	0	0	-38.75	8918	11.70	11.59	11.59	11.73	-0.69
sh603066	1292	0	0	0	147.98	14930	12.22	12.35	12.12	12.38	1.90
sh603067	66	0	0	0	103.95	19025	12.85	12.85	12.77	13.18	0.16
sh603288	-282	0	0	0	-441.93	18398	56.20	56.72	55.60	57.25	0.78
sh603289	-14493	-1412	0	0	-3494.32	152673	21.40	20.50	20.40	21.86	-6.26
sh600261	-17887	-2029	0	0	-423.79	45211	5.30	5.26	5.24	5.31	-0.57
sh603286	0	0	0	0	1240.03	12297	42.80	43.11	42.50	44.08	0.75
sz002270	-813	0	0	0	-20.08	7466	9.30	9.29	9.24	9.32	0.11
sh603605	-816	0	0	0	-498.72	51586	28.67	29.32	28.37	29.54	1.73
sz002472	-4681	0	0	0	-246.26	24631	9.19	9.10	9.09	9.25	-0.66
sh603608	-1303	0	0	0	-151.05	11894	10.68	10.63	10.61	10.79	-1.12
sz002477	-63165	-26199	-16568	0	-3486.13	291568	4.52	4.46	4.45	4.52	-1.11
sh600000	-131524	-66767	-82370	0	-14423.90	1716488	13.33	13.24	13.18	13.61	0.00
sh600395	-12720	-5079	2119	0	3.87	136431	7.02	7.04	6.93	7.13	0.28
sh600398	-9975	-5975	-3500	0	304.95	60470	10.30	10.35	10.25	10.44	-0.96
sh603113	-1940	0	0	0	-371.02	30337	23.22	23.01	22.97	23.45	-1.16
sh600138	-2926	1388	0	0	-2398.74	125823	22.17	22.04	21.91	22.68	0.36
sh600133	-20739	-2771	0	0	-853.88	126754	9.94	9.83	9.81	9.99	-1.60
sh600643	15071	24904	11531	0	5632.90	365385	10.99	11.31	10.98	11.47	3.01
sz002909	-6703	-1437	0	0	-2318.38	75649	24.60	23.48	23.32	25.65	-6.75
sz002900	-2015	-1354	0	0	-1687.39	42987	31.31	30.51	30.51	31.79	-3.11
sz002901	-962	-1231	0	0	129.35	40590	38.08	38.21	37.67	38.88	0.55
sh600487	-2034	3625	0	0	-6015.38	182161	40.66	40.73	40.30	41.31	0.34
sh600486	-928	0	0	0	-305.92	22293	54.10	52.83	52.22	54.96	-1.77
sz002907	-41260	-23928	-19593	0	-1179.00	217582	47.00	42.88	41.90	47.92	-1.56
sh601020	-394	0	0	0	-303.99	20217	19.55	19.22	19.17	19.59	-1.54
sh601601	-33797	527	-2580	0	230.60	322608	41.51	41.04	40.77	41.79	-0.46
sh601607	-28734	1894	-2965	0	-9644.10	352399	25.45	24.27	24.20	25.45	-5.12
sz000501	-4548	0	0	0	1170.11	69001	17.60	17.65	17.52	17.78	-0.28
sh600739	10492	7239	0	0	448.34	134532	17.95	18.29	17.95	18.46	1.61
sz002561	-1957	-1434	0	0	-322.72	17433	11.85	11.83	11.78	11.93	-0.34
sh601288	-88394	8551	124045	0	2720.60	6059788	4.42	4.47	4.35	4.48	2.29
sz300044	700	1321	0	0	-337.63	40349	14.40	14.27	14.19	14.43	-0.21
sh600012	-792	0	0	0	-86.50	12310	11.09	11.04	11.02	11.16	-0.99
sz300227	-481	0	0	0	-272.47	14389	21.78	21.80	21.60	21.98	-0.37
sh600820	-52127	-41482	-27634	0	-3344.74	178661	8.49	8.41	8.38	8.55	-0.94
sh600816	17849	15415	8148	0	2048.47	245918	13.25	13.44	13.20	13.58	1.74
sz300452	-266	0	0	0	-207.62	5862	26.17	26.18	25.82	26.37	-0.68
sh603076	-791	0	0	0	57.47	24560	38.39	38.67	37.31	39.47	1.15
sh603299	-16539	0	0	0	-741.26	145640	11.38	11.18	11.10	11.63	-3.62
sh603298	-2459	0	0	0	-54.77	15914	15.86	15.87	15.82	16.09	-0.50
sh600479	-621	0	0	0	540.58	34353	13.79	14.05	13.79	14.20	2.18
sh603617	-1088	0	0	0	63.91	23509	22.53	22.44	22.36	22.87	-0.36
sz002468	-537	0	0	0	416.59	18221	24.40	24.32	24.30	24.69	0.29
sz002462	610	-1245	0	0	284.43	13649	26.25	26.25	25.95	26.40	0.00
sz002466	-11917	-1305	0	0	-1745.89	135922	50.70	50.91	50.18	51.77	-0.02
sz002464	2518	0	0	0	-204.01	16380	31.15	30.89	30.76	31.91	-1.78
sz002867	0	0	0	0	-260.39	9277	28.40	28.33	28.30	28.96	-0.60
sz002864	-5275	-1701	0	0	-4178.14	74734	36.05	33.98	33.10	36.40	-6.65
sz002862	0	0	0	0	-8.75	3229	27.75	27.40	27.10	28.21	-1.40
sz002860	-225	0	0	0	-259.13	12940	42.75	41.54	41.45	42.75	-2.53
sh603858	-13828	-9562	-9562	0	-6127.39	98763	54.00	51.91	51.64	54.00	3.86
sz002868	-892	0	0	0	114.38	13858	24.50	24.69	24.50	25.43	-0.92
sh603101	-467	0	0	0	-84.81	12965	13.58	13.44	13.36	13.59	-0.81
sh603106	-23214	-2008	-2008	0	-5461.32	223429	28.79	27.42	27.00	30.50	-5.48
sz002911	-9765	-2843	-4265	0	-3341.73	182568	31.33	32.75	30.74	33.00	2.02
sh600038	-11420	162	0	0	702.14	94398	40.95	41.68	40.92	42.50	2.13
sh600036	-53705	12306	20234	0	4594.10	841328	32.66	32.46	32.21	33.35	0.43
sh600741	-12743	-3691	0	0	-5830.80	229769	26.34	25.97	25.78	26.62	-0.35
sh600743	-36399	-20395	-14918	0	-272.09	241233	4.08	4.06	4.05	4.16	-0.25
sz000423	-9441	-7195	-6185	0	4433.80	83770	65.34	65.70	64.78	65.93	0.61
sz300183	-8038	0	0	0	-3129.81	47749	18.28	18.11	18.05	18.49	-1.58
sz300182	4879	10415	9214	0	1086.66	140902	9.25	9.37	9.25	9.59	0.43
sz300236	-71	-82	-82	0	1546.01	46099	28.80	30.34	28.68	30.35	4.58
sz300231	-6739	-1347	0	0	-472.31	78587	10.48	10.54	10.39	10.68	0.67
sz300494	-1292	0	0	0	-235.06	27543	17.48	16.90	16.90	17.56	-3.59
sz002537	-5860	-1047	0	0	-470.77	46294	10.15	10.05	10.04	10.25	-0.89
sz300521	246	0	0	0	155.81	11640	15.03	15.06	14.72	15.17	0.13
sz002672	-8025	-5949	-2000	0	292.90	35547	15.55	15.57	15.41	15.63	0.13
sz002673	67322	64264	28133	0	8416.95	849492	12.41	13.05	12.39	13.55	5.07
sh603331	-459	0	0	0	-99.04	11609	20.08	19.77	19.70	20.29	-1.54
sh603488	-159	1000	0	0	693.24	38453	19.57	19.43	19.19	19.86	-1.67
sz300429	46	0	0	0	-607.03	18365	24.35	24.05	23.90	24.61	-0.33
sh600809	-2800	0	0	0	-2826.90	85456	65.13	65.42	63.19	67.00	0.40
sh600808	6046	17255	-140	0	2765.40	1277698	4.27	4.30	4.26	4.37	0.47
sh600801	-36300	-12398	-3565	0	-3472.09	234076	14.41	14.16	14.15	14.62	-1.60
sz002078	55513	70321	59139	0	954.50	662116	10.89	11.27	10.89	11.64	2.92
sh603042	-230	0	0	0	-40.11	17884	26.81	26.77	26.74	27.48	-0.45
sh603043	-205	0	0	0	-95.11	22545	19.50	19.50	19.36	19.75	-0.26
sh603912	-12974	-2725	-784	0	-1246.93	130813	29.18	29.33	28.83	31.15	-3.80
sh603809	-975	0	0	0	-1009.70	33329	37.80	36.96	36.86	38.50	-3.20
sh600933	-13519	-1064	0	0	-1547.37	195923	17.45	16.72	16.56	17.95	-2.96
sz002100	-2559	-1441	0	0	-289.22	18457	8.32	8.25	8.24	8.34	-0.96
sz002859	-282	0	0	0	283.09	14994	31.98	32.15	31.62	32.32	1.29
sz002853	-4843	1449	1449	0	-7021.77	155766	38.00	38.70	37.79	40.81	4.06
sz002857	-215	0	0	0	25.49	2692	28.13	27.98	27.71	28.40	-0.89
sh601992	14566	38452	33139	0	2247.17	645567	5.90	5.93	5.88	5.99	0.51
sh601998	-178531	-61279	-49867	0	1117.40	1687762	7.17	7.20	7.07	7.49	0.00
sh601999	-6125	-2447	0	0	-446.15	24474	7.48	7.39	7.39	7.48	-0.67
sh603829	-7306	-2039	-2039	0	-1316.32	80456	20.16	19.82	19.65	20.68	-4.53
sh603136	224	0	0	0	1374.33	24588	43.16	44.55	43.10	45.38	2.32
sh601199	-1426	1019	0	0	97.87	21164	5.59	5.61	5.57	5.63	0.36
sh600114	-10117	-2075	-7363	0	-997.95	114464	15.45	15.25	15.23	15.59	2.83
sh600118	-10490	0	0	0	-2590.47	93583	24.25	24.34	24.23	24.88	0.79
sh600028	230057	210213	162526	0	-20743.30	4157306	6.99	7.04	6.94	7.11	0.57
sz000631	-5871	811	5494	0	-1014.25	205030	4.60	4.61	4.57	4.78	0.44
sh601377	76958	122036	53091	0	11246.60	1181447	7.66	7.85	7.61	7.99	2.61
sz000568	-9407	510	0	0	-28542.10	171733	70.20	67.89	67.60	70.26	-3.22
sh600757	-6810	-1116	0	0	-97.84	46626	7.07	7.06	7.04	7.10	-0.14
sh600755	72754	86065	68541	0	7271.10	752059	10.77	10.96	10.64	11.09	2.33
sh600750	-7339	0	0	0	-2328.79	38730	26.86	26.45	26.40	26.95	-1.56
sh603197	-315	0	0	0	-149.97	5787	50.16	49.85	49.80	50.95	-0.60
sz002778	-813	0	0	0	102.54	9047	24.40	24.69	24.10	24.85	1.19
sz002677	0	0	0	0	-181.48	10854	16.70	16.73	16.45	16.90	-0.12
sz300527	-212	0	0	0	128.97	12243	22.69	23.12	22.50	23.80	3.54
sz300082	-4307	0	0	0	-231.04	38367	6.91	6.95	6.91	7.05	-0.43
sz000686	28429	19565	5102	0	5983.80	513139	8.86	9.18	8.85	9.38	3.38
sz002661	-3955	-2548	-2548	0	-48.83	8662	14.13	14.13	13.95	14.13	0.21
sz002664	-472	0	0	0	1313.98	18863	25.15	25.29	24.98	25.50	0.48
sz300553	0	0	0	0	86.34	1519	41.04	40.70	40.63	41.35	-0.61
sh603555	-37392	-35771	-31475	0	2578.93	107723	19.00	20.88	18.90	20.88	10.01
sh603708	-1639	0	0	0	182.85	27866	20.73	20.77	20.67	21.29	-1.70
sz002595	-1342	0	0	0	-711.86	13011	18.30	18.07	17.81	18.30	-0.82
sz002594	-1798	0	0	0	-1082.59	52370	63.60	63.20	62.68	63.63	0.05
sz300432	-1162	0	0	0	-368.30	16651	18.31	18.18	18.09	18.46	-0.33
sz002068	-4864	-2288	0	0	514.30	56954	10.05	10.01	9.94	10.07	-0.10
sz002065	49138	114544	105002	0	29068.50	1870886	8.75	9.45	8.66	9.47	9.76
sh603586	-553	0	0	0	-76.88	13342	24.66	24.33	24.25	24.78	-1.22
sh603585	0	0	0	0	-170.25	4025	31.64	31.46	31.28	31.70	0.19
sh603589	-4337	0	0	0	-5941.71	51860	51.29	48.88	48.69	51.29	-3.99
sh603900	-714	0	0	0	-77.43	22156	30.66	31.36	30.30	31.48	2.72
sz300720	-596	0	0	0	-202.12	30613	33.07	32.55	32.50	34.55	-1.81
sh603637	-87	0	0	0	393.81	37264	26.88	26.71	26.66	28.14	-0.78
sh603630	0	0	0	0	-279.48	8112	26.90	26.68	26.60	27.15	-1.29
sh603633	-742	0	0	0	-46.18	15599	18.40	18.15	18.11	18.40	-2.31
sz002110	-23816	-5672	-4406	0	-2440.80	311931	22.63	22.66	22.10	23.13	-0.09
sz002449	3565	9501	2603	0	1867.58	130930	15.57	15.79	15.38	16.14	1.87
sz002448	-1499	0	0	0	44.72	21700	8.90	8.92	8.90	9.00	-0.34
sz300497	-958	0	0	0	-875.82	15459	37.30	37.60	37.03	37.60	0.80
sh600345	-2400	0	0	0	1146.79	79440	29.50	29.96	29.23	30.72	1.22
sh603127	0	0	0	0	-82.15	5814	57.02	56.53	56.39	58.29	-0.67
sh603129	-219	0	0	0	-158.08	17070	27.96	27.42	27.41	28.48	-2.63
sh600236	-9029	-3340	0	0	294.25	39593	5.65	5.64	5.63	5.67	-0.18
sh600231	-48161	-10349	3546	0	-270.57	361841	5.10	5.10	5.06	5.18	-0.20
sh600694	-1648	0	0	0	418.96	22679	36.60	36.28	36.06	36.78	-0.68
sh600690	-42603	-11179	-28838	0	-18722.70	638974	21.60	21.15	20.90	21.75	-1.81
sh603368	0	0	0	0	1218.12	20651	46.20	48.01	46.20	48.58	5.24
sh600580	-28443	-7639	-2454	0	-1108.86	133711	8.77	8.69	8.62	8.80	-1.47
sh600585	-12477	4810	7125	0	-3046.00	586422	32.20	32.54	32.12	33.35	1.31
sz000627	-17632	1496	-6377	0	1755.48	291224	8.50	8.69	8.47	8.75	2.00
sz000990	-3361	0	0	0	-198.30	28826	16.49	16.51	16.35	16.63	-0.36
sh600761	-3508	0	0	0	-127.87	53742	10.34	10.41	10.34	10.54	0.77
sh600765	1736	0	0	0	-135.64	53390	11.87	11.85	11.82	12.09	0.85
sh600563	-830	0	0	0	807.90	19564	46.73	47.52	46.73	47.90	1.63
sh600566	-1499	0	0	0	-800.29	29836	41.64	41.22	40.78	41.92	-1.41
sh600567	-148571	-57111	-58264	0	-3565.80	1204509	4.70	4.67	4.63	4.84	-0.85
sh601965	-9815	0	0	0	-318.40	35278	8.51	8.35	8.27	8.53	-2.11
sh601566	-822	4010	0	0	600.39	34943	14.08	14.18	14.02	14.27	1.21
sz002615	3352	2935	2935	0	-320.46	32937	8.93	9.08	8.90	9.21	-0.11
sz300547	-98	0	0	0	1337.87	18760	51.22	54.15	51.22	55.93	4.15
sz300549	-973	0	0	0	-158.08	8620	20.30	20.35	20.08	20.72	-0.10
sh600827	1700	1055	0	0	-1149.05	44691	13.18	13.19	13.15	13.27	-0.08
sz002053	-7844	-1000	0	0	-300.80	27306	11.31	11.31	11.27	11.35	0.00
sz002726	-2325	0	0	0	65.31	30986	10.60	10.88	10.51	11.03	0.00
sh603026	-739	0	0	0	-153.20	12349	23.17	22.80	22.51	23.17	-0.83
sz002627	-205	0	0	0	125.23	5113	18.17	18.24	18.04	18.27	0.66
sh601818	251230	306925	334291	0	11097.20	6142446	4.39	4.44	4.39	4.54	2.54
sz002620	-5453	0	0	0	-531.25	51310	10.07	9.88	9.86	10.11	-2.56
sh603936	0	0	0	0	25.10	5582	24.21	23.90	23.83	24.30	-1.28
sh603937	-11289	-1899	0	0	-1853.78	137684	25.93	25.05	24.60	26.64	-5.26
sh603933	0	0	0	0	163.44	11026	48.80	49.39	48.45	50.00	1.06
sh603938	-200	0	0	0	182.06	16102	35.59	35.74	34.70	36.14	0.37
sh600917	-16154	-2229	-2008	0	-449.76	107202	10.05	9.84	9.80	10.08	-1.80
sz300716	-2491	0	0	0	-1236.52	64197	28.61	28.28	27.82	29.95	-2.21
sz300715	-350	0	0	0	-588.04	24788	36.75	35.38	35.17	37.36	-4.12
sz300710	-424	0	0	0	-789.71	37906	44.60	44.10	44.06	46.20	-1.78
sz300711	-3603	-366	0	0	-363.34	107958	29.66	30.00	29.66	32.00	0.37
sz002435	-625	0	0	0	189.73	11301	18.28	18.09	17.96	18.28	-1.04
sz002123	-9176	-1500	0	0	-534.74	35339	10.05	9.99	9.99	10.13	-0.50
sz002128	-27688	-4754	2427	0	1074.39	211122	10.94	10.89	10.76	11.05	-0.37
sh603806	400	0	0	0	-187.77	5598	33.51	33.62	33.50	34.15	0.33
sh603218	19	0	0	0	161.26	14737	22.62	22.74	22.60	23.10	0.09
sz002548	-233	0	0	0	39.96	9518	10.35	10.34	10.33	10.44	0.00
sh600229	-1300	0	0	0	23.11	12353	7.56	7.57	7.54	7.64	-0.13
sz002540	-4528	0	0	0	281.74	30830	7.63	7.53	7.53	7.63	-1.18
sz002541	-3324	0	0	0	-322.48	29324	14.13	13.97	13.87	14.21	-1.55
sh603159	-366	0	0	0	-208.03	11936	25.23	24.71	24.67	25.43	-2.79
sh600177	6637	11298	9959	0	4223.67	239781	9.81	9.91	9.81	9.94	1.12
sh600179	-1177	0	0	0	-112.20	59237	27.00	26.48	26.07	27.00	-0.19
sh601888	-1091	0	0	0	258.85	65640	48.30	48.16	47.81	48.63	-0.29
sh600594	-29054	-3363	0	0	-2961.76	104022	10.44	10.25	10.22	10.47	-1.35
sh600597	-19159	-4706	0	0	889.84	148593	15.72	15.45	15.36	15.74	-1.65
sh600593	177	0	0	0	530.58	13577	29.40	29.66	29.15	29.79	0.75
sz000968	-6762	0	0	0	-1069.02	57353	14.50	13.98	13.95	14.54	-3.19
sh600598	-75599	-26610	-8415	0	-4585.66	415401	11.82	11.64	11.51	11.91	-1.44
sh600779	-3076	2160	2160	0	-1683.30	81178	52.46	50.95	50.00	52.52	-1.91
sh601088	21829	44520	25231	0	7026.50	735164	23.61	24.16	23.57	24.38	2.72
sh600681	-3199	0	0	0	-127.48	29065	13.33	13.16	13.05	13.38	-1.05
sh601555	31030	21943	11382	0	2055.14	465150	9.95	10.20	9.91	10.47	2.62
sh601799	-1004	-1004	0	0	672.33	15981	47.50	46.15	45.58	47.81	-2.76
sz000548	-7679	0	0	0	-233.75	30939	6.45	6.42	6.39	6.54	-1.23
sz000546	-10422	-3304	-2202	0	-935.84	55135	15.19	14.59	14.40	15.30	-3.95
sz000544	-1486	-1000	0	0	30.32	8477	14.38	14.49	14.38	14.52	0.28
sz300395	-113	0	0	0	-154.22	16177	15.10	15.00	14.82	15.38	-0.92
sz000541	-3202	11832	7315	0	1314.16	117889	9.49	9.47	9.41	9.61	-0.21
sh600986	461	998	0	0	67.51	34942	10.66	10.63	10.52	10.75	-0.28
sz300572	0	0	0	0	21.65	1166	61.49	61.42	61.10	62.38	0.36
sz300570	-1134	0	0	0	-616.26	24190	19.71	19.56	19.52	20.13	-1.01
sz002601	-34565	-12234	-6641	0	-3275.73	177004	17.66	17.28	17.21	17.68	-1.99
sz300575	0	0	0	0	-299.79	9158	41.28	40.74	40.60	41.28	-1.26
sz300378	-4394	-1075	0	0	-413.39	46991	12.74	12.76	12.63	12.93	0.08
sz300375	-678	-1045	0	0	1200.81	60926	16.18	16.52	16.15	16.97	2.04
sz300376	-9480	855	0	0	-569.85	104614	7.05	7.02	6.98	7.09	0.29
sz002731	0	0	0	0	27.62	4745	17.70	17.59	17.51	17.72	-0.73
sz002043	-5431	-1284	0	0	45.39	66944	11.48	11.48	11.30	11.59	-0.09
sz002048	-1692	0	0	0	-1169.12	34826	21.89	22.15	21.78	22.62	0.41
sz300702	-801	0	0	0	-773.51	21660	44.29	42.94	42.80	44.90	-2.45
sz300707	-1031	0	0	0	-595.94	27681	45.35	45.93	45.35	47.37	1.06
sz002139	-19604	-768	2058	0	-120.86	112981	10.58	10.35	10.29	10.68	-2.45
sh603321	-19401	-6482	-4462	0	-3765.93	166850	13.50	13.28	13.21	13.91	-5.28
sh603320	-1805	0	0	0	228.53	40143	27.92	29.49	27.30	29.99	5.74
sh603499	236	0	0	0	-415.58	33811	26.25	25.50	25.00	27.09	-3.08
sh600366	-31872	-24233	-25140	0	3575.15	123935	18.70	18.70	18.20	18.70	10.00
sz002080	-5923	0	0	0	626.82	62157	24.00	23.56	23.40	24.09	-2.12
sh603813	-438	0	0	0	-399.09	36317	31.94	31.68	31.60	32.85	-0.97
sh600211	0	0	0	0	-514.51	4769	33.87	33.61	33.59	33.99	-1.12
sz002557	-2908	-1225	0	0	-341.34	18804	15.35	15.06	14.94	15.35	-1.83
sh601163	-1990	0	0	0	-155.80	21227	20.30	20.16	20.09	20.30	-0.15
sz000605	-798	0	0	0	-14.31	19720	17.92	17.96	17.77	18.13	0.11
sz000601	-1657	-1096	0	0	24.73	20832	7.20	7.20	7.16	7.22	0.42
sz000609	-2564	0	0	0	-212.30	18753	11.16	11.06	11.06	11.23	-1.16
sh600785	-272	0	0	0	95.23	4140	21.82	21.72	21.67	22.20	-0.41
sz000778	55050	50413	41993	0	1599.30	415551	5.41	5.45	5.38	5.49	0.93
sh600141	-21002	-2168	0	0	-3759.97	125079	17.29	16.85	16.83	17.50	-2.49
sh601238	3177	3019	3019	0	-370.20	45300	24.33	24.45	24.25	24.53	0.66
sh601788	38602	31027	14824	0	4212.88	362472	14.17	14.48	14.14	14.75	2.33
sz000980	-22480	-8451	-3842	0	-3614.99	88569	11.48	11.25	11.25	11.55	-1.92
sz000553	-14148	1061	-3018	0	-2458.79	108157	17.44	17.32	17.25	17.70	-1.59
sz300385	0	0	0	0	-174.04	3936	23.98	23.87	23.72	23.99	-0.21
sz300144	-1561	1779	0	0	-724.78	71142	18.15	18.05	17.95	18.47	-0.44
sz002636	-4069	-1039	0	0	-589.14	29851	15.01	14.91	14.90	15.13	-0.93
sz002635	-12367	-401	0	0	1796.63	146088	22.64	22.96	22.44	23.23	2.09
sz300360	-1402	0	0	0	-315.39	16905	10.46	10.46	10.42	10.59	-0.38
sh603797	-2876	0	0	0	-881.29	38825	21.00	20.26	20.25	21.00	-2.08
sh603001	-81	0	0	0	131.57	19807	14.28	14.42	14.25	14.51	0.70
sh603007	-324	0	0	0	-32.47	25715	12.80	12.48	12.48	12.80	-3.03
sh600979	-9524	-3743	0	0	-181.73	32829	5.24	5.19	5.18	5.25	-0.95
sh600978	12536	3539	0	0	1238.90	108926	8.91	9.05	8.86	9.08	1.80
sh600976	1148	0	0	0	-415.61	26147	23.46	23.70	23.41	23.75	1.02
sh600970	-59197	-39623	-13081	0	-4260.09	238587	9.97	9.83	9.78	10.02	-1.80
sz002144	-211	0	0	0	29.69	5314	13.91	13.93	13.85	14.07	0.07
sz002146	-92473	-40243	-31933	0	-5354.90	1299661	12.58	12.37	12.14	13.07	-1.75
sz002411	1709	0	0	0	57.34	12220	26.46	26.52	26.18	26.62	0.42
sz002416	-13654	-6553	-3300	0	-427.18	52024	9.14	9.08	8.96	9.24	-0.66
sz002143	-14300	-14602	-6169	0	226.75	102203	14.38	14.38	14.13	14.51	-0.28
sh603316	-381	0	0	0	13.94	19607	14.65	14.43	14.38	14.87	-1.03
sh603313	-300	0	0	0	-379.74	8067	26.03	25.86	25.80	26.18	-0.65
sh603311	-628	0	0	0	64.77	12754	15.60	15.73	15.48	16.28	1.42
sz002384	2944	0	0	0	-2607.86	70208	26.49	27.10	26.42	27.51	2.34
sz002897	-1271	0	0	0	-774.08	53424	39.00	39.66	38.77	40.63	0.30
sz002892	0	0	0	0	-591.50	14174	40.89	40.27	40.11	41.69	-2.61
sz002890	0	0	0	0	-127.38	7924	33.65	33.24	33.18	34.30	-2.15
sz002891	-200	0	0	0	-7.48	5301	33.80	33.66	33.52	34.42	-0.85
sh601878	4523	24470	7627	0	4596.95	748842	17.16	17.92	17.00	18.82	4.19
sh603178	-994	0	0	0	-377.48	12709	15.09	14.85	14.75	15.16	-1.59
sh603959	-645	0	0	0	337.07	8566	30.02	30.56	30.02	30.86	0.66
sz000026	-1970	0	0	0	-260.25	17335	10.61	10.63	10.60	10.74	-0.09
sh601155	-1980	2902	0	0	4373.80	281919	35.03	36.56	34.90	36.88	4.37
sh601158	-4911	-1000	0	0	79.97	35568	6.52	6.49	6.48	6.54	-0.15
sz002479	-446	2879	5001	0	-2418.75	91707	10.25	10.21	10.17	10.28	-0.87
sz300576	-474	0	0	0	128.24	13129	16.93	16.99	16.71	17.23	0.47
sh600377	12303	12663	2530	0	528.17	76007	9.97	10.09	9.97	10.11	1.10
sh600376	-18930	-8227	-2289	0	-614.89	98457	10.85	10.75	10.71	11.11	-1.10
sz000011	-5439	-1092	0	0	-491.37	61172	18.08	17.84	17.80	18.25	-1.38
sh600797	-14746	-4731	0	0	-1435.18	121260	12.22	12.04	12.01	12.27	-0.66
sh600551	-1886	0	0	0	-59.30	18625	12.16	12.09	12.06	12.20	-0.49
sh600557	-4602	0	0	0	-471.24	27855	13.41	13.42	13.39	13.51	-0.15
sz000498	-7336	-5955	0	0	229.59	103698	6.84	6.93	6.78	6.96	1.61
sz002475	12690	16817	10467	0	2850.40	246764	22.57	23.15	22.50	23.50	2.07
sh601939	-206889	-107355	-60858	0	-5260.20	2450846	9.00	9.09	8.79	9.10	1.22
sh601336	-22289	-2244	-2053	0	-12840.90	265404	63.82	63.07	62.49	63.98	-1.11
sz000830	-59762	-23855	-12244	0	-5402.40	394495	19.23	19.28	19.06	19.44	-0.92
sz002876	-645	0	0	0	1148.36	10737	61.15	63.00	60.33	63.00	2.07
sz002871	0	0	0	0	-103.70	5424	35.07	34.80	34.73	35.50	-0.80
sz002873	-341	0	0	0	-359.12	10403	44.42	43.93	43.82	44.73	-1.30
sz002624	1087	1000	0	0	-26.79	20811	31.25	31.05	30.65	31.29	-0.64
sz300355	-46471	-28784	-22241	0	-2882.02	247768	12.10	12.07	11.97	12.24	0.17
sh603010	-435	0	0	0	40.15	8758	25.42	25.52	25.31	25.81	0.39
sh603018	0	0	0	0	-53.18	7625	26.67	26.93	26.53	27.07	1.28
sz002081	-15291	741	0	0	253.44	214486	15.46	15.32	15.23	15.60	-0.78
sz002087	-25659	-6600	-5600	0	-880.43	67913	5.70	5.64	5.61	5.71	-1.05
sz002736	-1296	29214	22368	0	7814.40	935362	12.75	13.71	12.70	13.96	5.71
sz002158	-13155	-4252	-2845	0	-2805.74	95938	12.70	12.39	12.38	12.77	-2.75
sz002152	-45521	-16925	-14611	0	-1711.09	333436	7.38	7.32	7.30	7.44	0.00
sz002394	-3272	-1194	0	0	-125.09	16521	12.48	12.42	12.40	12.51	-0.32
sz002396	-4037	-1000	0	0	1182.77	62922	19.58	19.61	19.31	19.83	0.15
sz002391	-2187	0	0	0	159.53	40060	15.48	15.50	15.34	15.79	-0.19
sz002573	-26280	-5813	-2805	0	-3103.17	123651	20.34	20.01	19.99	20.42	-1.57
sz002407	-4003	0	0	0	-689.00	60198	19.93	19.85	19.81	20.06	-0.40
sh600641	-15250	-3655	-6099	0	-1787.36	98938	13.48	13.28	13.21	13.59	-1.34
sh600098	199	2000	2000	0	-319.90	36705	7.10	7.09	7.08	7.11	-0.28
sz000952	-9246	-2004	0	0	-1719.92	34433	14.47	14.01	13.87	14.47	-3.31
sh600093	-68407	-53076	-53166	0	-25966.10	934211	16.77	16.77	16.77	18.80	-9.98
sz002888	0	0	0	0	-164.65	13068	28.36	27.69	27.68	28.39	-2.77
sz002882	-5843	1010	0	0	-918.51	64612	14.89	14.27	14.25	14.90	-3.12
sz000002	-5551	14820	10842	0	-18264.40	548758	39.85	39.42	39.25	41.09	-0.86
sh600528	-26490	1179	3264	0	-3679.59	143248	12.72	12.55	12.50	12.72	-1.49
sz002905	-598	0	0	0	-230.34	27592	35.41	35.79	35.41	36.20	0.31
sz000711	17935	898	0	0	3164.38	121504	12.85	13.13	12.78	13.35	2.18
sh601211	2631	28341	9487	0	11833.30	685616	20.05	20.42	19.94	20.76	2.41
sh601858	-2906	0	0	0	-288.27	39257	10.76	10.63	10.62	10.83	-0.93
sz000826	-9213	-1420	0	0	1072.20	49827	31.31	31.38	31.21	31.69	0.80
sz000828	7819	-174	0	0	1337.42	72192	11.15	11.36	11.09	11.55	2.07
sz300703	777	0	0	0	-427.30	14645	33.75	33.47	33.42	34.56	-1.96
sz300581	-80	0	0	0	1149.23	12819	29.40	32.23	29.40	32.23	10.00
sz300342	-769	0	0	0	-29.31	13503	14.79	14.69	14.54	15.20	0.14
sz300349	-1147	0	0	0	-321.46	19690	39.35	39.89	39.20	40.44	0.99
sz002424	-3392	0	0	0	-354.54	60476	15.61	15.68	15.58	15.92	0.51
sz002422	-1606	0	0	0	-1231.11	85896	25.55	25.83	25.55	26.33	1.57
sz002788	320	0	0	0	-140.57	7791	28.97	29.04	28.90	29.26	0.10
sz002768	-455	0	0	0	-187.28	4969	26.22	26.13	26.01	26.29	-0.19
sz002766	-12842	-2333	0	0	-1697.30	63336	14.84	14.65	14.50	15.04	-1.74
sh603577	-7473	-892	0	0	-822.75	94000	15.00	15.06	14.45	16.15	1.01
sz002781	-205	0	0	0	-171.00	7339	22.06	21.74	21.68	22.08	-1.14
sh603688	-173	0	0	0	-164.62	19463	13.79	13.82	13.67	14.06	0.22
sh600362	-38342	-6524	-334	0	-6301.61	369246	19.37	19.52	19.07	19.54	1.30
sz002166	-8452	-2151	-2324	0	-1111.28	52543	10.51	10.38	10.34	10.60	-1.61
sz002183	-46200	-17334	-4520	0	-1490.80	129755	7.55	7.42	7.40	7.57	-1.46
sz002186	-55	0	0	0	-211.96	9999	18.36	18.25	18.24	18.52	-0.65
sh601100	-1047	0	0	0	1188.13	65897	31.98	31.16	30.69	32.16	-0.95
sz300626	0	0	0	0	-27.56	1074	27.69	27.71	27.40	27.90	0.04
sz300627	-434	0	0	0	-549.53	19877	44.90	46.11	44.90	47.89	3.85
sz300621	2628	0	0	0	1261.81	49837	20.97	21.55	20.64	21.83	2.81
sh603199	-6724	0	0	0	-4622.36	30418	27.76	26.83	26.81	27.76	-3.04
sh600886	-47026	-18217	-13886	0	-1782.41	253451	7.23	7.22	7.17	7.25	-0.14
sh603970	490	-1006	0	0	1433.81	59808	29.86	30.30	29.72	31.23	0.97
sh603976	0	0	0	0	-197.93	20630	29.00	28.56	28.44	29.73	-2.02
sh603757	0	0	0	0	-637.87	5451	55.33	55.30	55.00	56.48	-0.47
sh603979	-581	7995	10185	0	1449.81	78873	10.79	10.99	10.73	11.36	2.90
sh600400	-3209	-807	0	0	-145.78	57315	7.34	7.37	7.31	7.45	0.27
sh603990	0	0	0	0	-11.95	1931	36.93	36.89	36.16	37.27	-0.11
sz000920	-4218	-1035	0	0	-34.97	30848	9.55	9.67	9.52	9.79	-0.21
sz000923	-2674	0	0	0	-1054.10	45294	24.87	24.30	24.26	25.14	-1.70
sz002215	-4229	0	0	0	-138.16	39554	6.85	6.85	6.81	6.89	-0.29
sz000036	-95536	-49770	-32768	0	-7716.81	316523	10.06	9.84	9.81	10.23	-2.57
sz000039	-22442	-2451	0	0	-3502.47	112121	21.85	21.48	21.45	21.94	-1.96
sh603518	300	0	0	0	136.24	5481	19.45	19.76	19.45	19.86	1.13
sh603515	359	0	0	0	2085.53	20946	46.59	46.88	46.10	48.20	0.32
sh603517	-1321	0	0	0	-131.94	13715	38.74	37.69	37.30	38.80	-2.71
sz000582	-5930	-2171	-2171	0	-555.91	41626	10.12	10.07	10.05	10.27	-0.59
sh601689	-6738	0	0	0	-659.65	47434	23.46	22.75	22.60	23.46	-3.03
sz300027	-68990	-14084	-13324	0	-3349.92	367955	9.29	9.10	9.08	9.42	-1.73
sz000676	-1499	0	0	0	-349.38	18434	10.82	10.71	10.70	10.86	-0.74
sz002776	0	0	0	0	-64.06	4724	19.47	19.38	19.26	19.49	0.21
sz300244	-547	0	0	0	-529.24	31959	22.85	22.49	22.39	22.98	-1.14
sh603699	-428	0	0	0	333.54	10397	19.90	20.00	19.80	20.02	0.45
sz002179	-4310	2174	0	0	1196.21	57698	36.80	36.85	36.50	37.59	1.01
sh603360	0	0	0	0	-118.73	13303	23.44	22.99	22.90	23.50	-1.92
sz002370	-764	0	0	0	208.32	7305	14.00	14.07	13.90	14.15	1.15
sz002376	-12805	0	0	0	-41.25	92202	12.88	12.50	12.49	12.96	-3.10
sz002191	-46	-189	0	0	1020.63	74896	8.92	9.07	8.89	9.17	2.02
sz002195	-44927	-13124	-10372	0	-2761.04	287729	6.13	6.11	6.07	6.18	-0.16
sz300631	-4589	460	0	0	-525.60	52313	28.00	27.80	27.11	29.57	-2.46
sh603183	-1197	0	0	0	214.69	44531	45.70	44.62	44.51	46.50	-4.33
sh603188	-4137	-1106	0	0	-469.29	40362	16.70	16.45	16.38	16.70	-1.56
sh603960	432	0	0	0	84.31	9610	27.86	28.34	27.83	29.10	2.31
sh603963	-945	0	0	0	-1411.98	32560	32.29	31.00	30.91	32.50	-4.44
sh603989	-685	0	0	0	-541.84	16665	37.63	37.53	37.50	38.30	-0.71
sh603987	-653	0	0	0	-9.12	18568	12.33	12.26	12.21	12.48	-0.49
sh603985	1663	1361	0	0	-40.70	13580	39.60	39.42	38.60	39.97	-1.38
sz000937	-28953	-18033	-9942	0	-456.32	199085	6.06	6.05	5.98	6.13	-0.33
sh600323	-9158	-1744	2166	0	-1117.83	49265	14.28	14.17	14.14	14.30	-0.49
sz002203	-1217	0	0	0	77.76	21741	7.66	7.66	7.61	7.69	0.00
sz002202	-23735	-3459	-10758	0	811.02	272245	18.17	18.23	18.16	18.88	-0.92
sz002206	-2136	0	0	0	62.76	19225	5.82	5.84	5.81	5.86	0.17
sh600509	-12609	-5098	0	0	-235.25	38024	6.74	6.74	6.72	6.80	-0.30
sh600053	-1914	0	0	0	30.15	16805	23.91	24.37	23.86	25.25	1.54
sh600054	-4460	-1000	0	0	94.67	24858	14.05	13.96	13.93	14.13	0.50
sh600507	-34961	31470	29817	0	15918.50	666232	15.31	15.81	15.20	16.06	3.20
sz000732	-121619	-64751	-63821	0	-11566.40	787475	36.80	37.94	36.68	41.47	0.64
sh600188	-6276	-381	-1916	0	5601.60	406622	16.12	16.58	16.01	17.02	2.47
sh600618	-8172	0	0	0	-941.59	48176	11.68	11.47	11.41	11.68	-1.97
sz000591	-6083	506	4336	0	-499.28	108656	5.62	5.62	5.60	5.68	0.36
sz000021	-40856	2861	-8177	0	-5060.63	526248	9.85	9.85	9.74	10.01	0.31
sz000027	-9630	-7178	-3289	0	-43.65	51979	6.11	6.11	6.07	6.13	0.16
sh601588	-47295	-21612	-10335	0	-1004.65	122327	5.51	5.44	5.43	5.55	-2.16
sh603758	2953	0	0	0	948.00	59447	13.99	14.40	13.95	14.57	2.42
sz300031	-1259	0	0	0	-422.83	12845	14.80	14.90	14.80	15.19	-0.13
sz300327	-1602	0	0	0	-276.75	23749	28.25	28.01	27.95	28.60	-0.71
sz300326	-1101	-1076	0	0	468.55	27662	8.40	8.44	8.39	8.61	0.36
sz300324	-10908	0	0	0	-1063.02	66503	15.40	14.95	14.95	15.41	-2.73
sh603519	-200	0	0	0	-57.14	3212	21.16	20.80	20.80	21.29	-0.76
sz002749	0	0	0	0	-121.79	3412	67.02	66.74	66.30	67.40	-0.46
sz300258	-3529	0	0	0	-819.36	28611	14.31	14.02	13.91	14.41	-2.23
sz300251	-34192	-6930	-2518	0	-214.23	158129	10.51	10.32	10.32	10.65	-1.90
sz002527	-2141	0	0	0	-34.73	16165	9.68	9.72	9.67	9.77	0.52
sh603421	-1143	0	0	0	204.67	9698	25.54	25.05	24.93	25.54	-0.99
sh603357	-9992	0	0	0	-3639.90	111989	25.25	24.61	24.41	25.33	-3.87
sz002690	-4416	0	0	0	-876.92	28308	17.35	17.14	17.08	17.53	-1.55
sz002343	-2187	0	0	0	-896.56	35006	32.81	31.88	31.70	32.81	-2.86
sz002444	-16849	-9721	-5193	0	-1608.81	76402	12.86	12.72	12.69	13.05	-1.40
sz300648	-250	0	0	0	-557.30	4155	61.20	60.05	60.03	62.30	-1.88
sz300647	400	0	0	0	50.89	11932	19.00	19.19	19.00	19.36	0.52
sz300641	-158	0	0	0	410.19	19706	14.60	14.70	14.50	14.93	0.68
sz300484	0	0	0	0	120.59	7635	19.98	19.75	19.68	20.19	-1.05
sh603226	0	0	0	0	153.41	4731	30.06	30.03	29.75	30.13	-0.10
sh603223	0	0	0	0	145.99	6024	22.21	23.21	22.21	23.66	3.57
sh603229	-2279	0	0	0	-676.89	27269	17.90	17.30	17.27	18.15	-3.94
sh600004	-9388	-751	2054	0	-1852.19	148995	15.86	15.76	15.63	16.05	-0.63
sz002285	-97000	-53721	-29488	0	-13073.16	439586	11.94	11.56	11.48	11.99	-2.78
sz002001	-10937	-3238	0	0	-5004.84	148327	42.30	41.99	41.62	42.90	-1.62
sh600516	-107633	-39964	-36756	0	-30115.10	1013637	31.25	30.33	29.87	31.65	-2.94
sz002061	-1384	1229	0	0	-802.28	95401	15.26	15.25	15.05	15.51	-0.07
sh600379	-1942	0	0	0	-104.61	15430	11.13	11.20	10.82	11.25	1.08
sh600029	340576	210226	116359	0	-51636.80	2808618	10.65	10.58	10.30	10.93	0.19
sz000901	-5009	0	0	0	54.51	68271	22.40	22.80	22.40	23.47	2.80
sz000906	-271	0	0	0	111.39	31312	7.60	7.71	7.59	7.80	1.18
sh600998	-1834	0	0	0	-185.34	32210	18.02	17.94	17.90	18.15	-0.44
sh600338	-1027	0	0	0	19.13	30019	37.97	37.79	37.50	38.52	-1.49
sh600518	-15108	-4023	-1661	0	-6485.28	206054	21.59	21.52	21.31	21.75	-0.83
sh600510	-2484	0	0	0	-134.63	18645	7.04	7.00	6.99	7.12	-1.13
sz002831	-380	0	0	0	152.49	5423	59.40	58.95	58.45	59.45	-0.84
sh600195	-2999	0	0	0	-729.53	22569	20.35	20.16	20.13	20.40	-1.37
sh600197	-12805	-2459	0	0	-890.66	136883	28.31	28.19	27.34	28.70	-1.16
sh600196	-26986	-3768	0	0	-3302.78	171284	44.00	43.36	42.62	44.13	-0.87
sh601800	-53895	-22397	-31377	0	-3744.68	334111	14.45	14.43	14.23	14.48	-0.35
sz000055	-3155	-1033	0	0	320.75	57878	6.26	6.27	6.21	6.35	0.16
sz300004	-2440	-4019	-3019	0	429.84	54232	10.90	11.03	10.80	11.15	1.19
sz300009	-5641	-1019	0	0	330.64	93588	24.10	24.28	23.85	24.95	-0.49
sz002042	-6929	-1789	0	0	-25.09	39899	12.63	12.53	12.35	12.63	-0.16
sz002238	-1383	0	0	0	-62.30	13317	9.44	9.47	9.40	9.54	0.32
sz002236	37485	26236	2787	0	25953.20	482689	23.07	25.15	23.07	25.20	7.99
sz002237	-8615	-5024	-6529	0	1339.86	114861	10.86	11.11	10.81	11.13	1.65
sz002648	-24685	954	208	0	-4989.15	191822	20.07	19.25	18.90	20.32	-1.69
sz002753	-2713	0	0	0	-630.99	17598	19.67	19.04	19.04	19.67	-2.66
sh603507	-728	0	0	0	-292.45	31899	42.03	41.38	41.31	42.89	-2.47
sz002356	413	0	0	0	379.69	33779	30.06	31.14	29.40	31.49	3.28
sz300652	0	0	0	0	-131.66	8623	27.71	27.65	27.61	28.12	-0.54
sz300651	-488	0	0	0	340.51	7383	34.63	35.58	34.38	35.80	2.98
sh600856	-28700	-17239	-6752	0	-1069.35	169203	12.95	12.76	12.63	12.97	-1.31
sh603726	0	0	0	0	41.06	6324	30.90	31.12	30.88	31.40	0.19
sh603728	518	0	0	0	-292.56	8892	22.01	21.99	21.80	22.38	-0.14
sz002221	-11154	-3462	2615	0	-1550.13	116575	12.28	12.35	12.20	12.42	0.73
sh603656	0	0	0	0	19.98	3942	29.79	29.81	29.45	30.44	0.47
sz002829	-705	0	0	0	234.35	21264	26.50	27.36	26.50	28.00	3.40
sz002820	0	0	0	0	55.03	6816	24.70	24.88	24.55	25.14	1.22
sh601101	-2107	-901	0	0	144.18	135028	8.26	8.34	8.20	8.39	0.97
sh601108	-38168	-14720	-35386	0	-28466.80	1352136	21.01	21.87	20.91	23.50	1.91
sz000042	-935	0	0	0	-331.38	13294	17.80	17.29	17.26	17.96	-2.70
sh600704	-16011	-5908	-1863	0	-617.86	115943	7.23	7.18	7.12	7.24	-0.28
sh600706	-1953	0	0	0	-301.91	8689	19.16	18.97	18.90	19.25	-0.89
sz300017	-80101	-42254	-35600	0	-7216.20	799865	11.93	12.06	11.73	12.08	0.75
sz002323	-6371	0	0	0	-19.02	51377	6.38	6.33	6.32	6.40	-0.31
sh603396	-226	0	0	0	609.24	28243	44.05	43.74	43.70	46.48	-1.46
sh600843	-1842	0	0	0	38.02	14703	10.47	10.41	10.40	10.53	-0.57
sz300463	-328	0	0	0	244.28	13135	21.90	22.17	21.72	22.34	0.91
sh603711	105	-1328	0	0	3602.95	163552	29.00	31.23	28.50	31.50	5.29
sz002789	-220	0	0	0	403.94	18703	41.78	41.80	41.31	42.85	-0.71
sz300568	-501	0	0	0	1604.97	30012	26.59	27.17	26.25	27.70	2.22
sh600280	-15594	-5527	-4082	0	-2225.97	115280	7.61	7.41	7.30	7.61	-2.37
sh600282	17717	76979	83602	0	6636.45	1097200	4.93	5.03	4.92	5.10	1.62
sh603882	0	0	0	0	-164.90	16989	29.72	29.66	29.58	30.18	-0.77
sh603883	0	0	0	0	894.10	11493	59.50	61.17	59.12	61.50	1.92
sh603880	-930	0	0	0	-687.99	18989	26.78	25.92	25.90	26.89	-3.21
sh603203	-200	0	0	0	-153.94	2136	38.28	38.46	38.07	38.72	0.23
sh603887	0	0	0	0	0.25	4846	27.69	27.81	27.65	28.20	0.00
sh603669	-776	0	0	0	-133.70	5761	18.98	18.84	18.81	19.13	-0.69
sz002258	-26168	-12870	-15685	0	-660.71	261587	18.60	18.99	18.40	19.40	6.45
sh603660	0	0	0	0	143.33	10610	32.82	33.47	32.62	33.64	1.89
sh600060	-25686	-8901	-3192	0	2707.93	161248	16.55	16.39	16.26	16.74	-0.97
sh600067	-15828	-9747	167	0	-284.00	130839	6.66	6.66	6.62	6.78	-0.30
sz002818	0	0	0	0	-489.75	14122	31.89	31.33	31.32	32.09	-1.69
sh603860	463	1476	0	0	-8.68	15792	36.60	36.09	35.62	38.50	1.18
sh603866	0	0	0	0	361.98	5918	43.12	42.60	42.59	43.48	-1.43
sz300689	-608	0	0	0	-355.13	22709	45.09	44.86	43.97	45.33	-1.34
sz300683	0	0	0	0	47.35	10045	54.87	54.34	54.10	55.49	-0.71
sz000417	-4899	-1063	0	0	391.40	33684	8.06	8.03	7.99	8.07	-0.37
sz000413	-45321	-5323	-3294	0	-2923.33	312850	9.00	8.97	8.95	9.06	-0.44
sz000786	-76270	-27845	-14838	0	-6589.39	325476	24.25	23.47	23.14	24.31	-3.50
sh600668	-4641	0	0	0	303.92	37397	15.83	15.78	15.77	15.99	0.19
sh601006	7798	35366	24399	0	-5560.20	1386439	9.72	9.91	9.64	9.95	2.69
sh601000	-86936	-55234	-17041	0	-220.22	525787	5.11	5.12	5.08	5.20	0.20
sz000528	-16870	-1823	79	0	-735.77	176841	8.48	8.47	8.42	8.64	0.71
sh600710	-11849	-2900	0	0	-537.21	38876	6.27	6.20	6.19	6.32	-1.90
sz300203	-2929	0	0	0	-1445.69	36960	32.48	31.87	31.53	32.48	-1.18
sh603416	0	0	0	0	12.18	2817	31.02	31.10	30.92	31.46	-0.10
sz300518	0	0	0	0	60.94	4321	50.00	50.04	49.67	50.68	0.08
sz300514	-251	0	0	0	-110.00	10443	27.08	26.86	26.71	27.45	-0.52
sz300516	0	0	0	0	162.43	10472	44.17	45.40	43.85	47.43	3.58
sz300517	0	0	0	0	256.26	8618	18.73	19.06	18.55	19.36	1.55
sh603385	-3586	0	0	0	-1073.43	30861	21.90	21.77	21.64	21.99	-1.63
sh603387	0	0	0	0	-259.80	7017	58.01	58.19	57.76	58.59	0.31
sz300470	939	0	0	0	303.13	7055	41.57	41.80	41.16	42.00	0.53
sz300476	-1464	0	0	0	-1595.07	30148	24.05	24.33	23.66	24.39	0.12
sz002025	-9382	-990	0	0	716.42	84269	21.52	21.96	21.52	22.29	2.76
sz002244	-33869	-10127	-4213	0	222.00	258767	8.47	8.35	8.33	8.65	-0.71
sh603679	420	0	0	0	78.82	5634	25.06	24.95	24.93	25.46	-0.87
sz000666	-12302	-1097	0	0	-1995.31	60476	20.12	19.88	19.83	20.20	-1.29
sh600018	34804	61617	49647	0	1571.59	640167	7.12	7.15	7.08	7.24	0.42
sh600019	365602	363077	331583	0	-13195.00	4229888	9.25	9.31	9.15	9.65	0.98
sz002800	-584	0	0	0	569.52	10797	30.20	31.04	29.96	31.16	2.88
sz002805	-288	0	0	0	-60.85	5926	26.95	26.93	26.90	27.45	-0.77
sz002809	-706	0	0	0	94.94	22245	30.29	30.73	29.83	30.86	1.15
sz300698	-2152	12383	13739	0	6142.99	193316	29.45	33.39	29.38	33.39	10.02
sz300693	-784	0	0	0	-653.79	23319	37.71	36.40	36.40	38.39	-4.29
sz300690	-238	0	0	0	-710.51	8931	57.79	57.22	56.80	58.22	-1.09
sh600122	-3940	7451	1163	0	1954.80	215678	9.71	9.65	9.59	9.80	-0.72
sh600498	1737	2323	0	0	695.07	69912	27.77	27.86	27.70	28.19	0.32
sh600491	-6858	-3828	0	0	-87.66	97099	9.78	9.71	9.66	9.99	0.94
sz000887	-3832	0	0	0	-573.91	32212	17.49	17.59	17.36	17.67	0.57
sz000531	1666	-1051	0	0	-214.36	28647	7.87	7.98	7.82	8.02	1.27
sh601633	41	436	0	0	-428.15	84248	12.04	12.06	12.00	12.21	-0.08
sh600727	-12533	-2118	0	0	-508.77	58848	8.03	7.90	7.80	8.04	-2.23
sh600873	12252	17105	22866	0	800.22	172368	5.28	5.31	5.27	5.36	0.76
sz300219	-1240	-1537	0	0	450.69	25274	11.30	11.30	11.24	11.40	-0.09
sz002493	-30484	-12798	0	0	-2488.60	176417	14.89	14.66	14.52	15.28	-1.87
sz002491	-8728	-2764	0	0	-1152.95	41996	12.07	11.99	11.84	12.08	-0.91
sz002496	-1837	11311	9948	0	403.74	275768	5.55	5.71	5.51	5.77	2.15
sz300503	306	0	0	0	-53.04	9435	12.47	12.37	12.33	12.60	-0.72
sz300507	0	0	0	0	-226.51	14180	29.51	28.90	28.79	29.51	-2.07
sz300505	-200	0	0	0	-259.38	16476	32.67	31.95	31.71	33.15	-2.17
sh600867	-17570	-3484	0	0	-3227.12	97963	25.14	24.73	24.42	25.14	-1.24
sh603266	0	0	0	0	37.04	4439	26.27	25.95	25.80	26.46	-1.33
sz300443	-1063	0	0	0	121.95	18828	15.92	16.20	15.88	16.86	1.76
sh603269	-5518	-3382	-2352	0	342.32	70782	26.69	26.05	25.00	27.26	-3.09
sh603060	-220	0	0	0	-204.84	11716	22.87	22.45	22.38	22.87	-1.75
sh600266	33981	28173	12605	0	-480.27	209851	14.19	14.19	14.11	14.38	0.14
sh603283	-16861	-7720	-7720	0	-677.51	127777	31.28	30.25	30.11	32.35	-1.56
sz002273	-5316	2	2	0	-2186.92	84527	21.31	21.12	21.00	21.68	-0.89
sz002271	-5347	0	0	0	-2746.52	57587	40.50	39.14	38.90	40.77	-3.21
sh603607	-514	0	0	0	264.09	35751	45.28	43.69	43.55	46.28	-3.34
sh603602	0	0	0	0	-1048.28	17458	48.92	47.75	47.50	49.50	-1.18
sh603609	-2925	0	0	0	-60.02	32678	8.91	8.69	8.67	8.91	-2.47
sz000657	-1751	0	0	0	37.19	21357	12.10	11.98	11.93	12.12	-0.99
sz000650	-22465	-11440	-4695	0	-968.91	51938	5.31	5.29	5.27	5.32	-0.38
sh603848	2488	18702	13401	0	10814.89	247731	21.54	24.23	21.30	24.23	9.99
sh600466	-2360	10634	11244	0	181.76	410425	12.23	12.18	12.01	12.75	0.41
sh600463	-11626	-530	-2082	0	-547.66	118842	12.95	13.00	12.80	13.80	-4.27
sh603116	410	0	0	0	172.95	17780	15.42	15.51	15.36	15.56	0.65
sh600132	-1673	0	0	0	-1481.17	32869	22.60	22.26	22.06	22.62	-1.59
sh600137	-200	0	0	0	-197.18	14434	23.39	23.28	23.23	23.65	0.22
sh600640	-979	0	0	0	-50.42	10907	14.20	14.21	14.13	14.30	0.07
sz002908	-1505	836	0	0	-2559.76	119974	36.72	36.31	36.02	38.45	-0.79
sz002906	-5981	0	0	0	-1950.44	78309	24.43	24.30	24.15	25.18	-1.58
sh603500	-251	0	0	0	-277.38	30853	27.79	26.72	26.68	27.95	-3.57
sz002242	-5294	0	0	0	-654.94	37802	18.26	17.97	17.93	18.26	-1.53
sh600208	110062	118320	107897	0	7509.80	1299729	5.31	5.45	5.26	5.48	3.02
sz300042	803	0	0	0	-3.74	8771	31.50	31.46	31.21	31.54	-0.79
sz300046	-1597	0	0	0	-443.99	29505	19.50	19.33	19.30	19.89	-0.67
sh600015	150080	174955	176353	0	9655.20	1120551	9.72	9.83	9.72	10.00	1.87
sz300194	-255	1000	0	0	7.21	22055	5.76	5.76	5.73	5.78	0.00
sz300197	-6721	-1799	0	0	199.46	95489	11.12	11.06	11.03	11.23	-0.54
sz300190	-4331	0	0	0	-266.45	16415	11.37	11.37	11.20	11.38	0.00
sh603878	-2898	0	0	0	111.40	34510	17.28	17.16	16.92	17.32	-0.98
sh600380	-40593	-10018	-4483	0	-5040.03	224215	12.22	12.04	12.01	12.26	-1.31
sh600382	-46	0	0	0	304.34	18801	12.85	12.90	12.77	12.97	0.39
sz300222	-3355	0	0	0	-891.88	39183	20.08	19.97	19.82	20.30	-0.89
sz002315	-1088	0	0	0	188.54	19190	21.23	21.67	21.11	21.80	2.02
sz002310	-14933	-6787	20	0	2955.78	238875	18.49	18.75	18.49	19.09	1.46
sz002313	-7338	0	0	0	-143.93	28977	30.45	30.27	30.18	30.84	-0.75
sz300536	-2239	8342	4799	0	-2621.84	102884	17.18	17.10	17.10	17.75	-10.00
sz300537	0	0	0	0	23.20	7152	15.20	15.20	15.00	15.35	-0.33
sz300535	0	0	0	0	-114.56	8518	36.08	36.30	36.01	36.74	0.00
sz300532	-660	0	0	0	-330.57	8579	23.99	23.72	23.72	24.29	-1.66
sz300533	0	0	0	0	71.25	3989	49.08	49.50	49.08	50.35	0.20
sz300530	0	0	0	0	23.86	1794	35.01	35.25	35.00	35.93	0.00
sz300450	-1802	-1179	0	0	1889.25	37210	53.00	53.00	52.10	54.68	-0.56
sz002008	-1209	1385	0	0	-1334.40	222876	51.75	52.12	50.47	53.04	0.37
sz002003	-9145	-1657	0	0	-496.12	52966	12.00	12.06	12.00	12.27	0.50
sz002007	-3829	0	0	0	39.89	38493	27.50	27.44	27.21	27.67	0.07
sz002050	905	16382	17758	0	-856.93	247490	19.13	19.72	19.03	19.86	3.79
sz002866	-1291	0	0	0	456.81	17550	35.33	35.70	35.33	36.30	-0.45
sz002865	359	0	0	0	263.73	19456	22.43	22.85	22.43	23.30	1.38
sh603108	-13843	-5080	-3566	0	-683.57	41423	12.68	12.75	12.56	12.85	-1.16
sh603100	-269	0	0	0	10.07	13511	10.07	10.06	10.01	10.18	0.20
sh600109	62594	56299	41306	0	6774.77	662915	9.78	10.11	9.72	10.30	3.59
sh600106	-3677	1016	2226	0	246.25	55055	4.53	4.55	4.49	4.59	0.66
sz002910	-3668	-924	-4196	0	-751.98	128297	24.56	24.76	23.84	24.93	1.19
sh600499	-49113	-23560	-13135	0	-5830.58	251548	10.32	10.06	9.99	10.36	-2.52
sh600031	-223335	-189355	-123317	0	-17902.10	1369502	9.69	9.48	9.41	9.87	-1.15
sh600746	-1390	0	0	0	73.91	18714	8.24	8.19	8.11	8.27	-0.12
sz000429	-8531	-2457	-3348	0	-865.43	99767	8.14	8.20	8.13	8.26	1.11
sz300055	-20751	-6191	-4106	0	-3055.66	104206	18.97	18.62	18.60	19.18	-2.05
sz300054	-19539	-5254	0	0	-1268.35	113456	11.15	10.95	10.89	11.23	-1.79
sz002127	-24344	-10578	-2474	0	-2618.08	104095	12.12	11.79	11.70	12.26	-3.04
sz300230	-1693	0	0	0	-102.23	20192	12.02	12.02	11.95	12.11	-0.17
sz300233	-1047	0	0	0	768.83	22236	16.99	17.11	16.90	17.20	0.12
sz000701	444	0	0	0	128.64	21798	9.82	9.88	9.82	9.96	0.30
sz002126	-4684	-3729	0	0	-97.63	34490	9.29	9.23	9.18	9.34	-0.32
sz002675	-6167	-2128	0	0	-428.05	33951	10.48	10.30	10.27	10.48	-1.72
sz002670	-12666	-4392	-4058	0	411.32	272539	19.66	20.16	19.50	20.95	2.60
sz300428	-1282	0	0	0	-83.08	17870	18.40	18.46	18.22	18.88	-0.65
sh600804	3016	1291	0	0	2557.50	83962	16.68	17.22	16.55	17.30	3.42
sh600803	-18259	4000	2311	0	-7036.30	151901	14.53	14.07	13.95	14.56	-3.03
sz002071	16962	4815	0	0	288.10	53437	9.58	9.54	9.50	9.63	0.42
sh603041	400	0	0	0	-5.18	11196	22.68	22.43	22.30	22.97	-1.49
sh603916	-16202	-75	0	0	-4016.58	160489	19.52	18.78	18.65	19.77	-5.10
sh603917	-5373	0	0	0	-2120.96	81848	29.50	28.65	28.60	31.05	-3.67
sz002292	-8882	-1502	0	0	-1283.22	55908	12.76	12.73	12.73	12.95	-0.93
sz002293	-2966	-251	0	0	220.36	39385	14.18	14.50	14.18	14.59	2.26
sz002294	-5388	0	0	0	-2346.94	63460	40.83	40.50	40.13	41.16	-0.44
sz002456	-49199	-2437	-5016	0	-13703.48	394688	19.10	18.71	18.57	19.45	-2.86
sz002450	-19945	-11819	-7535	0	-2482.03	288402	20.65	20.93	20.65	21.07	0.58
sz002852	0	0	0	0	-111.10	10249	33.20	32.77	32.60	33.29	-1.21
sz002856	-2636	665	-2878	0	25472.20	163265	48.50	53.41	47.42	53.41	10.01
sh603823	-1094	0	0	0	-149.76	15639	16.31	15.99	15.95	16.36	-1.96
sh600240	-11344	1912	-4200	0	-584.87	117663	9.13	9.09	9.00	9.28	-0.66
sh603131	1194	0	0	0	281.44	26360	20.68	21.37	20.56	21.85	3.29
sh600115	-64470	-30671	-11014	0	-4721.00	1024231	7.86	7.86	7.78	7.97	0.77
sh600026	-24785	-10064	-2619	0	-812.77	107345	6.25	6.24	6.22	6.28	-0.16
sh600023	-57338	-40753	-29950	0	-3007.33	243652	5.59	5.54	5.53	5.61	-1.25
sh601579	-373	0	0	0	-96.21	9398	12.31	12.20	12.16	12.36	-0.89
sz002223	-3980	-1010	0	0	-520.79	48519	20.88	20.59	20.50	21.08	-1.39
sz000338	-74988	-16928	-9078	0	-5530.17	631942	9.10	8.99	8.95	9.19	-0.66
sz000685	-1125	3260	2977	0	-394.65	85906	10.48	10.55	10.45	10.61	0.76
sz002668	-10826	-6799	0	0	414.18	84127	20.15	20.60	19.84	20.80	0.39
sh603456	1985	1067	0	0	487.93	47275	16.00	16.37	15.92	16.38	2.96
sz300558	-400	0	0	0	2832.38	15402	58.95	61.35	58.50	61.94	3.97
sh600831	-1529	0	0	0	64.85	20101	8.06	8.08	8.02	8.16	0.25
sh600837	-817	14783	2818	0	12279.30	739364	13.82	14.05	13.78	14.23	1.66
sz300433	-4691	-1022	0	0	-88.08	87334	26.73	26.78	26.63	27.07	0.34
sh603055	-6712	0	0	0	-1117.93	72055	18.03	17.48	17.36	18.31	-4.17
sh603580	0	0	0	0	20.75	10858	30.75	30.48	30.40	31.38	-1.49
sh603588	-4945	-1000	0	0	115.82	53964	11.65	11.69	11.58	11.76	0.78
sh603906	-270	0	0	0	-233.19	14229	16.01	15.94	15.83	16.08	-0.38
sh603557	-4518	0	0	0	-755.80	57457	17.06	16.69	16.53	17.32	-4.30
sz002502	557	-1000	0	0	-139.32	23870	8.26	8.28	8.21	8.29	0.24
sz002281	-31251	-9015	-3321	0	-11762.12	178707	28.04	27.00	26.98	28.34	-3.67
sz002287	0	0	0	0	-422.73	5199	35.27	34.64	34.58	35.29	-1.28
sz002111	-1894	0	0	0	-209.30	30359	15.03	15.13	15.03	15.43	0.27
sz002117	1057	0	0	0	285.74	33636	18.55	18.50	18.30	18.75	0.33
sz002119	-238	0	0	0	-46.66	8259	18.20	17.98	17.91	18.24	-1.15
sh601985	-53172	-29249	-27129	0	-2031.49	391241	7.55	7.55	7.52	7.60	-0.40
sh601988	-561016	-408775	-376634	0	-872.50	6453225	4.43	4.40	4.36	4.51	0.92
sz000963	-1808	0	0	0	-4766.07	37362	55.02	54.53	53.86	55.15	-0.13
sh600697	32	0	0	0	-83.34	10812	25.65	25.72	25.48	25.76	0.43
sh600160	-28180	-842	0	0	-2143.34	161469	10.99	10.86	10.83	11.16	-1.00
sh601188	-4828	-1000	0	0	-133.99	19625	4.18	4.16	4.14	4.20	-0.48
sh601186	-86041	-48036	-33928	0	-5592.83	512207	11.99	11.90	11.83	11.99	-0.83
sh600168	-5687	0	0	0	-38.86	25342	8.41	8.40	8.37	8.44	-0.71
sh600581	-13688	6812	8237	0	4057.97	320570	13.70	14.01	13.66	14.08	1.74
sz000999	-2001	0	0	0	-1070.88	33227	26.85	26.68	26.61	26.97	-0.63
sz000625	-3042	-3602	-660	0	1957.55	254782	13.15	13.24	13.12	13.32	0.84
sz000620	-1925	0	0	0	-34.02	25932	6.43	6.44	6.41	6.54	0.16
sh600768	-938	0	0	0	36.44	6818	13.62	13.61	13.57	13.68	-0.07
sh601366	-9114	0	0	0	-447.00	55816	10.83	10.76	10.70	10.98	-1.28
sz300338	-1415	0	0	0	-129.43	14299	19.90	20.47	19.90	20.85	-1.16
sh600562	62	0	0	0	30.68	26435	20.28	20.42	20.28	20.74	1.09
sh600565	-21908	-1854	-16896	0	-2568.07	247331	4.46	4.38	4.37	4.54	-2.23
sh601966	-3018	-1500	0	0	-299.23	27181	18.15	18.01	18.00	18.29	-0.83
sh601567	-3578	-2	0	0	-442.58	21569	9.42	9.38	9.35	9.46	-0.64
sz300097	-2287	0	0	0	-110.99	22398	25.47	25.25	25.18	25.80	-0.82
sz002617	-10374	0	0	0	260.40	24268	15.61	15.65	15.55	15.69	0.26
sz002612	-2667	0	0	0	-522.14	22469	12.27	12.14	12.07	12.33	-1.06
sz300546	-231	0	0	0	-59.25	6852	20.38	20.73	20.30	20.77	1.62
sz300545	0	0	0	0	229.44	5371	54.55	54.14	54.02	55.40	-0.44
sz300548	0	0	0	0	-46.51	6557	44.26	43.93	43.93	44.92	-0.59
sz000049	-6195	0	0	0	-2731.31	36987	37.29	36.60	36.40	37.39	-1.64
sz300408	-10159	-2122	0	0	-3290.49	65576	20.00	19.77	19.75	20.08	-1.15
sz300409	-2658	0	0	0	-706.19	35137	52.00	50.00	49.66	52.00	-1.54
sh600828	-6369	0	0	0	76.77	26942	6.27	6.27	6.23	6.30	0.00
sz002057	-4745	-2700	0	0	-432.35	25789	12.14	12.12	12.03	12.27	0.50
sz002727	-15781	-2512	0	0	-2698.01	55116	20.74	19.92	19.88	20.80	-2.97
sh603027	-736	0	0	0	-86.27	14734	18.30	18.07	18.03	18.41	-1.09
sz300712	-916	0	0	0	-391.50	40015	25.66	25.79	25.66	26.80	-0.42
sz300718	-415	0	0	0	-375.30	38815	41.40	40.68	40.50	43.00	-1.81
sh600350	-15538	9584	8368	0	868.49	311111	6.32	6.34	6.32	6.49	0.63
sh600356	-2767	0	0	0	25.97	17206	8.30	8.34	8.30	8.41	0.48
sh603801	0	0	0	0	-486.59	9957	57.30	56.55	56.20	57.60	-0.86
sz002108	-340	1779	0	0	693.35	73275	11.16	11.21	11.09	11.34	0.18
sz002543	-9886	0	0	0	-3468.58	47058	22.10	21.38	21.35	22.33	-3.82
sh603158	-753	0	0	0	98.86	5065	18.03	18.05	17.60	18.10	0.06
sz000408	-24254	-17730	-16106	0	-334.63	71216	17.42	17.52	17.00	17.52	0.57
sz000612	-3941	0	0	0	-99.00	46512	8.53	8.43	8.40	8.58	-1.17
sz000967	-17975	-5633	-2479	0	-1140.26	46469	9.08	9.00	8.96	9.09	-0.22
sh601311	-19025	-4115	0	0	-2257.26	75127	12.95	12.84	12.74	13.03	-1.38
sh601952	-14656	-3891	-2410	0	-2014.44	118263	13.03	13.00	12.92	13.17	-0.38
sh601229	73493	76213	42006	0	5333.90	952002	15.68	16.06	15.68	16.31	3.15
sz300393	-531	0	0	0	-340.56	8137	37.70	37.66	37.01	38.20	-0.03
sz300396	0	0	0	0	677.92	14012	42.69	42.71	42.35	43.75	-0.26
sz002714	-5652	0	0	0	584.16	44283	60.04	59.95	58.38	61.23	-0.66
sz300573	305	0	0	0	79.35	11780	25.75	25.36	25.22	25.98	-0.78
sz300571	-4227	0	0	0	101.15	15469	49.10	49.35	48.24	49.88	0.22
sz002602	582	744	0	0	-164.12	22126	35.80	35.72	35.35	35.89	0.17
sz300374	-3721	1063	2569	0	-1905.60	74300	16.45	16.70	16.16	16.80	-1.42
sz002732	-226	0	0	0	-60.71	7442	28.42	28.35	28.32	28.60	-0.87
sh603033	-349	0	0	0	-63.66	6204	18.03	17.79	17.60	18.23	-1.28
sh600969	2937	0	0	0	-150.83	14157	12.37	12.41	12.36	12.43	0.40
sh600966	-11738	16907	8112	0	585.15	315419	6.18	6.21	6.16	6.34	-0.16
sz300705	-1709	0	0	0	-1345.63	35959	30.42	28.75	28.40	30.80	-5.40
sh603496	0	0	0	0	-8.57	6972	31.80	32.09	31.80	32.62	0.38
sh603816	-1436	0	0	0	684.50	12802	63.59	61.64	61.60	63.78	-2.41
sh603811	361	0	0	0	28.87	6096	31.25	31.12	30.73	31.30	-0.42
sh603922	-667	0	0	0	-907.26	38503	31.00	30.12	29.80	31.19	-2.56
sz002555	-1544	0	0	0	-779.98	50472	18.53	18.78	18.38	19.00	1.13
sh601166	-71203	-108728	-197870	0	-111595.00	6141834	18.62	18.25	18.08	19.06	-0.71
sh600782	-4858	31748	26472	0	2304.60	917314	6.92	7.09	6.91	7.22	2.60
sz002735	0	0	0	0	-14.38	1729	31.70	32.20	31.64	32.20	0.63
sh601766	-97445	-45803	-47423	0	-39430.50	1516772	12.35	12.16	12.10	12.45	-1.54
sz000151	-724	0	0	0	117.64	17961	12.50	12.59	12.50	12.76	-0.40
sz000983	-111767	-63975	-37010	0	-10390.90	559415	10.26	10.12	9.95	10.36	-1.17
sh600020	-50818	-31466	-23442	0	-1641.61	227815	5.18	5.14	5.13	5.27	-0.58
sz300388	-971	0	0	0	747.06	21697	21.48	21.76	21.40	21.84	1.12
sz300146	-22871	-4087	-3321	0	1523.79	264160	16.00	16.02	15.77	16.30	0.75
sz300145	-9867	-3010	-4851	0	736.54	103320	11.72	11.75	11.53	11.78	-0.25
sz002637	402	0	0	0	130.62	12357	10.18	10.19	10.10	10.26	0.39
sz300561	-221	0	0	0	-631.41	15328	36.00	34.79	34.60	36.20	-3.23
sz300560	-338	0	0	0	-384.38	12054	32.25	31.80	31.66	32.66	-0.93
sz300365	-1138	0	0	0	-2.36	41960	34.77	35.04	34.12	35.80	0.60
sh603798	-460	0	0	0	-58.65	6646	17.06	16.91	16.87	17.24	-1.34
sz002092	-78701	-13645	-12768	0	-6112.55	405265	14.88	14.66	14.61	15.00	-1.35
sz002090	0	0	0	0	43.46	3736	21.93	21.98	21.30	22.08	0.00
sh600977	-3481	0	0	0	-133.36	54290	15.15	15.26	15.11	15.37	0.46
sh600971	-29461	-3838	0	0	39.30	193023	10.73	10.64	10.59	10.83	-0.47
sz002419	3071	1001	0	0	-388.84	83054	16.58	16.72	16.51	17.05	0.12
sz002142	-5392	-615	66	0	4825.60	399409	20.20	19.98	19.94	20.62	-0.10
sz002896	-439	0	0	0	-72.21	10177	38.70	38.81	38.44	39.79	-0.08
sz002893	-5226	-1748	0	0	-721.26	89851	33.08	32.51	32.30	33.98	-1.75
sh603955	0	0	0	0	-14.39	10846	40.52	40.00	39.81	40.56	-0.20
sh600793	-200	0	0	0	-2.88	7071	25.64	25.41	25.31	25.97	-1.51
sz000012	-15936	36794	50578	0	1661.57	557742	9.00	9.06	8.88	9.35	0.33
sh600790	-240	0	0	0	245.92	43712	5.99	6.00	5.98	6.06	0.33
sz000708	-1733	-1197	0	0	226.76	50429	11.70	11.73	11.61	11.80	1.12
sz000709	-149112	-71971	-39619	0	4533.55	1107114	4.07	4.08	4.06	4.13	0.49
sh601339	-5242	-1484	0	0	1.20	17925	5.29	5.27	5.25	5.30	-0.38
sh600419	-214	0	0	0	-186.37	7045	43.79	43.17	42.81	44.19	-1.39
sz300170	-24548	-6968	-2280	0	-618.36	120609	12.01	11.85	11.81	12.21	-1.25
sz002877	-472	0	0	0	171.30	20857	22.89	22.95	22.73	23.29	0.53
sz002872	-1226	0	0	0	-122.89	14948	31.76	31.36	31.29	32.19	-1.94
sz300284	333	0	0	0	267.75	28926	15.90	15.93	15.73	16.15	0.06
sz300286	0	0	0	0	-98.40	4826	17.21	17.26	17.10	17.37	0.29
sz300357	0	0	0	0	-248.21	5315	48.65	47.91	47.70	48.88	-1.26
sz002716	-7718	-1425	0	0	-1063.05	110618	20.14	19.90	19.70	20.14	-1.78
sz002045	-3927	-1000	0	0	1155.30	45215	18.79	18.36	18.20	18.79	-0.92
sz002083	495	5646	4500	0	-210.59	36990	6.66	6.70	6.64	6.72	0.30
sz002088	1352	0	0	0	14.12	28335	13.86	13.93	13.71	14.16	0.51
sz002880	0	0	0	0	-87.94	4191	54.09	53.90	53.87	54.68	-0.39
sh603303	-678	0	0	0	82.00	21736	13.92	13.81	13.73	14.04	-0.58
sh603305	0	0	0	0	-269.73	13000	32.59	32.27	32.10	33.08	-0.89
sz002403	-2162	0	0	0	-216.89	11808	11.81	11.73	11.66	11.87	-0.68
sz002393	0	0	0	0	-250.89	6615	31.20	31.08	31.01	31.33	0.03
sh603168	-4238	0	0	0	-242.82	41524	13.64	13.49	13.45	13.75	-0.66
sh603165	-745	0	0	0	-141.46	15047	55.01	55.25	54.80	55.86	-0.81
sh603167	-2818	0	0	0	-130.13	55540	11.71	11.77	11.64	11.85	0.60
sz002572	-4798	0	0	0	-2004.90	65747	38.40	37.01	36.77	38.59	-3.17
sh603767	-280	0	0	0	21.25	21220	15.27	15.16	15.07	15.46	-0.79
sh600415	-25488	-17328	-8000	0	-1201.61	104965	5.88	5.89	5.86	5.91	0.00
sz000959	-9084	-2871	-5447	0	511.66	108286	6.10	6.07	6.03	6.16	-0.33
sh600094	-15038	-6283	0	0	-572.18	55366	7.31	7.27	7.24	7.38	-0.82
sh600308	-19780	332	-1902	0	634.84	208922	6.82	6.87	6.73	6.92	0.88
sh600305	-8496	0	0	0	260.21	59371	11.56	11.51	11.49	11.68	-0.69
sz002884	-201	0	0	0	-178.83	5968	51.56	51.40	50.03	52.05	-0.10
sz000001	-126936	23080	41093	0	18023.00	2571146	14.80	14.80	14.68	15.13	0.54
sh600521	-5695	-2430	0	0	668.06	58769	27.10	27.67	27.00	28.15	-0.29
sz002903	-3865	0	0	0	-4870.37	66001	47.75	46.06	45.80	49.03	-4.87
sh601928	-4669	0	0	0	-349.64	41887	8.16	8.17	8.14	8.22	0.00
sh600630	-1557	0	0	0	-96.57	53947	10.41	10.53	10.36	10.60	1.06
sh601328	-240820	-246351	-278749	0	-9743.90	6485700	6.70	6.75	6.68	6.84	1.81
sz300160	-1016	1000	0	0	-46.91	21653	7.59	7.58	7.55	7.65	0.26
sz300295	-2042	0	0	0	-907.53	35875	17.86	17.58	17.55	18.10	-1.46
sz300343	-3846	0	0	0	-307.39	25245	12.38	12.25	12.20	12.49	-0.73
sz000505	-5123	-1456	0	0	-263.85	22682	8.50	8.39	8.39	8.55	-1.18
sz002039	-4004	0	0	0	-517.40	20620	15.73	15.71	15.60	15.76	0.06
sz002762	1145	0	0	0	42.44	36325	16.72	17.02	16.60	17.20	1.49
sh600887	-80474	-34505	-27410	0	-37847.40	735607	34.15	33.61	33.44	34.45	-1.87
sh600363	-3987	-1093	0	0	-165.36	25741	11.84	11.88	11.78	11.94	0.34
sh603377	0	0	0	0	98.11	2982	39.38	39.77	39.30	39.84	0.03
sz002367	-18875	-5010	-2432	0	-781.74	74444	9.02	8.99	8.93	9.10	-2.07
sz002188	-10368	-2144	0	0	-559.12	56493	13.47	13.43	13.37	13.77	-0.74
sz002187	-892	-1061	0	0	105.78	15746	10.26	10.40	10.26	10.41	1.17
sh600368	9599	6970	2211	0	405.62	52061	5.31	5.36	5.31	5.40	0.37
sz300625	-1345	0	0	0	-530.68	13180	24.52	24.28	24.26	24.55	-0.74
sh603198	-2630	0	0	0	-889.40	36073	18.48	18.28	18.20	18.48	-1.14
sh600884	-6561	2794	0	0	-1161.33	86654	17.95	17.88	17.77	18.12	-0.39
sh600406	36668	40066	24048	0	12845.83	418389	17.14	17.61	17.11	17.94	2.92
sh600409	-61819	-30811	-13722	0	-3081.48	426484	10.11	10.01	9.93	10.14	-0.79
sh600089	78156	114239	102788	0	12743.80	884159	9.84	10.11	9.80	10.20	2.74
sh600085	-1694	0	0	0	-624.21	67028	34.05	33.91	33.78	34.32	-0.62
sz000030	1268	0	0	0	284.81	35191	8.07	8.18	8.06	8.23	1.11
sh601919	-11602	1111	12201	0	5286.28	491482	6.73	6.91	6.68	6.94	2.37
sz000722	2126	0	0	0	43.43	28742	9.01	9.16	9.01	9.27	0.99
sh601139	-17835	-2690	0	0	223.09	74098	7.87	7.79	7.78	7.87	-0.51
sh601595	-4077	0	0	0	24.93	43931	20.92	21.05	20.81	21.48	0.14
sh601688	-60090	11713	-8132	0	4304.90	1191079	20.67	20.82	20.55	21.16	1.22
sz300119	-505	0	0	0	-44.75	6937	11.67	11.52	11.52	11.76	-0.95
sz300113	-9625	-3886	0	0	-1208.26	82867	17.70	17.66	17.50	18.00	-0.45
sh601668	-371387	-302957	-282204	0	-32104.00	6135410	10.34	10.35	10.17	10.43	0.00
sh601669	-78450	-42142	-32770	0	-4613.81	364548	7.73	7.70	7.63	7.75	-1.16
sh601666	773	23716	25747	0	4700.75	498363	6.50	6.63	6.45	6.70	1.69
sz300335	-3572	0	0	0	-600.71	32471	16.04	15.93	15.84	16.18	-0.99
sh603569	0	0	0	0	-113.19	4843	24.49	24.16	24.03	24.55	-0.33
sz002779	-1545	0	0	0	-494.41	13481	20.00	19.60	19.59	20.00	-2.00
sz002817	-360	0	0	0	-53.20	7813	31.95	31.24	30.91	31.95	-1.45
sz002772	-2039	0	0	0	-145.41	19011	10.60	10.63	10.58	10.83	0.19
sz002810	-830	0	0	0	-334.24	8919	25.40	25.17	25.00	25.88	-1.02
sh600657	-21919	-2579	-2669	0	-1348.91	222365	6.31	6.27	6.22	6.43	-0.79
sz002173	-457	0	0	0	-34.29	5635	12.34	12.25	12.18	12.40	0.25
sh603365	-1912	0	0	0	-911.10	47289	23.86	23.28	23.20	24.40	-2.84
sz002373	-2583	-45	0	0	-993.14	68576	13.91	13.84	13.75	14.06	-0.57
sz002375	-10439	-3106	0	0	459.43	62531	7.79	7.82	7.76	7.95	-0.26
sh603363	-20891	-4846	205	0	-4603.85	344207	17.85	18.56	17.07	19.49	3.92
sz300633	0	0	0	0	-249.56	8826	24.80	24.80	24.60	25.20	-0.40
sh603181	-1657	0	0	0	-607.36	74384	26.39	25.97	25.90	27.08	-3.39
sz002590	-3360	0	0	0	-450.56	23303	12.82	12.73	12.70	12.97	-1.24
sz002518	-915	0	0	0	44.43	18936	16.60	16.40	16.31	16.69	-1.74
sh600436	-603	0	0	0	-566.30	33736	73.64	72.93	72.70	74.47	-1.11
sh600438	16274	18049	-3132	0	507.75	448059	11.20	11.50	11.16	11.74	3.51
sz000933	-103932	-59544	-44783	0	-2894.43	739457	9.88	9.84	9.61	9.98	0.92
sh600508	-9106	-2710	0	0	-133.12	73695	13.03	12.90	12.84	13.12	-1.00
sh600056	-35365	-4547	-4357	0	-4107.65	266195	23.08	22.53	21.99	23.14	-2.17
sh600185	-58834	-32818	-18172	0	-2436.66	277812	6.43	6.35	6.26	6.53	-1.55
sh600183	-21660	-5187	0	0	1175.22	170642	17.05	17.03	16.77	17.25	-0.35
sh601127	-1629	0	0	0	193.77	22692	19.67	19.67	19.49	20.26	0.41
sh600615	-358	0	0	0	-102.52	7477	12.86	12.78	12.73	12.88	-0.54
sz300033	5591	28	0	0	6253.08	115013	51.50	52.87	51.40	53.86	2.78
sz002748	-1234	0	0	0	-370.65	20104	14.47	14.26	14.20	14.47	-2.19
sz300726	-44889	-18347	-5677	0	9520.88	184042	30.50	31.83	30.40	33.10	5.78
sz300252	440	0	0	0	-268.34	23933	14.75	14.82	14.57	15.16	0.47
sh603355	-292	0	0	0	-816.15	17102	40.01	37.87	37.43	40.09	-5.35
sz002443	-655	5864	7000	0	-321.96	59857	9.04	9.05	9.03	9.19	0.00
sz002695	-1773	0	0	0	-971.76	29009	16.90	16.64	16.60	16.94	-1.19
sz002699	-300	0	0	0	-29.39	6461	17.31	17.30	17.10	17.50	-0.52
sh603768	-1496	0	0	0	-171.92	16918	18.29	17.86	17.85	18.44	-2.67
sz300640	0	0	0	0	-16.00	5171	25.20	25.11	25.04	25.58	-1.26
sz300488	0	0	0	0	27.92	2894	32.09	32.07	31.89	32.48	-0.31
sh603738	0	0	0	0	-28.35	3666	23.01	22.94	22.69	23.14	-0.30
sh600606	-121565	-64029	-70740	0	-27674.60	2607021	9.60	9.47	9.45	10.04	-1.56
sz000756	-16513	-4269	0	0	-2972.94	77974	13.27	12.96	12.85	13.27	-2.56
sz300658	0	0	0	0	42.61	3015	28.99	29.13	28.96	29.35	0.21
sh603233	0	0	0	0	-531.19	8402	48.36	47.40	47.20	48.94	-2.35
sh600293	-6053	0	0	0	149.85	44663	8.14	8.06	8.04	8.17	-0.74
sh600708	-33248	-3692	2118	0	-683.36	273708	8.17	8.20	8.03	8.35	-0.49
sz300660	-850	0	0	0	576.47	5575	65.50	66.00	64.86	66.03	0.61
sz300665	-556	0	0	0	-45.92	15697	27.63	27.21	27.10	28.20	-1.80
sz000895	-26442	-7896	0	0	-5054.97	138704	29.00	28.73	28.61	29.23	-1.84
sh603388	-266	2109	3401	0	894.77	31521	20.40	20.42	20.00	20.42	10.02
sz002657	-4303	-2504	0	0	1296.39	87253	24.10	24.25	23.90	24.49	0.79
sh600260	1375	0	0	0	2097.93	50539	29.37	30.22	29.30	30.40	2.65
sz002878	360	0	0	0	112.22	10591	36.23	36.49	36.12	36.88	0.08
sh600648	-1140	1000	0	0	-76.06	21729	18.74	18.80	18.66	18.88	0.27
sz002317	-17705	-2487	77	0	-1959.87	80357	12.50	12.39	12.30	12.53	-2.13
sh603139	0	0	0	0	-114.95	6742	26.10	25.61	25.60	26.35	-1.76
sz002597	-14438	-2398	0	0	-1062.31	110476	27.13	26.96	26.72	27.38	-1.25
sh603803	-1590	0	0	0	-217.72	20393	18.53	18.25	18.20	18.69	-1.62
sz000813	-5923	-1030	0	0	-138.25	37968	8.75	8.80	8.65	8.86	0.80
sz300701	-199	0	0	0	-90.82	18951	40.00	39.86	39.71	41.00	-0.52
sh603926	0	0	0	0	69.52	9577	26.86	26.53	26.51	27.26	-1.19
sh600547	-22417	-6004	-2237	0	-5147.11	194390	31.95	32.52	31.70	32.59	1.09
sz002155	-6799	-577	-2169	0	500.24	84214	9.45	9.51	9.42	9.53	0.32
sz002899	-88	0	0	0	-306.93	24711	29.86	29.09	28.91	29.98	-2.81
sz002883	-996	0	0	0	-269.36	31304	54.00	54.90	53.47	56.83	1.10
sz002889	-498	-1015	0	0	-963.59	76021	29.96	30.56	29.77	31.85	2.65
sh600848	5023	1476	0	0	1217.76	128449	24.60	25.14	24.42	25.34	2.20
sh603578	0	0	0	0	-44.35	6317	31.80	31.97	31.23	32.20	1.11
sh603200	-435	0	0	0	-246.74	13824	38.81	39.58	38.80	39.98	1.31
sz300118	-4557	-1082	0	0	-737.67	28208	11.90	11.81	11.80	11.95	-0.67
sh603367	-5972	1002	0	0	-1635.80	107500	22.40	21.45	21.40	22.45	-4.79
sz300635	1059	1126	0	0	51.07	50799	19.20	19.80	19.06	20.20	3.39
sz300637	-200	0	0	0	-37.52	4051	19.86	19.85	19.66	20.09	0.00
sz300102	-23452	-6781	-3382	0	-2128.92	120964	8.50	8.38	8.37	8.60	-1.41
sz002696	-459	0	0	0	-106.42	3995	17.47	17.19	17.11	17.47	-0.64
sh600993	-1178	-206	0	0	-399.82	36251	20.92	20.95	20.80	21.06	-0.10
sh603721	-927	0	0	0	-354.66	14715	28.48	27.83	27.70	28.80	-2.56
sh600459	-889	0	0	0	304.34	23432	21.75	21.77	21.61	21.91	-0.18
sz002320	-2361	-1000	0	0	1480.29	75515	24.00	24.42	23.91	24.79	1.83
sz002875	-254	0	0	0	-47.98	13915	28.12	27.46	27.27	28.24	-2.03
sz002902	1252	-2762	0	0	666.23	92269	42.66	42.65	42.60	46.00	1.77
sh600233	-1759	0	0	0	-25.28	16580	16.80	16.68	16.67	16.85	-0.06
sh600367	-7906	-1174	0	0	-865.69	45870	10.60	10.38	10.33	10.61	-2.17
sh600549	-15051	1012	0	0	-2423.25	157510	24.49	24.49	24.09	24.81	0.12
sh600090	-1511	225	0	0	-849.98	38370	7.71	7.69	7.66	7.74	-0.13
sh600529	-2501	0	0	0	-458.18	21381	20.20	20.27	20.20	20.50	0.35
sh600629	319	0	0	0	-61.28	7235	14.60	14.56	14.48	14.65	-0.07
sz002558	312	0	0	0	-838.72	18494	34.69	34.21	33.89	34.69	-0.67
sz300632	0	0	0	0	-133.19	7208	21.76	21.75	21.61	22.15	0.18
sh601699	-772	42086	35423	0	6100.30	928354	11.30	11.57	11.21	11.75	2.39
sh603081	1122	0	0	0	25.91	15382	26.05	25.56	25.25	26.53	-1.50
sh603665	305	0	0	0	-167.55	11790	35.18	37.06	35.18	37.36	5.34
sh603825	0	0	0	0	-42.57	7159	28.89	28.87	28.68	29.15	0.52
sz000985	-433	0	0	0	-143.64	8274	19.73	19.32	19.28	19.73	-2.23
sh600230	-3468	-1007	0	0	-5329.64	83012	48.29	46.94	46.61	48.30	-2.00
sz002603	-14194	-2214	0	0	-2452.36	69294	16.08	15.85	15.75	16.13	-1.31
sh603326	397	0	0	0	10.55	15817	19.30	19.60	19.21	19.88	1.08
sz002881	-201	0	0	0	199.13	14494	27.25	27.71	27.25	28.96	0.84
sh600325	-143866	-65905	-63289	0	-7426.80	815239	8.65	8.47	8.45	8.83	-1.97
sz300100	-3361	0	0	0	-675.97	43568	14.90	14.70	14.65	15.15	1.38
sh600684	-82904	-47434	-21910	0	-2760.40	255895	6.70	6.57	6.56	6.87	-2.38
sh603776	-231	0	0	0	-786.17	20347	60.99	59.75	59.65	61.40	-3.10
sh600650	-46	0	0	0	-7.73	23516	14.75	14.84	14.75	15.10	0.61
sh601225	-16382	6124	-19417	0	954.10	893328	9.10	9.22	9.03	9.37	1.65
sz300620	0	0	0	0	124.34	6332	35.37	35.80	35.32	36.46	0.42
sz002645	-1855	0	0	0	-573.01	23840	22.15	21.88	21.65	22.16	-0.23
sh600007	-2503	0	0	0	-396.07	13045	16.78	16.62	16.60	16.88	-0.95
sz000902	-10042	-2194	-2127	0	-974.72	44479	10.02	9.87	9.84	10.08	-1.79
sh601628	-38857	-15398	-4459	0	-5446.35	262193	31.51	31.16	30.99	31.74	-1.36
sh603648	6031	6672	0	0	459.41	231266	22.50	23.39	22.22	23.98	2.99
sh600048	-92254	-32381	-31129	0	-25545.10	1959306	17.70	17.29	17.10	18.00	-1.59
sh600515	-16803	-4484	0	0	-2196.05	64870	12.78	12.40	12.36	12.88	-3.13
sz002832	0	0	0	0	-3.47	360	57.21	57.50	57.19	58.15	-0.50
sh600600	-11798	-411	0	0	-5167.75	130771	42.63	41.65	40.45	42.97	-3.32
sh601801	-3439	-3000	-2000	0	-277.21	28846	10.30	10.22	10.19	10.32	-0.29
sz000050	-12651	-4534	-2658	0	-1726.95	144186	19.01	19.29	19.00	19.49	0.21
sz300007	-4182	-1192	0	0	-519.80	71869	13.88	13.78	13.71	14.11	0.00
sz300316	-17704	-3230	-4516	0	857.11	169819	19.79	19.84	19.55	20.25	0.40
sz300317	-5602	451	0	0	-1404.59	53917	14.00	13.99	13.78	14.03	-0.36
sz002756	-211	0	0	0	-324.93	7795	23.82	23.68	23.60	23.88	-0.59
sh603508	0	0	0	0	-86.10	5731	39.01	38.74	38.68	39.28	-0.54
sz002759	-1657	0	0	0	176.27	19715	15.91	15.93	15.90	16.12	-0.31
sz300262	-7867	-1495	0	0	-323.81	33140	8.98	8.89	8.86	9.01	-1.11
sz300654	43	0	0	0	-268.66	10988	33.60	31.30	31.21	33.60	-3.45
sz300653	0	0	0	0	84.36	4429	33.02	33.53	33.00	33.89	0.48
sh600850	-1304	0	0	0	-256.98	16940	18.16	18.06	18.03	18.30	-0.50
sz300498	-36081	-15477	-3572	0	-2833.49	169649	26.65	25.96	25.87	26.79	-3.24
sh600859	-7417	0	0	0	1346.65	122969	22.40	22.20	22.01	23.49	-1.77
sh600298	-11170	0	0	0	-3113.73	98290	36.00	35.20	34.66	36.00	-2.36
sz000919	-5664	-1004	0	0	-224.34	31331	9.03	8.98	8.94	9.11	-0.77
sz002220	-812	0	0	0	-15.05	10758	7.39	7.41	7.35	7.49	0.14
sh603659	-771	0	0	0	-105.49	26162	47.59	47.96	47.30	48.80	0.13
sh600075	-11361	-2076	-2168	0	-432.22	70656	8.04	7.96	7.91	8.06	-1.12
sz002827	-1214	0	0	0	0.86	28961	19.66	19.29	19.22	20.50	-1.73
sh601107	-9915	-8777	-5929	0	126.07	73874	4.26	4.27	4.25	4.30	0.23
sh600676	-1397	0	0	0	73.54	38786	6.42	6.45	6.39	6.48	0.47
sh603378	-5967	0	0	0	-1731.11	80959	25.18	24.39	24.35	25.46	-5.21
sz000869	-901	0	0	0	-1733.08	25670	38.35	38.10	37.52	38.36	-0.26
sz000860	-3558	2005	0	0	-1928.31	69179	20.31	19.92	19.84	20.42	-1.63
sz300124	-1908	0	0	0	-2898.03	61225	27.05	26.98	26.84	27.48	0.15
sz300121	-626	-1232	0	0	1248.56	53525	14.50	14.90	14.23	14.91	3.62
sz300129	-6231	-1000	0	0	-240.88	24118	6.65	6.61	6.59	6.66	-0.60
sh600703	-32767	1745	2266	0	-2647.40	408399	22.70	22.81	22.33	23.03	0.22
sh600705	65153	76516	80770	0	4880.16	657849	5.67	5.81	5.65	5.88	2.47
sz300307	539	1090	0	0	43.74	21595	8.09	8.10	8.06	8.17	0.12
sh603099	-200	0	0	0	-66.77	5384	12.05	12.04	12.02	12.25	0.00
sz300271	280	1148	0	0	-683.46	36405	14.61	14.80	14.56	15.05	1.02
sz300569	-1153	0	0	0	-641.49	12672	23.06	22.27	22.20	23.20	-3.17
sh603398	-1573	0	0	0	-341.04	11756	17.07	16.75	16.69	17.10	-1.41
sz002038	-6334	0	0	0	-1048.89	43352	31.81	31.35	31.23	31.85	-1.48
sh603086	0	0	0	0	-102.08	4597	37.30	36.84	36.73	37.42	-0.67
sz002783	-16635	-5653	-516	0	-2372.93	142093	19.00	20.24	18.80	21.47	2.58
sh600885	-241	0	0	0	1482.16	18591	43.21	44.00	43.21	44.43	-0.29
sh603977	-1033	0	0	0	-93.78	10025	13.44	13.31	13.25	13.61	-1.19
sh600068	-63076	540	-5197	0	6671.26	801902	9.17	9.20	9.10	9.25	0.44
sh603861	0	0	0	0	-54.62	7814	16.73	16.77	16.73	17.19	-1.12
sz002815	0	0	0	0	-269.14	6465	29.20	29.40	29.17	29.57	0.68
sz002811	-200	0	0	0	-119.55	10088	19.37	19.02	18.99	19.39	-1.60
sz000411	-753	0	0	0	-430.77	5656	20.68	20.31	20.16	20.72	-1.65
sh600663	350	0	0	0	-64.44	31038	20.60	20.42	20.36	20.90	-0.39
sh600660	-8683	0	0	0	-1532.07	90232	28.28	28.41	28.21	28.68	0.42
sh601390	-107247	-76483	-56897	0	-7835.27	580437	8.70	8.67	8.61	8.73	-0.69
sh601009	-83998	-10755	26710	0	6280.20	1788878	9.06	9.26	9.06	9.44	2.43
sz000524	-521	0	0	0	39.46	7977	11.24	11.26	11.19	11.36	0.18
sz000525	-14460	-1013	0	0	-3184.28	69946	23.71	23.43	23.31	23.80	-2.13
sh600717	-10811	-2792	-3780	0	272.47	106680	10.71	10.78	10.67	10.86	0.56
sh603856	-3871	1021	0	0	-1172.19	69584	21.51	20.77	20.60	21.96	-4.20
sz002567	-12148	-1849	0	0	-389.71	55745	7.55	7.48	7.35	7.55	-0.53
sz300207	-19058	-10684	-11571	0	-1902.15	113701	9.85	9.95	9.69	10.00	1.53
sz002563	-838	282	0	0	-47.28	46595	9.04	9.02	8.88	9.10	-0.11
sz300670	0	0	0	0	206.82	12637	22.69	22.60	22.45	23.20	-1.05
sz300673	0	0	0	0	138.42	3314	41.23	41.75	41.23	42.50	1.04
sh600874	-15432	49	0	0	-239.55	159265	13.60	13.64	13.41	13.83	0.29
sz300475	179	0	0	0	106.94	12337	13.78	14.08	13.78	14.12	1.37
sh603707	-1780	0	0	0	1394.68	39479	28.00	29.01	27.73	29.23	2.87
sh603701	0	0	0	0	-29.76	5456	18.59	18.42	18.35	18.72	-0.91
sz002791	-126	0	0	0	127.80	10908	19.38	19.39	19.34	19.76	0.00
sz002793	-56	0	0	0	-228.20	19910	16.30	15.91	15.81	16.48	-2.39
sz002792	-290	0	0	0	-160.38	10444	32.78	32.92	32.70	33.18	0.37
sz002027	-97110	-14217	-11664	0	-875.10	570056	13.45	13.20	13.03	13.50	-2.22
sz002029	4427	1473	0	0	968.55	42891	8.37	8.52	8.34	8.55	1.79
sz002028	-5488	-2420	0	0	-723.38	23271	14.76	14.50	14.46	14.76	-1.29
sz002802	0	0	0	0	-83.48	6548	28.46	28.14	27.99	28.76	-1.23
sh600381	2305	1642	680	0	-243.25	301910	11.34	12.18	11.29	12.18	10.03
sh600477	-34490	-9507	-5200	0	-1644.89	197516	9.15	9.01	8.94	9.17	-1.42
sz300697	-6183	-1264	0	0	-1396.75	64857	25.70	24.83	24.80	26.22	-4.02
sz000402	-60246	-19046	-22253	0	-6689.94	343289	12.16	11.94	11.90	12.35	-1.57
sh600120	-392	0	0	0	405.18	24031	23.32	23.56	23.28	23.65	1.07
sh600125	-38907	-9391	-5185	0	-2027.65	197496	10.13	10.07	10.03	10.29	-1.47
sh600655	-9010	-1112	0	0	-988.19	51827	11.37	11.21	11.17	11.41	-1.32
sz000791	2069	192	0	0	251.65	61793	7.75	7.81	7.72	7.84	0.64
sz000881	-4479	-1000	0	0	-599.06	22176	12.35	12.16	12.08	12.37	-1.30
sz000065	-7733	-2264	0	0	-968.45	61456	18.42	18.27	18.10	18.60	0.66
sh600720	9700	4442	0	0	2485.88	356240	11.21	11.39	11.11	11.53	1.24
sz300070	-16734	-3349	-2376	0	-4589.12	167676	16.44	16.34	16.19	16.48	-0.61
sz002412	-1793	0	0	0	-461.46	12911	17.17	16.78	16.72	17.24	-0.89
sz002140	-1747	0	0	0	-82.49	19641	10.93	10.84	10.80	10.94	-0.82
sh603879	-200	0	0	0	358.34	15903	20.08	19.16	19.00	20.08	-1.99
sz002385	-66509	-30915	-27713	0	-1888.64	275712	6.66	6.47	6.44	6.71	-3.00
sh603268	0	0	0	0	-90.10	2293	26.95	27.03	26.78	27.26	-0.48
sz002019	-22509	-8191	-2001	0	-2494.49	112923	21.14	20.84	20.70	21.17	-1.51
sh600269	31571	31065	32527	0	1142.69	203854	5.26	5.32	5.25	5.35	1.14
sz002275	-617	0	0	0	-63.02	6018	16.13	16.11	16.09	16.20	-0.12
sz002588	-5584	3507	2000	0	-528.49	62909	6.94	6.88	6.84	6.94	-0.72
sh600461	-5064	-2489	0	0	-406.31	34263	6.17	6.18	6.16	6.22	0.00
sh600642	20209	18786	8612	0	170.27	190767	5.92	5.96	5.90	6.00	0.85
sh600480	-2419	0	0	0	498.92	49933	15.47	15.59	15.40	15.76	1.56
sh600737	-32272	-18186	-8750	0	-307.44	100005	8.20	8.13	8.10	8.20	-0.12
sh600736	-6036	0	0	0	-97.25	57252	6.55	6.57	6.48	6.65	0.00
sz300043	-8283	-1739	0	0	-598.66	57394	6.34	6.29	6.26	6.40	-0.79
sz300041	-5484	-2107	0	0	-303.07	20978	9.73	9.64	9.64	9.79	-1.23
sh601515	-511	0	0	0	33.15	12280	9.72	9.79	9.72	9.85	0.41
sz300195	-1763	0	0	0	-322.89	11553	14.09	13.99	13.88	14.09	-0.78
sz300196	-143	0	0	0	-60.75	11571	13.36	13.31	13.17	13.40	-0.30
sh603477	-4391	1448	0	0	-238.98	113184	16.01	15.87	15.80	16.56	0.25
sz002649	-4054	-1159	0	0	-472.30	87860	11.37	11.32	11.29	11.57	0.09
sh600826	1694	0	0	0	564.23	23472	13.13	13.41	13.06	13.44	2.05
sz002002	-11602	-5008	-2984	0	-227.11	72228	7.06	7.01	6.98	7.08	-0.57
sh603278	-2405	0	0	0	-1530.93	57272	24.54	23.86	23.81	24.75	-2.81
sz002267	-16683	-3914	0	0	-448.87	59886	8.15	8.06	8.06	8.15	-1.10
sz002262	-19666	-6475	0	0	-814.33	85133	15.52	15.15	15.04	15.52	-2.13
sz002861	-251	0	0	0	57.57	9238	26.38	26.29	26.17	26.82	-0.19
sz002869	10	0	0	0	-174.57	26911	31.27	32.27	31.27	32.59	1.10
sh600101	-4281	-1500	0	0	-20.88	20810	9.02	9.03	8.99	9.07	0.11
sh600033	-29029	-19041	-9984	0	-256.92	152135	3.74	3.74	3.73	3.77	0.27
sh600030	4085	52783	-13157	0	-59448.00	3630176	21.36	21.29	20.92	21.85	-0.56
sh600745	-2661	0	0	0	115.90	45707	29.30	28.77	28.60	29.86	-1.84
sz300180	327	0	0	0	288.57	7933	24.00	24.28	23.96	24.48	0.04
sz300237	750	1050	0	0	-338.97	10582	15.50	15.54	15.42	15.87	-0.06
sh600482	-689	0	0	0	98.65	32363	24.05	24.10	24.05	24.49	0.12
sh603599	-3096	0	0	0	-770.84	31934	18.90	18.26	18.23	18.90	-3.13
sh603919	-34	0	0	0	-204.05	29452	19.41	19.63	19.16	19.66	0.20
sz002295	832	2302	2302	0	-135.76	11215	11.75	11.70	11.60	11.78	0.17
sz002101	168	0	0	0	296.01	16474	20.02	19.91	19.91	20.16	-0.70
sz002454	-2167	2429	0	0	96.17	30087	11.84	12.03	11.79	12.25	1.60
sh603826	-4348	-1000	0	0	497.71	70500	15.26	15.73	15.10	15.98	1.29
sz002120	-313	0	0	0	908.74	16274	42.26	43.35	41.51	44.01	3.46
sh603133	-673	0	0	0	-313.84	12772	30.54	30.39	30.20	30.98	-1.40
sh600113	-2623	0	0	0	-203.27	33190	10.43	10.47	10.43	10.64	-0.19
sz000988	-9525	-4326	-4326	0	-591.69	95645	15.58	15.68	15.47	15.88	0.90
sz000567	-1604	0	0	0	-64.81	25828	24.94	24.90	24.61	25.75	-0.44
sh600754	-2001	0	0	0	-98.66	37975	39.00	37.75	37.28	39.73	-3.23
sh600758	-14571	-1006	0	0	-951.93	68427	7.37	7.29	7.27	7.38	-1.09
sz002222	-12475	-1073	0	0	-1093.58	76136	16.62	16.60	16.50	17.07	-0.72
sh603567	-1020	0	0	0	-10.31	7262	14.20	14.26	14.17	14.34	0.28
sz300522	0	0	0	0	-159.43	8304	19.50	19.28	19.26	19.69	-0.87
sz002063	8290	44518	27561	0	-5681.60	743048	11.72	11.82	11.55	12.32	2.52
sz300526	-612	0	0	0	56.08	12364	18.12	18.00	17.80	18.26	-0.66
sh600170	-129952	-108404	-89952	0	-2320.69	409830	3.87	3.85	3.83	3.88	-0.77
sz300083	23153	26067	20474	0	3791.81	304991	7.00	7.32	6.98	7.39	4.42
sz002669	-2820	0	0	0	-76.47	11780	24.90	24.97	24.81	25.20	-0.16
sz300557	0	0	0	0	-162.53	3536	37.61	37.00	36.84	37.78	-1.07
sz300550	0	0	0	0	91.38	1966	30.80	30.80	30.65	31.16	0.00
sz300559	-200	0	0	0	-124.76	1911	39.76	39.20	38.90	40.07	-1.75
sz300439	-713	0	0	0	-192.32	6890	18.50	18.45	18.38	18.62	0.11
sz300430	-204	0	0	0	-207.97	5330	18.98	18.63	18.63	18.98	-1.32
sz002067	15087	51233	27755	0	5234.16	437377	6.14	6.27	6.10	6.32	2.28
sh603909	-216	0	0	0	-80.05	3066	31.93	31.99	31.50	32.10	0.19
sz002283	-6756	-2000	-2000	0	-241.49	32333	5.64	5.62	5.59	5.65	-0.18
sz300722	-12741	-3406	2152	0	2002.15	95087	40.43	40.80	39.82	42.99	4.40
sh600900	-32731	-12639	-7669	0	-2148.91	248942	16.10	16.10	16.01	16.19	0.19
sz002441	-500	0	0	0	-100.99	21129	9.75	9.83	9.71	9.86	0.41
sz002440	9367	13083	4951	0	506.49	258761	19.85	20.13	19.81	20.68	0.30
sz002116	-3174	0	0	0	-247.82	12586	10.23	10.17	10.15	10.25	-0.59
sh600340	-53772	-14709	-7168	0	483.10	418972	41.73	41.61	41.35	43.48	-0.24
sh600346	-21269	-9352	-4607	0	-2313.91	263384	14.92	15.36	14.78	15.55	2.33
sz000960	-16857	1162	3618	0	1378.10	208909	13.25	13.56	13.15	13.57	1.80
sh603128	1167	9729	2002	0	1518.61	168336	8.37	8.53	8.34	8.65	2.03
sh603369	-19408	-4213	0	0	-1140.22	134699	17.87	17.53	17.18	17.87	-2.01
sz000626	-1824	0	0	0	98.63	22114	12.32	12.38	12.30	12.60	0.81
sh601368	-2244	0	0	0	-86.60	14747	8.70	8.75	8.70	8.81	0.34
sh600569	-74705	-29615	-8613	0	-3453.61	1024616	5.23	5.20	5.16	5.37	-1.33
sz001979	-28944	-7321	-28222	0	-5407.30	596635	24.21	23.96	23.88	25.01	-1.64
sz002051	-7267	-1066	0	0	-583.58	73397	18.86	18.66	18.52	18.86	-1.11
sz002056	-58125	-23348	-4581	0	-7209.05	243951	10.28	10.06	10.01	10.34	-2.04
sz002728	281	0	0	0	24.49	8607	18.99	18.81	18.57	18.99	-0.58
sh603025	0	0	0	0	19.68	6615	30.98	30.60	30.54	31.18	-1.07
sz002626	-2708	-1252	0	0	-957.44	34712	19.90	19.65	19.50	20.00	-1.85
sz300717	-532	0	0	0	-577.29	26926	39.01	38.03	38.00	40.28	-3.16
sz002434	-11780	0	0	0	-281.42	51850	9.90	9.80	9.77	9.95	-0.71
sz002124	-2903	-2309	-2743	0	902.67	41773	8.81	8.91	8.75	8.92	1.25
sh603336	502	0	0	0	-331.68	17370	21.65	20.88	20.75	22.06	-3.82
sh603339	595	0	0	0	279.81	13973	22.58	22.93	22.38	23.17	1.87
sh600352	-32740	-20024	-23064	0	-13573.20	1109722	12.96	12.88	12.64	13.24	-1.53
sh603808	-424	1005	0	0	-476.00	19301	20.82	20.58	20.46	20.94	-1.11
sh600176	-50311	-3525	4151	0	7394.56	520280	16.84	17.06	16.60	17.15	0.59
sh600173	-23292	-929	0	0	94.24	136980	6.43	6.30	6.29	6.50	-1.10
sh600171	-28684	-9879	-11882	0	-189.54	230715	13.81	13.78	13.73	14.12	-0.43
sz000761	-66278	-39348	-49166	0	-2415.40	587997	5.58	5.61	5.55	5.72	-1.06
sh601886	-34137	-11322	-2379	0	1721.59	145028	9.24	9.31	9.24	9.49	2.31
sh600596	-42863	-3289	12616	0	-3049.49	506999	12.76	12.60	12.56	13.36	-1.49
sh600771	400	0	0	0	-6.06	12442	42.79	42.92	42.57	43.04	0.30
sh600572	-11930	-5160	0	0	-662.14	70876	7.15	7.09	7.06	7.17	-0.84
sh600687	-1620	-4000	0	0	807.87	59326	11.76	11.76	11.53	11.79	0.00
sz000811	-1986	-2080	-2180	0	561.03	44444	7.93	8.00	7.84	8.02	1.27
sz300158	-600	1349	0	0	-389.39	20210	13.23	13.24	13.17	13.33	0.15
sz002653	-323	0	0	0	75.18	9562	11.10	11.16	11.04	11.17	0.09
sz300501	0	0	0	0	-198.27	3742	35.05	35.50	35.01	35.70	0.97
sh603031	0	0	0	0	96.18	4921	24.05	23.92	23.80	24.14	0.04
sz002138	-16600	-5208	0	0	-1395.33	104540	15.77	15.64	15.40	15.86	-0.82
sz002136	-2569	0	0	0	-545.40	21966	14.22	14.04	13.98	14.28	-1.27
sh603328	-8298	0	0	0	-1178.63	51335	14.25	13.53	13.46	14.25	-5.25
sh603819	-50	0	0	0	-96.49	9396	17.20	16.85	16.83	17.28	-1.17
sh603928	1080	0	0	0	199.95	15036	15.29	15.22	15.18	15.56	-0.39
sh603920	-349	1025	0	0	-408.38	32544	18.29	17.92	17.90	18.42	-1.10
sz002551	-3388	2529	0	0	-451.79	37745	9.13	9.06	9.03	9.15	-0.33
sh601169	69366	84056	73041	0	6251.90	1322602	7.55	7.62	7.55	7.68	1.74
sz000975	-6353	0	0	0	-192.99	33119	14.42	14.64	14.35	14.72	1.46
sh600783	-22560	-11094	-2000	0	-2288.63	80539	14.03	13.83	13.53	14.06	-2.40
sh600548	314	0	0	0	357.96	22684	8.99	9.00	8.95	9.01	0.00
sh601098	-1148	2432	0	0	-3744.82	110374	13.98	14.19	13.91	14.20	1.50
sz000779	-642	0	0	0	-96.37	9329	13.77	13.75	13.59	13.77	0.29
sz000639	-3190	0	0	0	-500.59	15447	18.49	18.29	18.28	18.65	-1.24
sh600180	-1487	0	0	0	4.37	12681	10.34	10.34	10.29	10.44	-0.39
sh601233	-19422	-853	0	0	-1669.07	196424	26.38	26.43	25.89	27.10	0.19
sh601231	-3287	0	0	0	268.98	46220	13.91	13.95	13.86	14.11	0.00
sz002408	-1177	-4800	-2246	0	2764.42	123664	12.68	12.76	12.52	12.91	1.03
sz000981	-6200	8	0	0	91.01	58027	8.73	8.54	8.45	8.74	0.47
sz300387	-1475	0	0	0	-271.93	31965	17.34	17.69	17.34	18.07	1.73
sz002153	-16518	-6604	0	0	-3637.74	78176	24.53	24.15	24.06	24.90	-2.58
sz300565	-398	0	0	0	78.35	11108	20.25	20.20	20.15	20.68	-0.10
sz300563	0	0	0	0	14.31	2988	29.59	29.66	29.59	30.12	0.03
sz002706	-1597	0	0	0	-184.19	11603	12.10	11.87	11.85	12.10	-0.92
sh603556	0	0	0	0	17.94	6044	35.50	35.16	35.00	35.80	-0.73
sz002701	-11729	744	0	0	-700.61	58029	6.08	6.04	6.04	6.11	-0.49
sz002094	-851	1501	0	0	329.58	43331	18.63	18.73	18.52	18.82	0.54
sz002380	-911	0	0	0	120.79	9079	16.16	16.29	16.16	16.47	0.43
sz002895	-15809	-10612	-10612	0	-2144.43	190143	28.50	29.23	28.18	31.91	-2.57
sz002898	-5354	-1173	0	0	-1979.41	53496	24.01	23.02	22.92	24.32	-5.58
sh600201	-10580	-2808	-2808	0	-1642.98	79165	29.96	29.97	29.86	30.48	-0.53
sz002562	-4678	0	0	0	-1085.00	46603	16.56	16.40	16.33	16.70	-0.91
sh603777	0	0	0	0	119.54	10981	26.16	26.35	26.16	26.77	-0.04
sh600897	-2660	-1109	0	0	-23.88	12555	23.34	23.16	23.07	23.35	-0.60
sz000018	-6957	-4862	-3023	0	-92.47	79389	6.25	6.21	6.16	6.28	-0.64
sh600559	-10334	-1150	0	0	-3394.79	99843	32.80	31.92	31.72	32.85	-1.85
sh600153	19254	6053	5496	0	-409.87	318859	11.98	12.03	11.98	12.20	0.50
sh601200	-4403	0	0	0	-1405.57	41199	23.57	23.43	23.39	23.67	-0.68
sz000651	-77654	-6751	-15101	0	-41217.70	608047	52.09	51.45	51.13	52.76	-1.55
sz300178	37	0	0	0	62.98	18206	13.22	13.16	13.03	13.37	-0.45
sz300351	-918	0	0	0	84.29	16394	14.01	14.09	13.96	14.20	0.64
sz000951	-317	0	0	0	387.01	46145	17.20	17.14	16.92	17.22	-0.35
sz002718	0	0	0	0	-100.51	2602	46.48	46.17	45.80	46.71	-0.67
sh603787	-714	0	0	0	-26.51	13349	14.59	14.34	14.30	14.78	-1.71
sz002085	23280	19655	11429	0	3873.39	103685	15.80	16.18	15.64	16.25	2.47
sz002047	-16199	-7300	-4000	0	-511.76	43447	7.35	7.33	7.27	7.36	-0.68
sz002406	159	0	0	0	135.01	21911	7.08	7.12	7.07	7.16	0.71
sh603306	-800	0	0	0	-272.00	5651	27.59	27.67	27.57	27.78	-0.22
sh600894	-3265	-159	0	0	-0.69	28520	9.55	9.54	9.48	9.58	0.10
sh600895	-1329	0	0	0	-499.17	26719	14.89	14.89	14.86	15.05	-0.07
sh603766	-22323	-13295	-4761	0	-1661.86	96019	7.18	7.05	7.03	7.18	-0.84
sz000957	-16402	-419	0	0	-1748.37	68221	10.70	10.58	10.50	10.82	-1.76
sh600306	-657	0	0	0	-169.02	17206	10.35	10.28	10.25	10.36	-0.87
sh600523	-5758	-2777	0	0	-1541.18	84357	16.30	16.69	16.10	17.29	5.97
sz000488	-45900	-3528	5816	0	-3233.70	686927	18.65	18.42	18.34	19.13	-0.59
sz000719	78	0	0	0	-87.56	11357	9.19	9.17	9.16	9.25	-0.22
sz000717	-51887	-2241	-6408	0	-5335.40	743543	8.41	8.30	8.23	8.50	-1.43
sz000712	10529	12076	4620	0	2332.52	183148	16.01	16.84	16.01	17.38	4.86
sh600638	2415	0	0	0	175.53	41247	15.39	16.01	15.30	16.14	3.83
sh600639	-200	0	0	0	-124.55	9361	17.09	17.09	17.04	17.25	0.00
sz000821	1351	1477	0	0	668.94	40499	11.24	11.31	11.09	11.55	0.44
sz000823	-18297	-6173	-2273	0	-2019.14	60673	13.40	13.27	13.16	13.54	-0.97
sz300294	-1158	0	0	0	-1071.79	16324	32.42	32.05	31.72	32.89	-1.20
sz300347	-1029	0	0	0	-532.19	31298	35.20	33.91	33.88	35.20	-3.64
sz002769	-207	0	0	0	85.61	8247	14.30	13.95	13.92	14.30	-0.21
sz002182	-11009	-3723	-2380	0	-443.78	68919	8.68	8.60	8.55	8.70	-1.15
sz300622	0	0	0	0	-65.08	5274	25.05	24.81	24.73	25.43	-0.44
sh600348	-27240	-15092	-8404	0	-1015.23	283816	7.53	7.52	7.45	7.63	0.13
sh600889	-1676	0	0	0	-56.83	11906	8.27	8.23	8.22	8.32	-0.48
sh603991	0	0	0	0	-79.31	5218	28.84	28.26	28.08	28.97	-1.98
sh603996	2757	0	0	0	192.19	13695	17.72	17.78	17.55	17.85	0.57
sz000921	-16802	-1742	0	0	-1452.64	101236	15.72	15.38	15.30	15.76	-2.66
sh600081	731	0	0	0	118.46	17846	12.65	12.73	12.55	12.80	0.63
sh600535	-4171	0	0	0	-985.38	52068	37.19	36.55	36.52	37.62	-2.01
sz000723	-17248	-3003	-1531	0	-296.54	91671	6.62	6.63	6.57	6.65	-0.45
sz000726	-1741	-23	0	0	-165.95	44441	11.18	11.21	11.15	11.24	-0.09
sz000728	20551	34583	20727	0	5562.03	668070	10.99	11.42	10.91	11.68	3.91
sz000729	-66774	-30714	-9586	0	964.81	324505	8.13	8.06	7.99	8.22	-1.83
sh600628	-313	0	0	0	-32.42	21712	10.26	10.25	10.21	10.31	0.00
sh603885	3042	0	0	0	809.59	33940	14.73	15.01	14.73	15.10	1.15
sz300023	-341	0	0	0	191.36	22774	11.65	11.60	11.42	11.73	-0.77
sz300336	-5997	0	0	0	-569.10	39228	11.16	11.12	11.02	11.30	-0.63
sh603568	-1953	0	0	0	-625.36	15188	22.20	21.97	21.78	22.23	-1.26
sz002777	0	0	0	0	-148.19	3314	31.44	31.36	31.30	31.60	0.16
sz002775	-2484	0	0	0	-53.77	22789	19.71	19.80	19.55	20.01	0.20
sz300246	314	0	0	0	179.76	7968	19.38	19.43	19.15	19.75	0.67
sz002174	-3276	-1153	0	0	76.58	30778	22.80	22.67	22.58	23.04	-1.22
sz002372	-7493	-3283	0	0	-1152.68	62437	21.90	21.12	20.91	22.04	-3.39
sz300638	0	0	0	0	-114.95	10379	40.40	39.92	39.92	41.39	-0.50
sz300435	-349	0	0	0	-246.04	11010	15.88	15.93	15.58	15.97	0.70
sh603968	-2131	0	0	0	-423.71	11626	19.00	18.91	18.80	19.17	-1.05
sh600326	-36698	-12737	-2568	0	-1753.82	186479	10.05	10.00	9.96	10.13	-0.99
sh600327	-414	0	0	0	287.93	24147	7.43	7.45	7.40	7.48	0.40
sh600502	-13387	-530	0	0	-196.45	97123	7.07	7.01	7.00	7.08	-0.43
sh600057	-18869	-2929	0	0	-820.86	101219	8.35	8.21	8.19	8.37	-0.97
sh600619	-10450	-2141	0	0	-789.43	47296	11.24	11.06	11.04	11.29	-1.51
sh600611	-17500	-19012	-15759	0	-1420.00	106735	5.09	5.08	5.06	5.11	0.00
sz000028	-1994	-266	0	0	-1215.35	20959	64.00	62.28	62.03	64.36	-3.25
sz000023	0	0	0	0	-23.07	6401	20.39	20.05	20.02	20.39	0.05
sz000783	86576	94822	69953	0	9575.30	774926	8.14	8.41	8.10	8.50	3.70
sh601678	-21821	-5444	-5703	0	-815.72	302121	8.90	8.76	8.70	9.07	-1.57
sh603908	0	0	0	0	-62.11	3224	34.73	34.72	34.51	35.08	-0.17
sz000776	-743	29688	23111	0	1007.00	898087	18.81	18.98	18.72	19.29	0.96
sz002521	10787	12504	2000	0	307.35	40256	9.44	9.51	9.38	9.52	0.85
sh603359	-721	0	0	0	-661.19	25173	34.45	34.35	34.21	35.29	-1.26
sh600303	-444	3833	0	0	780.89	79587	9.13	9.28	9.08	9.35	1.87
sz300487	-21729	-15512	-11084	0	-2618.40	202578	28.48	29.15	27.33	29.15	10.00
sh603730	0	0	0	0	207.58	8712	34.53	34.70	34.43	34.77	0.32
sh600511	-11439	1010	0	0	-2161.16	56663	26.98	26.53	26.38	27.11	-1.67
sz002757	-2311	-1046	0	0	384.52	11161	37.46	38.02	37.46	39.10	-0.81
sz300274	-7752	677	-13	0	679.93	147450	17.00	17.00	16.92	17.49	0.06
sz002324	10552	8305	0	0	-554.65	18538	21.97	21.99	21.91	22.38	-0.95
sz300681	0	0	0	0	-196.56	5437	51.08	50.69	50.41	51.59	-0.76
sz000789	-55222	3839	14578	0	-6675.92	567451	12.53	12.15	12.01	12.76	-3.34
sh600278	3226	0	0	0	1256.14	55205	11.79	12.12	11.77	12.13	2.89
sh600389	-2268	0	0	0	-546.63	20098	18.30	17.95	17.89	18.33	-2.07
sz000883	-12369	-6951	-6174	0	53.96	87180	4.68	4.69	4.65	4.71	0.21
sz300445	0	0	0	0	-13.75	4973	15.79	15.57	15.54	15.85	-1.33
sh603110	-1406	0	0	0	-840.11	46045	29.43	28.44	28.32	29.86	-3.23
sh603277	-1540	0	0	0	-187.65	39961	19.20	19.05	18.91	19.72	-1.14
sh600037	-1191	0	0	0	-699.00	34428	12.71	12.82	12.68	12.89	0.55
sz300088	-46833	-32848	-18471	0	-8350.82	402252	7.30	7.14	7.10	7.37	-1.24
sz300554	-1229	-960	-2145	0	-2206.01	34367	73.00	72.00	70.08	74.22	3.87
sz000623	-2336	4383	2047	0	268.45	221675	23.19	23.23	23.09	23.60	0.43
sz300401	-2193	0	0	0	906.08	29921	49.61	49.55	48.71	50.17	0.10
sh600823	-27390	-5472	20458	0	-4881.76	865181	5.93	5.89	5.88	6.13	-0.67
sh600354	-15396	-2919	-2919	0	-536.50	51387	7.04	6.99	6.97	7.05	-0.71
sh603157	-207	0	0	0	-580.44	52861	18.71	18.39	18.32	19.08	-2.18
sh600985	-7714	0	0	0	-68.24	60258	16.10	15.72	15.60	16.19	-1.57
sh603323	61993	57528	26370	0	-2125.74	791166	9.15	9.65	9.00	9.99	5.93
sz000608	-10648	-3569	0	0	-353.97	45700	6.44	6.38	6.22	6.48	-0.62
sh603319	-255	0	0	0	152.51	8388	30.01	29.98	29.76	30.47	-0.63
sz300577	0	0	0	0	-416.09	3381	68.01	66.92	66.80	68.38	-1.37
sh600393	-3604	-3550	-3488	0	-464.06	114362	6.78	6.76	6.68	6.84	-0.44
sz000825	18308	47102	23153	0	3410.69	998756	5.22	5.28	5.18	5.29	1.15
sz000581	-17407	-2193	-3988	0	922.69	219835	25.60	25.66	25.39	25.94	0.59
sz002172	16168	2371	-303	0	578.14	80637	5.91	6.15	5.87	6.20	4.24
sz000603	1273	0	0	0	-114.22	27035	11.97	12.03	11.96	12.21	0.59
sh603980	-17282	-932	0	0	-4833.33	103787	22.39	21.91	21.86	22.49	-3.35
sh600329	343	0	0	0	101.08	15617	14.92	14.96	14.86	15.00	0.40
sh600980	1459	0	0	0	309.20	23941	14.88	15.18	14.79	15.24	2.02
sh601900	-2053	0	0	0	-340.68	13000	11.37	11.38	11.35	11.46	-0.18
sz000733	-6	0	0	0	687.60	40898	13.72	13.94	13.72	14.08	1.23
sh600612	-802	0	0	0	-367.50	11662	41.62	42.47	41.36	42.70	1.58
sz000596	-3047	0	0	0	-3084.12	34143	75.02	73.16	72.76	75.20	-3.42
sz000780	-3864	-1000	0	0	-30.36	24271	4.96	4.98	4.94	5.00	0.20
sh600545	-2600	-1068	0	0	-228.89	34662	9.99	9.94	9.90	10.05	-0.10
sh603225	-2322	0	0	0	-2090.28	36477	38.30	37.91	37.88	38.70	-1.69
sz300003	-1273	1010	0	0	1766.01	104049	25.88	26.02	25.63	26.19	0.42
sz300265	76	0	0	0	42.02	12170	8.85	8.95	8.81	9.10	1.13
sh600987	-4057	-1000	0	0	380.21	31917	11.36	11.26	11.25	11.40	-1.14
sz300015	-6442	-1018	0	0	-3517.46	74234	35.50	35.10	34.98	35.69	-2.42
sh600845	707	0	0	0	258.61	25169	18.65	19.11	18.65	19.22	2.25
sz002036	-15683	-5095	0	0	-3137.08	63770	15.20	14.83	14.73	15.34	-1.79
sh603886	-967	0	0	0	-203.09	12578	19.54	19.23	19.21	19.65	-1.59
sz300510	-243	0	0	0	-170.05	5384	25.50	25.47	25.25	25.80	0.04
sh603383	0	0	0	0	337.71	8390	43.97	44.61	43.78	44.96	1.46
sz002803	405	0	0	0	314.23	2453	44.00	44.00	43.27	44.00	0.00
sz000889	-1138	0	0	0	-51.87	7016	12.71	12.74	12.68	12.89	-0.62
sz300073	-6370	0	0	0	-2052.59	50870	23.19	22.86	22.77	23.38	-1.47
sh603098	-15959	-5972	-2379	0	-2797.37	79038	19.51	18.23	18.16	19.98	-4.35
sz300212	-1534	-1473	0	0	394.84	26252	25.69	25.91	25.60	26.06	1.29
sz300446	317	0	0	0	-64.25	5814	21.13	21.19	21.04	21.40	0.24
sh603063	-578	0	0	0	-65.85	18319	18.59	18.27	18.22	18.75	-1.72
sz002277	-24189	-19922	-8106	0	-1502.89	98552	5.92	5.93	5.90	5.97	0.00
sh600926	-33002	17165	14899	0	7421.40	959777	12.53	12.90	12.52	13.36	3.70
sh603103	218	1427	0	0	925.79	109394	29.31	30.56	28.76	31.33	3.21
sz000635	-2608	-1000	0	0	-379.43	31100	15.46	15.59	15.32	15.74	1.37
sh600835	-12835	-4721	-2040	0	734.37	95669	23.07	22.94	22.68	23.38	-1.29
sh600688	-33072	-16607	-15659	0	-5641.77	602027	6.78	6.82	6.73	6.86	0.15
sz002733	-685	0	0	0	-486.64	13016	16.58	16.37	16.33	16.68	-1.44
sh603818	-742	0	0	0	-146.02	7652	13.42	13.22	13.18	13.42	-0.68
sz000559	-6203	3841	2033	0	-187.50	80727	9.92	9.88	9.86	10.07	-0.40
sz002381	-781	0	0	0	-105.97	14701	7.69	7.67	7.64	7.73	-0.65
sz002885	0	0	0	0	-385.07	11089	35.89	35.18	35.12	36.47	-1.98
sz000928	-37952	-5985	1025	0	-82.96	184864	6.69	6.72	6.63	6.79	0.60
sh600622	-6610	-1164	0	0	-554.44	89682	16.85	17.18	16.85	18.05	3.00
sz300438	-288	0	0	0	286.33	15341	28.29	28.21	28.01	28.57	0.11
sz000932	-21464	-913	-5592	0	474.97	383453	8.70	8.84	8.64	8.93	1.84
sz000598	-22792	-12376	-6121	0	-592.30	105468	5.39	5.37	5.35	5.39	-0.19
sz300039	-14068	-9000	-6500	0	-473.19	42627	6.48	6.42	6.41	6.49	-0.77
sz300723	-8079	-1505	0	0	-4496.72	95776	40.95	39.09	38.80	41.40	-5.53
sh600908	25139	43147	39666	0	8854.20	1266403	8.66	9.50	8.55	9.50	9.95
sz300485	-259	0	0	0	-216.69	9538	28.10	27.86	27.67	28.26	-0.85
sz002530	-375	0	0	0	-61.12	12733	23.59	23.28	23.12	23.79	-1.27
sh603536	82	0	0	0	-550.27	12799	19.83	19.81	19.60	19.95	0.00
sh600284	-3717	-1115	0	0	-209.53	23898	9.53	9.52	9.50	9.62	-0.31
sh600723	-2831	0	0	0	-263.33	17846	8.46	8.44	8.38	8.52	-0.35
sh603179	-840	0	0	0	-819.96	27294	37.06	36.22	36.20	37.44	-3.28
sz002879	5745	2861	3763	0	921.57	45963	52.93	54.42	52.00	54.87	3.11
sh600742	-2133	0	0	0	45.98	41392	17.37	17.33	17.15	17.54	-0.40
sz002581	-1314	0	0	0	-71.68	11848	18.17	18.23	18.11	18.35	0.33
sh603903	0	0	0	0	198.47	13615	37.30	38.18	36.91	38.23	1.89
sh600787	-57186	-19343	-18146	0	-2204.25	210905	11.92	11.62	11.60	11.94	-2.52
sz002763	-1277	0	0	0	-287.21	11367	13.44	13.41	13.32	13.62	-0.22
sz000822	-31721	-9582	-5686	0	-1239.50	198672	9.44	9.47	9.37	9.63	-0.32
sz300636	0	0	0	0	18.03	5242	31.72	31.67	31.41	32.15	-0.85
sz300340	-13433	-3996	-3996	0	-23436.24	112843	55.00	54.35	54.15	58.64	-3.50
sh600996	-10840	-2443	1076	0	958.28	119708	9.93	10.30	9.83	10.90	3.94
sh600291	-32471	7803	0	0	1595.25	373510	26.24	26.49	25.90	26.88	0.95
sh600649	-5164	-425	0	0	-766.23	85541	9.18	9.12	9.12	9.24	-0.55
sh603619	-2863	-1092	0	0	-1361.98	107680	44.11	45.42	43.02	46.30	1.05
sz300403	-1171	0	0	0	51.55	8682	14.96	14.96	14.90	15.09	0.00
sz000038	-723	0	0	0	16.19	16577	19.56	19.45	19.37	19.90	-0.87
sz000848	26	9523	2806	0	327.60	105702	10.23	10.31	10.10	10.48	0.39
sz300727	-2879	-1498	-2649	0	-2273.39	132433	33.57	35.50	33.57	37.75	3.29
sz300721	243	0	0	0	-1231.80	29884	37.00	36.26	36.12	38.36	-3.69
sh600633	-8499	-1200	0	0	-1097.81	83511	15.19	15.11	15.06	15.32	-0.53
sz300400	1133	1839	0	0	217.03	25822	14.09	14.20	13.90	14.38	0.07
