sz000901	4471	3162	0	0	241.30	84998	23.02	23.33	23.02	23.96	0.91
sz000906	-25794	-14740	-9760	0	-4247.68	190064	8.92	8.57	8.49	8.93	-2.28
sz000908	-9238	-4665	0	0	-495.63	38013	6.09	6.08	6.04	6.12	-0.16
sh603648	-8387	-3631	-5254	0	321.11	190846	22.35	22.92	22.35	23.85	-0.30
sh600993	-11407	0	0	0	-3276.06	53737	20.96	20.71	20.66	20.97	-1.10
sh600997	-50799	-46932	3209	0	-2771.29	216547	6.26	6.27	6.24	6.37	0.16
sh600998	-3921	2200	2200	0	-485.23	46854	18.27	18.11	18.02	18.28	-0.88
sh600338	1937	0	0	0	-470.07	34272	38.61	39.00	38.61	39.50	0.44
sz002832	-200	0	0	0	109.52	1693	59.07	59.50	59.00	60.97	-0.55
sh601117	11721	21280	12178	0	721.24	291850	7.33	7.38	7.29	7.45	0.00
sh600420	-17502	681	0	0	-1344.77	105551	11.10	11.27	11.06	11.29	1.53
sz000987	-6001	0	0	0	-460.04	36335	10.35	10.31	10.29	10.50	-0.58
sh601801	-11337	-332	2059	0	880.83	126586	10.65	10.62	10.59	10.95	-0.38
sz000055	-58926	9285	21979	0	8637.10	1177892	7.78	8.40	7.62	8.48	8.95
sz000050	-38284	-10513	-4969	0	-5370.43	193570	20.13	19.97	19.90	20.23	-0.84
sz300009	-11670	-3512	-2587	0	-4374.76	174285	26.16	26.26	25.76	26.45	0.38
sz002238	-2002	0	0	0	-103.38	22042	9.65	9.51	9.51	9.84	-1.45
sz002237	8504	18715	9945	0	4242.64	293255	11.47	11.61	11.40	11.75	3.48
sz002646	-1974	0	0	0	-281.74	17877	15.83	15.71	15.69	15.85	-0.63
sz002648	-27067	-4756	-2348	0	-1061.44	135149	19.30	18.97	18.88	19.93	-2.22
sh603507	-218	0	0	0	64.01	24590	40.85	40.85	40.81	41.69	-0.56
sz300267	-48072	-29236	-5663	0	1004.89	707570	6.68	7.36	6.68	7.40	9.36
sz002354	-21313	-2549	-2760	0	-2514.31	205236	18.00	17.88	17.80	18.56	-1.11
sh600987	-544	4634	3000	0	246.09	48207	11.26	11.28	11.20	11.32	0.18
sz300499	0	0	0	0	-92.18	5036	19.38	19.20	19.18	19.72	-0.36
sh600856	-43501	-16147	-14111	0	-2763.20	310519	14.05	13.44	13.37	14.19	-5.29
sz300495	2662	4128	644	0	-600.32	75434	16.50	16.59	16.38	16.81	-0.06
sz002530	-1143	0	0	0	-589.97	37484	22.76	23.91	22.62	24.36	5.19
sh600299	-2641	-1200	0	0	-226.35	13883	12.12	11.91	11.89	12.30	-1.41
sh600291	-34839	-4101	-2909	0	-10763.25	237466	26.06	25.55	25.52	26.13	-2.56
sh600295	-2408	0	0	0	-172.41	99914	14.14	14.15	14.08	14.37	0.50
sz000910	-3036	0	0	0	229.32	28217	24.77	24.73	24.46	24.85	0.04
sh600076	-5602	-1363	3074	0	-541.44	196806	7.09	7.23	7.06	7.33	1.97
sh600075	707	4444	-2011	0	1666.09	138810	7.96	8.15	7.92	8.16	2.64
sz000681	2238	5347	-2205	0	2601.83	133078	19.85	20.92	19.85	21.42	4.60
sz002829	0	0	0	0	30.27	10361	26.74	26.99	26.55	27.43	0.30
sh603685	-874	0	0	0	-1034.76	22604	34.49	33.97	33.89	35.17	-2.41
sh601107	-22431	-8068	-6220	0	-264.57	68592	4.37	4.36	4.35	4.39	-0.68
sh601108	-88983	-11219	-3339	0	-16609.37	592178	21.45	20.89	20.82	21.55	-4.66
sh600674	7477	11012	8646	0	1814.58	133628	9.84	9.93	9.81	9.97	0.61
sh603378	-1918	0	0	0	792.78	60120	23.38	23.90	23.35	24.13	1.36
sz000860	-7719	-2380	-3403	0	125.60	86476	20.21	20.27	20.10	20.50	0.40
sh600705	-9247	-3893	-8452	0	-1833.56	297877	5.82	5.80	5.76	5.84	-0.17
sh600763	-495	0	0	0	-728.44	28670	38.53	38.52	37.86	39.26	-0.47
sz300017	-76250	-54005	-38383	0	-23694.80	1276469	13.52	13.45	13.27	14.15	-1.75
sz300307	-4707	0	0	0	-85.53	64581	8.38	8.35	8.34	8.56	-0.95
sh603099	-454	0	0	0	-76.96	9093	12.02	12.10	11.97	12.13	0.41
sh603536	-247	0	0	0	-65.38	8020	20.20	20.44	20.20	20.71	0.84
sh603535	-1288	0	0	0	128.42	49575	26.51	26.93	26.51	28.47	0.11
sh603538	0	0	0	0	197.08	4368	25.94	26.14	25.85	26.20	0.77
sz002320	-7062	-2650	0	0	-712.92	58106	27.13	26.85	26.38	27.28	-1.58
sz000059	-1866	31841	17190	0	8764.07	466652	10.61	10.85	10.61	11.01	2.46
sz300665	-206	0	0	0	-68.96	12398	27.58	27.21	27.11	28.03	-1.41
sz002101	-1618	0	0	0	-400.77	16422	20.12	20.07	20.02	20.27	-0.50
sz002456	2293	11037	6310	0	1351.40	363593	18.50	18.49	18.26	18.92	-0.48
sz002454	979	0	0	0	37.28	16512	11.82	11.86	11.82	11.98	-0.25
sz002859	-805	0	0	0	223.22	17488	31.80	32.00	31.80	32.40	0.00
sh603825	-184	0	0	0	-551.96	26184	32.60	32.94	32.33	35.21	0.15
sh603136	-219	0	0	0	-155.88	10094	43.90	43.26	43.21	44.40	-1.79
sh603133	-219	0	0	0	-391.87	12060	31.00	30.81	30.80	31.27	-0.74
sh603131	-597	0	0	0	-176.64	17837	21.96	21.55	21.51	22.33	-1.87
sh600113	-6607	1086	0	0	-405.22	81282	10.84	11.09	10.73	11.17	1.46
sh600028	-471837	-325903	-239173	0	-68.00	4916205	7.42	7.25	7.22	7.51	-0.96
sz000985	0	0	0	0	64.56	14883	19.45	19.64	19.45	20.37	1.29
sh600757	-8627	8991	3902	0	252.41	216014	7.25	7.29	7.21	7.49	0.69
sh600755	-40427	-24288	-12727	0	-5466.63	382362	10.78	10.73	10.71	10.88	-0.56
sh603197	-228	0	0	0	565.94	8420	50.61	51.12	50.20	51.38	1.51
sz002223	-15952	-2833	0	0	-331.13	109985	21.52	21.58	21.40	21.98	-0.55
sz300522	-213	0	0	0	20.81	10526	20.15	19.83	19.80	20.23	-0.65
sz000338	-60731	-39185	-43302	0	-2750.50	801807	9.05	8.98	8.94	9.08	-0.44
sz000685	-17146	-5922	0	0	-1470.47	79915	10.77	10.70	10.63	10.78	-0.83
sh600831	2375	0	0	0	246.38	46424	8.28	8.28	8.23	8.47	-0.12
sh600835	-10461	-4579	0	0	974.90	80187	23.41	23.45	23.20	23.63	-0.21
sz002597	-17877	-4452	-3402	0	-1028.49	138177	28.68	27.99	27.91	29.25	-2.13
sz300430	0	0	0	0	23.31	6508	18.91	18.78	18.71	19.10	-0.27
sz002065	-50990	-23576	-5028	0	-8833.10	736249	9.35	9.30	9.26	9.54	-1.59
sh603585	0	0	0	0	108.69	4332	31.80	31.90	31.66	32.14	0.13
sh603580	0	0	0	0	-220.96	9756	31.15	30.67	30.61	31.57	-1.95
sh603589	-1839	0	0	0	-1690.21	43790	50.57	51.10	49.45	51.40	0.20
sh603903	-257	0	0	0	168.25	13057	37.68	37.84	37.66	38.68	-0.81
sh603906	752	0	0	0	101.46	12076	15.98	15.83	15.82	16.08	-0.75
sz002502	-4350	-340	0	0	-26.18	51305	8.40	8.36	8.36	8.56	-0.83
sz002283	-6032	-252	0	0	-320.17	46714	5.68	5.70	5.68	5.77	-0.52
sz300720	-407	0	0	0	-178.25	17364	30.90	30.78	30.73	31.44	-0.65
sh603630	-245	0	0	0	-253.54	10077	27.48	27.44	27.31	27.67	-0.76
sz002111	-3316	0	0	0	-299.51	29652	15.23	15.25	15.15	15.40	0.20
sz002119	0	0	0	0	-0.07	8436	18.18	17.84	17.82	18.18	-1.38
sh600345	-5403	0	0	0	-1224.31	62506	31.15	30.68	30.64	31.25	-1.92
sh601985	-32352	-15261	-2185	0	-3052.00	830374	7.75	7.67	7.66	7.81	0.79
sz000960	42411	73144	45986	0	-938.40	907087	15.82	15.52	15.49	16.25	0.71
sh603127	-3271	-1000	0	0	905.91	17826	57.79	58.66	57.79	60.29	1.72
sh603129	-241	0	0	0	543.11	17913	26.89	27.41	26.68	27.80	2.09
sh603128	-27271	-7154	-4987	0	-299.20	171002	8.66	8.62	8.54	8.82	-1.71
sh600230	9787	6240	0	0	7516.99	206633	47.81	51.01	47.70	52.19	7.03
sh600231	-811	22524	23422	0	1762.67	373574	5.17	5.18	5.13	5.20	0.19
sh600233	-6034	-4025	0	0	-887.30	28653	16.92	16.76	16.74	17.09	-0.83
sh600697	-582	0	0	0	-133.23	13641	25.65	25.61	25.45	25.72	-0.04
sh600160	2295	14440	5818	0	3235.56	248952	11.01	11.24	11.00	11.33	1.63
sh601188	358	3584	2290	0	3.40	36595	4.20	4.22	4.17	4.24	0.24
sh600690	-118913	-71147	-56063	0	-26596.00	792643	22.04	21.47	21.21	22.04	-2.59
sh601186	-20460	1870	-5580	0	1165.84	381377	12.09	12.07	12.03	12.23	-0.58
sh603369	-12514	549	0	0	-3216.88	134907	17.45	17.18	16.80	17.47	-2.22
sz000626	-965	0	0	0	-69.57	23977	12.58	12.63	12.51	12.81	-0.32
sz000625	-33219	8577	2251	0	-2534.95	181403	13.27	13.22	13.16	13.28	-0.30
sz000623	-40442	-18633	-12117	0	-5200.66	164559	23.65	23.43	23.38	23.74	-1.55
sh600765	99	2772	0	0	151.71	83508	11.91	12.08	11.91	12.32	0.67
sh600563	-706	0	0	0	-98.77	17938	46.76	46.59	46.20	47.14	0.09
sh601966	-3079	0	0	0	-103.35	25626	17.95	17.88	17.81	18.09	-0.50
sh601567	-64	0	0	0	-163.23	24461	9.48	9.51	9.43	9.55	0.63
sz002617	19790	9302	3291	0	2257.74	110122	16.47	17.04	16.44	17.15	3.40
sz300545	0	0	0	0	-400.69	12041	53.10	54.57	52.59	57.00	2.75
sz000049	-5967	0	0	0	-3459.37	47649	37.17	37.09	37.05	37.78	-0.16
sz300409	663	0	0	0	-299.99	30438	49.84	49.65	49.10	50.33	-1.47
sz002053	-2855	0	0	0	-51.98	35791	11.49	11.53	11.45	11.60	0.44
sz002722	-71	0	0	0	-179.75	15314	25.03	25.31	25.03	25.50	-2.13
sz002056	-22037	-7601	-2996	0	-1468.30	154971	10.09	10.02	10.02	10.23	-0.40
sz002057	-1705	0	0	0	146.30	26100	12.27	12.32	12.24	12.52	0.16
sz002728	-208	0	0	0	-119.10	9329	18.72	18.81	18.70	19.15	0.59
sh601818	-160099	-53155	-18050	0	4246.30	3131005	4.77	4.78	4.65	4.81	-0.42
sh603937	298	144	0	0	457.90	145354	24.13	24.95	24.13	26.00	4.22
sz002434	-26197	-793	0	0	-2338.94	71958	10.08	9.96	9.96	10.10	-1.19
sh603336	-115	0	0	0	336.18	16633	22.00	21.78	21.70	22.32	-0.64
sh603339	0	0	0	0	108.96	11770	23.19	23.21	23.05	23.39	0.00
sh603808	292	0	0	0	122.32	23514	21.04	21.36	20.88	21.41	1.52
sh600354	-6856	3092	0	0	-2.48	65148	7.04	7.07	7.00	7.10	0.14
sh603806	0	0	0	0	82.33	6278	33.95	33.81	33.43	33.96	0.74
sh603218	-1077	0	0	0	85.87	18293	22.46	22.16	22.15	22.89	-1.03
sh603157	-1685	0	0	0	-278.50	50028	18.40	18.53	18.15	18.79	0.27
sz002540	-1864	1300	0	0	-282.40	22204	7.42	7.43	7.40	7.49	0.00
sz002541	-1145	0	0	0	-281.09	18711	14.08	14.08	14.08	14.22	-0.49
sh600176	-9458	4674	5709	0	-788.88	253578	17.48	17.50	17.02	17.71	0.23
sz000408	-12326	0	0	0	-1618.03	54373	17.08	17.08	17.00	17.35	-0.29
sh600179	1744	1649	0	0	548.90	37924	25.76	25.72	25.60	26.00	-0.54
sh601888	-9871	0	0	0	-3492.95	75459	49.46	48.77	48.45	49.59	-1.38
sh601886	-4337	3212	0	0	901.94	59605	9.31	9.36	9.28	9.49	0.00
sh600594	-6059	509	2111	0	697.30	162106	10.41	10.56	10.41	10.67	1.25
sh600597	-26919	-4795	-3255	0	-4108.52	158971	15.39	14.98	14.95	15.46	-2.47
sh601311	-805	1225	0	0	1174.25	56445	12.84	12.95	12.84	13.11	0.39
sh600771	3537	0	0	0	1432.77	47744	43.47	45.66	43.37	45.85	4.94
sh601088	-20980	11935	2017	0	10750.20	518654	25.02	25.15	24.92	25.46	1.45
sh600688	-42390	-1304	16595	0	-2604.93	550601	6.97	6.89	6.87	7.07	-0.72
sh600681	-4418	0	0	0	103.77	38792	13.40	13.18	13.09	13.40	-1.93
sh601952	-3507	2633	0	0	1192.33	172260	13.35	13.49	13.25	13.70	0.60
sh600687	8983	1000	0	0	122.55	66834	12.17	12.05	11.93	12.37	-0.25
sz000548	-4223	-2800	0	0	-47.78	30638	6.45	6.46	6.40	6.49	0.16
sz300158	-2182	5654	785	0	-4767.91	272213	14.33	14.70	14.01	15.47	3.16
sz000541	-15054	-9258	-2555	0	-1343.17	108971	9.50	9.48	9.44	9.59	-0.32
sz002714	-2603	0	0	0	-1587.53	30459	61.50	61.30	61.19	62.60	-0.63
sz002653	65	0	0	0	234.88	12514	11.08	11.14	11.03	11.25	0.45
sz300375	-12151	0	0	0	-1335.55	39968	16.30	16.14	16.13	16.50	-1.59
sz002731	0	0	0	0	30.47	12209	17.63	17.88	17.60	18.18	1.25
sz002043	-8803	-374	0	0	-959.00	67212	11.75	11.61	11.58	11.86	-1.11
sh603033	-244	0	0	0	-177.82	5638	17.87	17.63	17.50	18.00	-1.56
sz300705	-686	0	0	0	-376.36	17940	27.80	27.52	27.47	28.22	-1.33
sz002136	-4169	-2858	0	0	695.59	51398	14.09	14.41	14.08	14.52	2.34
sh603326	-337	0	0	0	27.76	8096	19.42	19.42	19.30	19.60	-0.05
sh603496	0	0	0	0	137.60	8869	32.03	32.03	32.00	32.89	-0.31
sh603499	-236	0	0	0	-85.95	23197	24.76	24.71	24.65	25.36	0.16
sh600367	-9464	1912	4336	0	4352.01	85491	11.07	11.84	11.07	11.84	10.04
sh603819	-67	0	0	0	15.91	10871	17.22	17.03	17.00	17.44	-1.05
sh603818	-1122	0	0	0	52.05	10947	13.42	13.64	13.41	13.68	1.64
sh603929	-433	0	0	0	-188.89	15955	24.58	24.66	24.28	24.95	0.04
sh603920	-1415	0	0	0	-445.37	29741	18.09	18.00	17.98	18.35	-1.32
sh601163	-1084	0	0	0	133.83	33735	20.29	20.36	20.26	20.55	0.10
sh601169	-74848	27147	31345	0	-178.50	794581	7.69	7.62	7.56	7.69	-1.30
sz000975	24678	17848	12529	0	15.87	123467	14.82	15.13	14.82	15.33	3.63
sz000609	398	0	0	0	-448.84	34491	11.39	11.37	11.25	11.52	-0.87
sh600782	-185610	-120311	-85056	0	-5605.84	782783	7.49	7.36	7.25	7.60	-2.13
sh600785	-450	0	0	0	-33.13	3011	21.80	21.49	21.48	21.80	-0.92
sh600548	-24501	2639	0	0	926.16	79999	9.17	9.30	9.11	9.37	0.87
sh600547	-4138	21023	-1262	0	13299.20	458637	33.56	33.82	33.30	34.20	2.89
sh601098	-4146	0	0	0	-1207.95	77057	14.54	14.41	14.37	14.66	-1.30
sh601766	-101009	-50863	-13950	0	-20312.10	1262590	12.38	12.30	12.22	12.44	-1.36
sh601238	4157	-1264	0	0	-1912.60	49105	24.24	24.21	24.09	24.29	-0.12
sh601233	-7178	1784	2050	0	4744.65	221047	26.60	26.92	26.58	27.68	1.70
sh601231	-10044	902	0	0	-200.38	90883	14.23	14.23	14.16	14.37	-0.21
sh603286	-200	0	0	0	728.19	9775	43.09	42.70	42.50	43.48	-0.91
sh601628	-60231	-15809	-7771	0	-11754.70	343545	30.85	30.29	29.93	30.87	-2.07
sh600995	622	1192	0	0	272.96	51307	9.16	9.23	9.15	9.32	0.76
sh600999	-30959	-10468	-10422	0	-1842.54	272182	20.35	20.19	20.15	20.62	-2.18
sh600518	-3635	3011	0	0	655.19	127738	21.33	21.43	21.32	21.56	0.47
sh600510	-4532	-1000	0	0	-285.33	21320	7.06	6.97	6.96	7.08	-0.85
sz002831	796	0	0	0	645.15	9849	58.16	58.88	58.15	59.88	0.05
sz002837	-933	1653	0	0	264.58	50242	20.41	20.60	20.08	20.78	-1.62
sh600422	-17862	-8167	0	0	-1228.13	64449	9.26	9.23	9.22	9.33	-0.32
sh600600	-1893	-1028	0	0	-3133.41	61714	40.90	40.80	40.30	41.27	-0.66
sh600606	-111217	-68442	-93850	0	-24440.90	2095630	9.51	9.34	9.14	9.55	-2.71
sz300138	-802	0	0	0	-37.38	17705	12.65	12.58	12.53	12.73	-0.24
sz300004	-6955	-1070	0	0	-210.02	49966	10.93	10.91	10.89	11.20	-0.64
sz002042	6655	2602	0	0	782.20	77746	12.75	13.10	12.52	13.16	2.75
sz002236	-34709	-9668	-9171	0	-10843.60	312607	26.40	25.74	25.32	26.52	-2.13
sz300316	-28137	-7008	-2340	0	-1789.20	149606	20.85	20.53	20.51	21.04	-2.10
sz300317	625	2854	0	0	-459.65	72654	14.30	14.32	14.21	14.63	0.07
sz002645	-85	0	0	0	1095.11	35968	21.06	21.80	21.00	22.18	3.56
sz002753	649	0	0	0	914.95	21381	19.70	20.00	19.56	20.38	1.83
sz300265	-62	1996	1996	0	215.78	41116	9.17	9.18	9.05	9.34	1.32
sz300262	-10215	-1015	0	0	-156.88	63157	9.18	9.15	9.15	9.33	-0.87
sz300658	0	0	0	0	-6.26	3096	30.03	29.54	29.52	30.10	-1.53
sz300653	0	0	0	0	-236.61	4834	34.56	34.16	34.13	34.76	-1.19
sz300652	-591	0	0	0	-66.13	10894	28.20	28.00	27.97	28.52	-1.37
sz300650	-101	0	0	0	-91.06	9380	39.95	39.25	39.06	40.50	-2.14
sh600850	-4002	0	0	0	145.66	28780	17.86	17.89	17.80	18.12	-0.17
sh600859	-6576	0	0	0	-2350.78	73711	22.95	22.47	22.44	23.30	-2.52
sz002531	-5552	1878	2174	0	-252.32	125107	7.21	7.25	7.13	7.36	0.55
sh603727	-204	0	0	0	251.63	39862	24.22	24.66	24.22	24.98	2.07
sh603725	152	0	0	0	329.74	60254	20.00	20.84	19.90	21.59	3.17
sh603722	-206	0	0	0	442.97	45709	38.98	41.24	38.98	41.97	4.56
sh600293	-6391	0	0	0	-674.84	51738	8.06	8.10	8.04	8.17	0.50
sh600297	-17426	-268	4230	0	-895.66	121386	7.85	7.82	7.78	7.92	-0.26
sz000919	-6339	-1668	0	0	-70.63	34776	9.26	9.21	9.18	9.30	-0.43
sz002220	-5462	0	0	0	-170.38	23131	7.42	7.42	7.40	7.47	-0.13
sh603659	-2284	0	0	0	-938.90	33082	49.50	48.72	48.70	49.90	-2.58
sh603658	0	0	0	0	71.34	4601	48.28	49.14	48.28	49.30	0.78
sh600079	-14446	-2794	-3200	0	2550.39	101641	17.95	18.05	17.88	18.22	0.33
sh600073	-19178	-16490	-2470	0	-2422.04	142350	8.13	8.21	8.10	8.27	0.74
sz002828	-984	0	0	0	-204.67	25298	25.45	24.58	24.56	25.80	-2.07
sz002820	0	0	0	0	-137.65	7336	25.60	25.31	25.28	25.94	-1.13
sz300453	-1616	0	0	0	-380.13	13039	15.27	15.29	15.16	15.53	-0.59
sh601101	-7317	2071	-365	0	205.79	151384	8.40	8.44	8.40	8.62	0.72
sh600459	-6970	-3990	0	0	785.89	97358	23.10	22.80	22.74	23.47	0.57
sh603683	-399	7443	8816	0	3060.47	183813	24.95	27.32	24.89	27.98	7.39
sz000869	-864	0	0	0	-1525.14	23323	38.00	37.73	37.64	38.03	-0.97
sh601811	-381	0	0	0	244.39	29315	13.19	13.15	13.08	13.44	0.00
sz000042	-3266	-1328	0	0	153.60	11940	16.97	16.97	16.88	17.14	-0.18
sz000040	-5303	0	0	0	-641.14	20120	13.01	12.97	12.94	13.07	-0.23
sh600708	-160973	-85915	-62413	0	-11672.21	691319	8.93	8.42	8.30	8.93	-5.50
sh600701	-14283	1112	0	0	160.56	120278	9.26	9.27	9.19	9.36	0.22
sh600703	-33939	126	4193	0	-6683.40	343552	24.60	24.54	24.30	25.08	-0.65
sh600706	-4108	0	0	0	-993.66	19250	18.81	18.64	18.58	18.94	-1.43
sz300306	-2241	0	0	0	-77.28	20704	14.76	14.86	14.72	15.14	-0.13
sz300271	15496	12697	2674	0	2170.29	225673	16.41	16.71	16.36	17.48	1.27
sz300274	-16836	-2183	2181	0	-3037.46	156796	17.62	17.35	17.17	18.00	-1.53
sz300569	-1614	0	0	0	-156.99	22701	22.85	23.16	22.80	23.97	1.22
sz002324	110	0	0	0	-1412.20	22951	21.50	21.06	20.97	21.75	-1.96
sz002323	-26719	-7459	-4385	0	-200.67	139939	6.88	6.78	6.75	6.97	-2.59
sh600843	-982	0	0	0	96.08	25552	10.46	10.55	10.44	10.67	0.67
sh600845	-6618	0	0	0	2854.46	95684	20.08	19.92	19.76	20.98	-2.21
sh603716	0	0	0	0	87.71	2259	50.39	51.11	50.36	51.29	0.85
sh603717	422	0	0	0	-670.13	16392	27.14	27.08	27.06	27.47	-1.13
sz002789	-2859	0	0	0	-1511.41	20259	41.02	39.50	39.45	41.02	-4.34
sz002783	-2088	0	0	0	-520.39	34925	18.92	18.63	18.58	19.09	-1.43
sh600284	-3383	0	0	0	-399.02	32947	9.68	9.61	9.60	9.68	-0.41
sh603882	6	0	0	0	-757.27	21761	30.19	29.96	29.94	30.60	-0.76
sh603203	0	0	0	0	221.11	5172	38.01	38.46	37.80	39.17	1.18
sh603886	-1628	0	0	0	219.96	37622	19.98	20.48	19.98	20.93	1.74
sh603669	0	0	0	0	42.59	4828	19.10	19.13	19.00	19.18	0.42
sh603888	-289	0	0	0	170.58	36315	24.02	23.91	23.85	24.65	-0.79
sh603660	-510	0	0	0	-289.62	14802	33.49	33.06	33.00	33.60	-1.14
sh603977	-545	0	0	0	262.39	15244	13.42	13.48	13.36	13.59	0.37
sh600062	-3505	-28	0	0	-657.31	66258	24.01	24.37	23.88	24.58	1.12
sh600066	-10779	-117	675	0	3962.47	219876	22.90	22.70	22.62	22.97	-1.65
sh603861	-1689	0	0	0	-332.24	17742	17.40	17.18	17.15	17.58	-2.72
sh603866	0	0	0	0	221.16	4880	44.10	43.84	43.25	44.18	-0.34
sz002811	27	0	0	0	-46.34	11842	19.30	19.17	19.17	19.45	-0.67
sz300681	0	0	0	0	-416.85	6946	52.40	51.35	51.17	52.93	-2.19
sz300683	-230	0	0	0	-1305.73	10863	55.65	54.10	54.01	55.80	-2.17
sz000411	5	0	0	0	-202.80	4811	20.36	20.27	20.21	20.46	-0.39
sz000413	16653	11135	4950	0	-10331.40	636647	9.08	9.10	9.03	9.21	0.00
sz000418	-3210	0	0	0	-216.92	20478	72.74	72.47	71.80	73.88	-0.38
sz000786	-24020	-197	-3968	0	-1139.05	311893	25.08	24.81	24.38	25.32	-0.56
sh600663	-108	0	0	0	369.94	19636	20.65	20.64	20.52	20.85	-0.05
sh600668	-2964	0	0	0	-140.58	30852	15.92	15.95	15.88	16.02	0.19
sz000895	-34438	-11229	-8969	0	-52.30	260997	28.64	28.08	27.55	28.78	-1.75
sz000898	1320	-4000	-19369	0	3872.78	596589	7.26	7.22	7.10	7.30	0.56
sz000070	12826	13279	4994	0	2218.63	164579	9.77	10.22	9.77	10.46	3.76
sh601007	-1277	0	0	0	-113.97	14934	10.85	10.84	10.81	10.95	-0.18
sh601000	-5102	40120	32020	0	14542.79	987183	5.17	5.31	5.15	5.42	2.31
sz000528	-4214	-902	-2516	0	-222.47	205110	8.51	8.54	8.46	8.64	0.23
sz000524	208	0	0	0	-84.62	9919	11.52	11.41	11.40	11.55	-0.87
sz000525	-8632	0	0	0	-1477.18	44644	23.56	23.05	23.00	23.58	-2.33
sz300068	-12719	-9842	-2000	0	-418.87	94527	14.36	14.70	14.31	14.76	2.58
sh603527	-6660	-2000	0	0	3923.31	33083	27.66	30.00	27.66	30.00	10.01
sz300518	-231	0	0	0	-133.95	20723	50.89	51.80	50.88	54.95	1.79
sz300510	-716	0	0	0	-171.14	9150	26.29	25.85	25.80	26.51	-1.60
sz300511	-1825	0	0	0	-406.06	9822	22.68	22.28	22.21	22.80	-1.81
sz300512	-1682	0	0	0	-277.96	16187	18.00	17.67	17.66	18.00	-1.72
sh603386	-1154	0	0	0	415.68	109690	17.38	18.36	17.23	18.72	4.79
sh603388	-5581	-1065	0	0	-1347.72	53584	19.40	19.09	19.06	19.69	-4.31
sz300470	-376	0	0	0	169.49	8161	42.49	42.44	42.08	42.79	0.07
sz300476	-900	0	0	0	-861.44	36123	22.30	22.26	21.91	22.46	-0.36
sz300475	221	0	0	0	246.78	14048	14.36	14.23	14.22	14.75	-0.56
sh603258	-858	0	0	0	-685.39	15954	30.45	29.94	29.88	30.73	-3.08
sz002791	-400	0	0	0	156.74	8235	19.55	19.30	19.26	19.55	-0.36
sz002026	-7329	0	0	0	345.61	32828	7.82	7.86	7.82	7.94	0.13
sz002798	0	0	0	0	-318.11	4095	51.30	50.06	50.05	51.49	-2.42
sz002028	6031	4403	3441	0	44.61	49521	14.89	15.04	14.79	15.29	0.74
sh600278	-3698	0	0	0	-231.44	28719	12.29	12.19	12.18	12.32	-0.65
sz002244	-63548	-18946	-10937	0	-665.87	271031	8.69	8.56	8.52	8.72	-1.72
sz000662	5551	5344	3519	0	8.89	17837	14.73	14.76	14.54	14.87	0.20
sh600016	-158678	-69505	-56527	0	7749.20	1673799	9.34	9.29	9.21	9.44	-0.43
sz000666	-4365	924	0	0	-1892.16	56188	20.21	20.18	20.14	20.38	-0.25
sz002802	-621	0	0	0	-1873.11	31198	29.25	30.09	28.65	32.13	3.01
sz002805	-3302	-2980	0	0	19.14	13477	27.28	27.47	27.20	27.86	0.33
sz002807	-125314	-77818	-61483	0	-6015.28	507019	9.08	8.92	8.76	9.14	-3.15
sh600389	-188	0	0	0	705.05	38410	17.95	18.78	17.91	18.88	3.70
sh600477	-13124	-3730	-887	0	-487.54	147203	9.04	9.02	8.97	9.13	-0.33
sh600475	-2575	-1000	0	0	-131.94	17270	14.20	14.14	14.13	14.23	-0.35
sz300690	0	0	0	0	-467.86	8364	58.00	56.76	56.76	58.38	-1.88
sh600122	-24351	-10570	-7586	0	-1122.07	134699	9.56	9.47	9.43	9.57	-0.84
sh600123	-78373	-58589	-55925	0	-3719.83	346911	9.25	9.18	9.17	9.38	-0.54
sh600125	-12690	17931	9149	0	1655.76	341330	10.39	10.43	10.25	10.64	0.29
sz000798	571	0	0	0	159.01	16643	8.93	9.00	8.88	9.07	0.67
sz000881	4993	12740	3587	0	6877.76	178279	12.76	13.97	12.76	13.97	10.00
sz000889	1751	-1263	0	0	-603.72	24321	12.78	12.79	12.57	12.81	-0.08
sz000062	-1667	0	0	0	-718.18	26388	23.48	23.25	23.22	23.89	-1.36
sh601636	-39826	22451	31849	0	-1223.70	625167	7.28	7.29	7.13	7.40	0.14
sz000089	-54783	-20177	-3563	0	-1063.68	203876	9.31	9.19	9.14	9.34	-1.29
sh600727	-22135	2944	7466	0	4843.96	265395	8.22	8.91	8.22	8.91	10.00
sh600720	8907	27479	9831	0	1209.62	388027	11.19	11.44	11.15	11.46	2.23
sz300070	-39907	-26223	-13848	0	-10202.11	376143	16.90	16.83	16.82	17.18	-0.18
sz000333	-38863	-12766	-10081	0	14542.40	282564	60.80	61.30	59.00	61.42	1.47
sz002022	-5281	1139	0	0	-877.96	50416	14.34	14.28	14.21	14.47	-0.76
sz002795	-4232	-1383	0	0	-1136.87	48712	17.00	16.40	16.40	17.19	-4.65
sh603098	-625	0	0	0	-362.87	17775	17.45	17.42	17.38	17.68	-0.85
sz300212	-941	-1582	0	0	1354.91	93927	27.98	28.28	27.95	29.19	0.39
sz002493	-11565	-27	1287	0	-765.23	189801	15.19	15.11	14.92	15.41	-0.53
sz002499	-2014	-1819	0	0	745.34	15400	18.87	19.42	18.81	19.47	1.68
sz002657	-16969	-1017	0	0	-5551.28	115828	25.40	25.41	25.25	26.26	-1.85
sz300502	-3357	0	0	0	-1046.29	38749	25.00	24.34	24.34	25.26	-3.03
sz002308	1267	2851	0	0	1039.25	82831	11.10	11.13	11.09	11.31	0.72
sh600867	-25573	-797	-382	0	-7945.99	194128	24.60	23.49	23.45	24.63	-4.86
sh603268	-200	0	0	0	-170.56	3200	26.81	26.95	26.52	27.00	0.30
sh600269	-30334	-6290	11285	0	-499.61	197189	5.39	5.39	5.36	5.42	-0.19
sz002270	-54	0	0	0	-6.05	10665	9.47	9.47	9.35	9.47	0.42
sh603602	-565	0	0	0	-456.84	19064	47.99	47.49	47.40	48.50	-1.29
sh603608	-411	0	0	0	-45.83	11059	10.83	10.84	10.82	10.95	-0.55
sh603609	2375	2137	0	0	294.64	43324	8.84	9.14	8.77	9.35	3.51
sh600000	-98887	-69216	-88366	0	-7624.70	1769896	13.54	13.65	13.36	13.76	0.59
sz002879	7700	1785	0	0	-127.82	33437	55.50	54.88	54.25	55.62	-1.26
sh600463	3121	5465	2046	0	467.04	75083	12.41	12.92	12.39	13.22	2.46
sh603113	-977	0	0	0	630.45	52206	23.50	23.75	23.40	23.90	1.11
sh600132	-1163	0	0	0	-396.28	25541	22.32	22.37	22.01	22.50	0.22
sh600642	-8361	-8884	-3059	0	-4.70	158472	6.11	6.08	6.07	6.13	-0.33
sz002909	-3920	-1303	0	0	647.39	66317	22.79	23.83	22.40	24.25	4.38
sz002900	-2236	0	0	0	-510.32	29124	29.13	28.70	28.70	29.47	-1.58
sh600480	1396	0	0	0	963.64	64350	15.68	15.86	15.54	16.07	1.08
sh600486	-1822	0	0	0	70.87	29677	54.21	52.12	51.77	54.25	-3.45
sz002907	-13857	2528	2428	0	-5760.35	205309	37.88	35.43	35.43	37.88	-10.01
sh601020	-812	-1051	0	0	432.53	75523	20.90	20.83	20.70	21.30	1.31
sh600736	-8540	0	0	0	-120.70	42258	6.62	6.57	6.56	6.62	-0.76
sh600739	-12614	-4051	-549	0	-612.27	133870	18.50	18.39	18.33	18.58	-0.49
sz002561	-249	0	0	0	7.99	18942	12.08	12.03	12.01	12.13	-0.41
sh601288	-729498	-567193	-473287	0	22729.50	7431980	4.52	4.54	4.42	4.58	0.22
sz300046	71	0	0	0	236.71	49330	19.73	19.72	19.72	20.34	-1.30
sz300044	-22668	-10496	-8980	0	-3743.23	140660	15.80	15.80	15.62	16.16	-2.35
sz300194	-7100	-2100	0	0	-165.99	47420	5.94	5.93	5.91	6.03	-0.67
sz300222	-6539	0	0	0	-1308.57	82894	21.24	20.98	20.95	21.60	-1.92
sz002310	-1669	5672	2015	0	2653.41	113923	19.05	19.24	19.05	19.49	0.37
sz300536	-1115	0	0	0	327.99	43243	16.20	16.01	16.01	16.33	-1.48
sz002649	-10783	-1150	2010	0	-1691.27	116442	11.52	11.44	11.41	11.79	-1.55
sh600826	-5643	-730	2509	0	28.24	78948	13.95	13.88	13.87	14.47	2.51
sz300450	-363	1333	0	0	-1366.62	72407	52.83	52.86	52.61	55.68	1.87
sz002008	-2540	-1357	85	0	2696.30	203409	53.85	54.42	53.80	55.54	0.95
sh603277	-2332	0	0	0	-689.27	45874	18.90	19.08	18.68	19.51	0.74
sz002001	-27824	-11808	-5080	0	-10207.20	206980	39.91	40.52	39.22	40.93	0.30
sz002007	-3948	0	0	0	-686.19	43316	27.18	27.20	27.07	27.43	-0.15
sh603076	2014	0	0	0	94.30	15189	35.93	35.77	35.69	36.16	-0.45
sh600479	-3884	-948	0	0	-1085.59	68910	15.25	15.06	14.92	15.50	1.21
sz002267	-13927	-3722	0	0	-311.63	66962	8.20	8.16	8.12	8.22	-0.97
sh603617	-842	0	0	0	-120.87	13169	22.38	22.18	22.15	22.59	-0.76
sz002466	-11023	282	-3289	0	-3991.00	148830	51.76	51.66	51.50	52.35	-0.17
sz002464	-201	0	0	0	-186.77	9502	30.56	30.46	30.19	30.79	-0.33
sz002866	-9034	-1579	0	0	-1355.01	76867	29.11	28.83	28.60	29.70	-5.16
sz002865	-1879	-1037	0	0	111.60	12613	22.76	22.88	22.60	22.95	0.04
sz002862	0	0	0	0	-479.55	11261	27.40	28.30	27.40	28.56	2.54
sz002910	-13236	-2967	0	0	-3980.10	134997	25.01	24.21	24.06	25.98	-4.80
sh600499	-16869	-12039	0	0	-727.48	215174	10.07	10.05	9.97	10.12	0.30
sh600030	-143335	-126381	-162253	0	-82623.00	3173316	22.50	22.33	22.24	22.85	-2.57
sh600036	-43904	-3320	-5381	0	7662.50	789040	34.01	33.41	32.90	34.02	-1.30
sh600745	-4308	-1150	0	0	-1325.25	34102	30.25	29.70	29.67	30.60	-1.82
sh600741	-9416	0	0	0	-1919.35	166835	27.74	27.64	27.02	28.09	-0.04
sh600742	-8071	-349	0	0	-1689.40	47684	17.24	17.24	17.09	17.28	-0.52
sz300180	-767	0	0	0	111.29	17689	24.31	24.16	23.86	24.37	-0.62
sh603239	-1781	0	0	0	-218.23	14630	19.43	19.45	19.06	19.76	0.10
sz300230	-2964	-1397	0	0	932.21	38208	12.41	12.61	12.39	12.78	1.86
sz300233	-3696	0	0	0	-359.77	18901	17.35	17.31	17.20	17.55	-0.52
sz300494	-6806	0	0	0	-1206.64	74274	18.05	17.88	17.73	18.98	-1.16
sz300521	-1340	-1107	0	0	-454.46	21451	15.91	15.84	15.82	16.10	-1.86
sz002673	-116521	-41055	-29765	0	-14279.61	543669	13.34	13.20	13.19	13.49	-3.08
sh600482	402	1001	2004	0	2574.30	63341	24.48	24.80	24.46	25.25	0.85
sh603488	19561	7671	2510	0	1216.26	54650	20.17	20.21	19.85	20.38	0.30
sz300429	-555	0	0	0	22.42	27911	24.77	24.64	24.56	25.30	-0.56
sh600803	-14038	-5002	0	0	-307.48	141682	14.54	14.55	14.46	14.88	0.14
sh600801	17021	6106	4304	0	3360.76	262131	14.33	14.58	14.24	14.64	1.96
sz002078	31218	35253	21600	0	-454.01	482628	11.03	11.50	10.98	11.58	3.98
sz002071	28620	15624	12788	0	857.55	139734	9.30	9.61	9.25	9.61	2.67
sh603042	-227	0	0	0	-203.97	20608	26.90	26.91	26.85	27.46	-0.77
sh603043	-1112	0	0	0	-131.37	17107	19.65	19.48	19.45	19.70	-1.02
sh603912	-2703	0	0	0	190.43	93918	28.71	28.88	28.52	29.80	-0.48
sh603917	-1979	0	0	0	-230.00	40580	26.88	26.81	26.55	27.40	-0.33
sh600933	-8726	0	0	0	-1118.37	96444	16.60	16.31	16.28	16.72	-2.10
sz002293	-3074	0	0	0	-6.26	22367	14.47	14.39	14.31	14.58	-0.55
sz002294	-1464	0	0	0	-1698.33	38631	41.38	41.02	40.68	41.38	-0.89
sz002295	-336	0	0	0	80.91	18346	11.70	11.79	11.70	11.87	0.77
sz002100	-2716	0	0	0	-251.14	17294	8.32	8.33	8.31	8.38	0.12
sz002450	-59472	-27789	-10677	0	-18257.50	350298	20.91	20.37	20.36	20.96	-2.77
sz002856	-6221	-2350	-3288	0	6922.95	64990	55.77	53.78	52.53	56.51	-3.59
sz002857	0	0	0	0	-172.78	3264	28.00	27.76	27.70	28.26	-0.79
sh601992	86303	97417	70211	0	9069.48	835880	5.88	5.97	5.86	6.03	0.84
sh603826	-2179	0	0	0	-515.02	39907	15.88	15.36	15.32	15.88	-3.15
sh603823	535	0	0	0	143.56	44244	15.88	16.70	15.88	17.60	3.79
sh603829	-1590	0	0	0	-79.75	81321	19.30	20.07	19.00	20.49	3.35
sz002120	156	0	0	0	678.60	7961	44.98	44.97	44.20	45.45	0.25
sh601199	-3426	-30	0	0	-178.26	29541	5.68	5.67	5.66	5.72	-0.18
sz000988	-16526	-1995	-2842	0	-3163.60	93081	15.78	15.71	15.68	15.95	-0.57
sh600029	4136	123994	173190	0	33317.70	3267985	10.49	10.93	10.33	11.15	3.31
sz000635	200	0	0	0	-185.12	28069	14.95	15.14	14.75	15.20	1.41
sz000631	-45718	-14855	-2555	0	-750.92	170419	4.54	4.47	4.44	4.55	-1.97
sh600023	57245	69849	67200	0	2121.00	820063	5.86	5.93	5.84	6.15	0.85
sz000567	-5393	300	300	0	-1565.01	53603	26.20	25.85	25.55	26.60	0.62
sz000568	-4573	-1060	0	0	-7336.90	112203	68.72	68.61	66.69	69.18	-0.20
sh600754	-940	0	0	0	-437.43	29432	37.92	37.55	37.20	38.30	-1.08
sh600750	-1372	0	0	0	-846.77	27507	26.92	26.76	26.75	27.08	-0.41
sh603567	-158	0	0	0	-50.22	10090	14.45	14.44	14.41	14.69	-0.07
sz002063	-29195	-4924	-8421	0	-2018.26	372562	11.74	11.75	11.62	11.95	0.17
sz300088	-4332	14449	10169	0	-5307.86	733312	7.47	7.51	7.42	7.84	-0.13
sz300082	-10728	-549	0	0	-370.02	50576	7.16	7.10	7.08	7.27	-1.39
sz002668	-3959	-1057	0	0	3215.18	91518	20.53	20.70	20.38	21.35	0.93
sh603456	-23357	-16762	-18580	0	-6749.11	233679	18.30	18.09	17.90	18.92	0.44
sz002664	-1472	0	0	0	291.24	25832	25.40	26.15	25.40	26.97	3.03
sz300558	-415	0	0	0	-1120.63	10925	62.95	61.89	61.81	63.13	-1.68
sh603555	1416	0	0	0	-253.01	22739	20.17	20.00	19.89	20.45	-0.84
sh603708	-9807	-1009	0	0	-1065.12	48643	22.47	21.64	21.58	22.79	-3.05
sh600837	-49202	-2782	-1029	0	1528.40	608677	14.41	14.41	14.37	14.72	-0.76
sz300439	-1897	0	0	0	375.41	16381	19.55	19.33	19.32	19.95	-1.13
sz300432	-939	0	0	0	-49.84	35896	18.55	18.37	18.33	18.74	-0.97
sz002068	-5745	-2533	0	0	1093.41	104261	10.20	10.24	10.19	10.47	-0.10
sz002061	-7446	-226	0	0	-3043.16	96124	15.13	15.03	14.60	15.19	-0.66
sh603586	0	0	0	0	-259.45	10489	24.54	24.21	24.21	24.68	-1.47
sh603588	-2729	0	0	0	-295.29	37899	11.90	11.83	11.80	11.98	-0.50
sh603900	-1656	0	0	0	-222.96	19754	30.77	30.82	30.34	31.23	-0.10
sh600900	-29818	-14902	-4171	0	2769.77	217771	16.01	16.07	16.00	16.11	0.37
sz002440	-17521	-324	0	0	-2283.33	130408	20.30	20.35	20.10	20.97	-0.63
sz002110	-34672	-6269	4655	0	-9478.80	337533	24.68	24.02	23.84	25.11	-2.79
sz002116	1485	2600	2600	0	209.69	22481	10.22	10.26	10.18	10.49	0.39
sz002449	-3333	0	0	0	1315.62	64808	16.26	16.30	16.16	16.58	0.18
sz002448	1780	0	0	0	1201.57	43006	9.12	9.20	9.10	9.25	0.44
sh600340	-51073	-5891	-2624	0	-8272.50	461376	42.56	42.20	40.30	42.98	-1.63
sz000963	-895	0	0	0	-2605.14	31537	56.10	55.19	55.14	56.49	-1.60
sh600694	-1560	0	0	0	-710.44	15309	36.39	36.08	36.05	36.73	-0.85
sh600168	-3438	-1183	0	0	-409.91	28600	8.46	8.45	8.41	8.49	-0.12
sh600699	-12212	-2590	0	0	-5687.19	78110	32.01	31.65	31.60	32.28	-1.59
sh603368	-402	0	0	0	52.69	8803	47.27	47.51	47.11	47.90	-0.15
sh600580	-26388	-10532	-1891	0	-2827.17	171224	8.61	8.48	8.42	8.62	-1.85
sh600581	-17616	4584	2828	0	-3508.04	351271	14.78	14.57	14.40	14.88	-1.29
sz000999	-2665	0	0	0	-712.49	32646	27.09	26.97	26.85	27.22	-0.26
sh600585	20371	33320	14687	0	18572.00	566263	32.50	33.69	32.39	33.90	3.63
sz000627	-26065	-5959	-2080	0	-864.78	175424	8.54	8.45	8.37	8.54	-1.17
sz000990	-4653	-3022	0	0	-608.89	42857	16.58	16.62	16.50	16.79	0.18
sz000620	-5939	-1200	0	0	-341.74	52646	6.65	6.67	6.59	6.76	-0.45
sh600569	-62547	-6563	-7335	0	4226.26	867086	5.26	5.31	5.19	5.38	0.76
sz300338	-1172	0	0	0	-42.70	12122	20.16	19.99	19.82	20.22	-0.55
sh600565	-2926	31923	8966	0	955.33	335773	4.50	4.50	4.41	4.58	-0.22
sh600567	72259	101840	75147	0	4453.41	1038477	4.62	4.67	4.59	4.77	1.30
sz001979	-54018	-6590	-4763	0	2521.60	596466	24.95	25.28	24.16	26.11	1.16
sh601965	-3420	0	0	0	-143.57	30099	8.38	8.44	8.37	8.50	0.84
sz300097	-616	1469	0	0	258.01	52907	25.98	26.10	25.69	26.49	0.04
sz002615	-427	-1017	0	0	76.51	20531	9.10	9.11	9.05	9.21	0.11
sz300547	622	0	0	0	81.31	6511	55.00	54.90	54.89	56.32	-0.07
sz002727	-4035	-1422	0	0	-382.87	52896	21.33	21.66	20.96	21.79	1.40
sh603025	0	0	0	0	306.05	16071	31.68	32.31	31.47	32.72	2.70
sh603026	-8	0	0	0	188.29	26021	23.02	23.27	22.97	23.98	1.13
sz002620	-8714	-1430	0	0	-338.58	32384	9.90	9.75	9.74	9.96	-1.32
sh600917	-25213	-3942	0	0	-1150.29	141597	10.29	10.05	9.88	10.29	-3.27
sz300717	-436	0	0	0	-838.74	15103	36.98	36.66	36.66	37.93	-1.64
sz300715	-937	0	0	0	-1211.16	20338	36.40	35.50	35.50	36.68	-2.95
sz300710	-1130	0	0	0	-279.50	25031	44.52	43.90	43.86	45.27	-2.14
sz300711	-480	-1832	0	0	1891.12	104188	27.50	28.85	27.50	30.35	3.41
sz002124	-6754	-2574	0	0	142.02	67563	9.30	9.29	9.23	9.48	-0.11
sh600352	-24201	7758	5348	0	-2912.20	584950	12.46	12.55	12.40	12.69	0.56
sz002108	-5590	-2219	-2219	0	32.66	110526	11.42	11.39	11.36	11.54	0.00
sh600229	-3994	1501	0	0	671.07	72604	7.88	8.01	7.85	8.13	1.26
sh603158	549	0	0	0	-129.94	5509	17.90	17.89	17.82	18.00	-0.56
sh603159	-233	0	0	0	-123.98	14217	25.59	25.40	25.34	26.07	-1.70
sz000761	-65792	-34574	-20590	0	-309.40	390781	5.75	5.73	5.69	5.80	-0.52
sh600596	-29468	3337	-1707	0	507.36	267358	12.72	12.68	12.62	13.13	-1.40
sh600593	-208	0	0	0	-62.43	16451	31.41	30.67	30.66	31.50	-2.04
sz000968	-1270	0	0	0	-657.59	30360	14.19	14.27	14.17	14.36	0.49
sh600598	-38305	-135	5351	0	589.69	311665	11.85	11.93	11.79	12.16	0.00
sh600572	-17205	-3886	0	0	605.61	141208	7.21	7.15	7.14	7.29	-1.24
sh600684	-33434	-16090	-6000	0	-1304.49	155066	6.63	6.56	6.52	6.65	-1.50
sh601229	-90389	-38543	-21218	0	-8702.61	395914	16.00	15.74	15.70	16.00	-1.99
sz000811	-3323	-2102	0	0	306.60	43834	8.00	8.08	8.00	8.12	0.62
sz000544	-91	0	0	0	52.53	16516	14.57	14.58	14.48	14.64	0.07
sz300395	-1110	0	0	0	246.89	14993	15.45	15.41	15.34	15.71	-0.71
sh600986	-1653	2333	2333	0	80.57	31954	10.94	10.84	10.84	11.14	-1.19
sz300573	-2267	0	0	0	-321.23	22937	26.71	26.50	26.50	27.30	-4.26
sz300570	-2324	0	0	0	-226.14	36866	20.03	19.70	19.70	20.38	-1.70
sz002603	858	0	0	0	797.94	55891	15.86	16.00	15.80	16.11	0.63
sz002602	-578	0	0	0	-775.12	11984	35.20	34.87	34.87	35.48	-1.27
sz300374	-844	-192	0	0	940.83	75421	16.72	17.05	16.35	17.36	1.97
sz300376	-46603	-10740	-15195	0	-1567.00	359679	7.76	7.79	7.68	8.14	-1.64
sz002733	966	0	0	0	-56.02	14018	16.72	16.64	16.55	16.92	-0.36
sh603031	482	0	0	0	536.98	13560	25.10	25.19	24.82	25.30	-0.24
sh600969	-2325	0	0	0	56.08	18435	12.55	12.55	12.52	12.65	-0.08
sh600966	1237	9378	-2953	0	701.83	228008	6.11	6.16	6.06	6.23	0.65
sz002139	-21136	-2152	0	0	677.15	152134	10.31	10.26	10.25	10.45	0.00
sz002138	-5680	-1200	0	0	-966.93	65399	15.67	15.79	15.63	16.04	-0.06
sh603323	-75155	-41401	-22580	0	-10259.02	561661	9.94	9.69	9.66	9.99	-4.44
sh603321	-5913	1064	0	0	167.58	110413	12.65	13.14	12.48	13.46	3.96
sh600366	-8757	-150	0	0	-1093.28	88041	17.67	17.73	17.66	17.91	0.00
sz002555	-3516	3182	-2267	0	5971.15	262290	20.29	20.95	20.13	21.65	3.20
sh603926	0	0	0	0	-18.73	7331	26.80	26.65	26.63	26.94	-0.82
sz000601	-1630	3000	3000	0	-286.19	26312	7.29	7.31	7.24	7.32	0.41
sh600783	-4924	-1506	0	0	-430.33	39784	13.99	14.03	13.96	14.26	0.21
sh600549	-14952	3541	0	0	-1546.99	262538	25.93	25.86	25.79	26.43	0.39
sz002735	0	0	0	0	-2.07	2437	32.19	32.40	32.10	32.62	0.15
sz000779	-230	0	0	0	-11.03	6263	13.81	13.83	13.81	14.06	-0.36
sz000778	20361	13526	13020	0	-109.03	306524	5.49	5.52	5.48	5.57	0.36
sz000639	-18133	-3493	0	0	-5066.00	120290	18.29	17.27	16.58	18.30	-5.58
sz000151	-3107	0	0	0	-235.65	43816	12.90	12.83	12.80	13.18	-1.23
sh600020	-28914	-4330	-3319	0	-595.53	162461	5.29	5.27	5.24	5.30	-0.75
sz000553	-13951	-2316	0	0	-1942.10	104878	17.55	17.20	17.06	17.60	-1.83
sz300385	-490	0	0	0	-8.06	11072	24.63	24.86	24.63	25.55	0.32
sz300387	-921	0	0	0	-162.45	17558	17.30	17.12	17.12	17.46	-1.67
sz002153	-9184	-3702	-2570	0	-2041.23	94960	27.39	26.66	26.65	28.18	-2.31
sz300146	-42597	-1415	-6613	0	-2095.19	416533	16.81	16.78	16.69	17.59	-0.94
sz300144	-21348	741	0	0	-1147.69	206950	19.60	19.41	19.36	20.20	-0.67
sz002637	-3291	0	0	0	-142.65	13113	10.39	10.44	10.38	10.56	0.48
sz002635	-9673	766	0	0	-4193.53	198211	22.59	22.61	22.43	23.42	0.53
sz300560	-765	0	0	0	-160.58	15395	32.51	32.00	31.88	32.72	-1.36
sz300360	-2733	0	0	0	-57.65	29697	10.68	10.58	10.58	10.85	-1.03
sz002706	-3966	-2000	0	0	-252.52	18821	12.06	12.05	11.90	12.08	0.00
sh603556	0	0	0	0	-162.86	7190	36.18	35.90	35.86	36.45	-0.69
sz002094	-2632	-1150	0	0	-456.34	48268	19.18	19.08	19.03	19.44	-0.88
sh600978	9363	1151	0	0	2932.96	111734	9.26	9.37	9.24	9.44	0.75
sh600977	-18283	-11204	-9555	0	-2890.97	277252	16.78	16.78	16.67	17.19	-0.42
sh600976	-280	0	0	0	122.27	8170	24.11	24.32	24.01	24.41	0.70
sh600971	-29945	784	2082	0	3273.24	405071	10.97	11.10	10.97	11.30	1.56
sz002411	3922	3736	0	0	138.79	11622	26.54	26.59	26.37	26.64	-0.04
sz002416	-2107	0	0	0	-598.36	42323	9.50	9.55	9.45	9.64	-0.10
sz002143	-7289	4171	4171	0	626.11	63897	14.16	14.09	13.98	14.23	0.14
sh603313	-624	0	0	0	-215.38	6874	26.08	25.91	25.89	26.20	-0.61
sh603319	-3464	-2421	-2421	0	-2126.12	46972	33.11	32.66	32.65	33.88	-1.36
sz002897	-881	0	0	0	-618.05	27112	39.50	38.60	38.60	40.38	-2.72
sz002899	2344	2869	1675	0	-82.61	60094	30.05	30.50	29.56	30.59	1.30
sh601878	-62023	-11279	-3053	0	-8692.33	294424	17.78	17.31	17.30	17.79	-3.83
sh600201	-2478	-1067	0	0	-1140.33	70235	30.76	31.16	30.76	31.72	1.56
sz002562	-4594	0	0	0	9.72	47897	16.26	16.34	16.16	16.44	0.43
sh601155	-20296	266	0	0	1022.40	316700	39.79	41.91	38.05	42.30	5.17
sz002479	-4186	432	-4135	0	-114.16	134759	10.30	10.41	10.23	10.46	1.07
sz300576	-201	0	0	0	-120.28	11623	17.27	17.05	17.05	17.65	-2.01
sh600897	78	0	0	0	-344.67	13275	23.64	23.39	23.35	23.74	-1.06
sh600793	-3134	0	0	0	-570.33	18488	25.96	25.11	24.90	25.96	-3.05
sz000011	-2875	-2290	0	0	-392.89	48015	17.70	17.79	17.62	17.88	-0.06
sz000012	-46191	-15907	-3701	0	-1627.95	205457	9.10	8.98	8.97	9.10	-1.32
sz000498	-13422	-6619	-3000	0	-894.21	68528	6.89	6.82	6.80	6.94	-1.02
sh601939	-153265	-40768	18182	0	14721.40	2801402	9.60	9.54	9.27	9.65	-1.34
sh600153	25104	27068	26254	0	6972.02	294141	12.32	12.49	12.29	12.50	1.22
sh601200	187	-1000	0	0	978.82	67389	23.69	23.88	23.69	24.28	0.29
sh601339	-12347	-9482	-3292	0	295.27	39308	5.34	5.33	5.30	5.37	-0.19
sz002876	309	0	0	0	1363.05	10919	67.58	69.00	67.58	70.45	1.47
sh600393	-12153	-2319	0	0	-661.92	85557	6.78	6.75	6.69	6.82	-0.88
sz002871	0	0	0	0	-399.41	8079	35.23	34.63	34.61	35.66	-1.70
sz002873	0	0	0	0	-177.75	7199	43.70	43.34	43.26	44.28	-1.37
sz002624	-249	3521	0	0	663.20	115636	32.46	33.03	32.33	34.45	0.70
sz000951	-13116	1033	0	0	-2479.09	84353	17.80	17.69	17.50	17.88	-1.39
sz002718	-201	0	0	0	-182.07	6423	47.71	46.60	46.40	47.98	-3.40
sh603787	712	0	0	0	-97.32	10309	14.30	14.25	14.21	14.42	-0.77
sh603017	0	0	0	0	-53.66	5250	15.68	15.34	15.30	15.75	-1.92
sh603010	-1652	0	0	0	-612.65	15411	25.28	24.92	24.83	25.38	-1.74
sz002083	-1315	3238	0	0	96.74	42267	6.68	6.69	6.66	6.72	0.15
sz002880	0	0	0	0	175.85	5210	54.18	54.51	54.11	54.97	0.02
sh603303	-3685	1020	0	0	-626.56	33611	14.46	14.34	14.23	14.55	-2.25
sz002152	-62025	-27642	-19735	0	-4604.22	311203	7.48	7.45	7.45	7.56	-1.06
sz002393	-886	0	0	0	-392.62	9094	31.76	31.63	31.58	32.12	-0.53
sh603168	-4762	0	0	0	-345.95	52186	13.76	13.83	13.66	14.15	-0.43
sh603167	7713	8697	4267	0	205.76	290516	12.37	12.87	12.37	13.18	3.79
sh600894	-5659	-2550	-2550	0	-71.07	37830	9.66	9.69	9.65	9.79	0.31
sh603766	-15824	-756	4561	0	-439.88	158980	7.53	7.46	7.41	7.55	-0.53
sz000952	415	0	0	0	812.34	25149	14.01	14.19	14.00	14.43	0.78
sh600090	-3020	-2070	0	0	-192.54	34011	7.86	7.83	7.79	7.87	-0.25
sz000957	-7618	0	0	0	-359.09	56901	10.57	10.53	10.52	10.67	-0.85
sz002888	-615	0	0	0	70.38	9586	27.14	26.80	26.78	27.63	-1.54
sh600308	-11655	-564	0	0	385.08	146498	6.89	7.01	6.89	7.09	1.15
sz002881	161	3763	0	0	-2728.60	68900	30.24	30.82	29.80	31.39	0.88
sh600305	-16533	-4318	0	0	-2233.04	134621	12.09	11.84	11.79	12.18	-1.33
sz002886	0	0	0	0	63.11	11398	33.93	33.85	33.21	34.46	-0.27
sz000002	-75917	-17643	-915	0	-4959.40	648064	41.12	40.20	38.80	41.12	-2.26
sz002905	-1452	0	0	0	-691.33	105042	37.67	37.59	37.10	40.63	-1.03
sz000719	-2436	-1001	0	0	-81.23	37014	9.63	9.50	9.49	9.74	-1.14
sz000717	-25962	43106	28858	0	8107.60	849691	8.36	8.40	8.26	8.48	0.96
sz000711	-2266	0	0	0	591.43	56188	13.97	14.01	13.72	14.07	-0.28
sh600630	-8004	0	0	0	-588.96	53067	10.68	10.55	10.52	10.74	-1.40
sz000821	-6172	0	0	0	-212.88	39680	11.39	11.38	11.27	11.54	-0.09
sh601858	-5273	0	0	0	336.21	73984	10.94	10.89	10.87	11.27	-1.09
sh601328	-148167	-36010	-25554	0	-5266.40	2748620	6.99	6.99	6.88	7.03	-0.71
sz000828	-6529	0	0	0	11.87	43171	11.49	11.45	11.35	11.57	0.00
sh600848	-9679	0	0	0	-2332.81	104097	24.99	24.38	24.23	24.99	-3.64
sz300347	-5021	0	0	0	-2176.18	56467	35.28	35.00	34.91	37.68	-0.79
sz300349	-2168	-163	0	0	-420.87	31828	40.27	38.80	37.38	40.30	-3.05
sz002422	-16902	-2227	-3542	0	-8014.99	149242	25.88	24.80	24.80	25.88	-4.28
sz002768	-2420	-1169	0	0	240.18	13882	25.70	26.10	25.50	26.32	2.11
sz002039	-3118	0	0	0	299.94	22739	15.83	15.81	15.72	15.85	0.06
sh603688	1791	0	0	0	430.38	29354	13.90	14.28	13.81	14.52	3.10
sh600362	17084	23582	17459	0	21646.50	926081	19.60	20.27	19.60	20.41	6.18
sh603377	920	0	0	0	987.36	14359	39.46	39.73	39.00	39.88	0.18
sz002367	6593	1066	0	0	902.27	63570	9.05	9.18	8.96	9.24	1.32
sz300620	0	0	0	0	-273.26	8318	36.15	35.92	35.92	36.79	-1.05
sz300621	-818	0	0	0	-915.14	31440	21.68	21.11	21.11	22.13	-2.63
sh603199	0	0	0	0	145.88	6049	27.34	27.28	27.23	27.55	0.04
sh603200	0	0	0	0	-68.27	14627	39.34	39.95	39.34	40.89	1.32
sh603976	0	0	0	0	-2.78	10776	27.48	27.14	27.10	27.88	-2.02
sh603757	0	0	0	0	-765.97	9561	56.27	54.58	54.54	56.38	-3.16
sh600406	-7117	4767	6320	0	4250.71	250694	17.90	17.97	17.81	18.42	0.56
sh603990	0	0	0	0	-3.27	1837	36.61	36.85	36.56	37.17	0.16
sh600085	-4361	0	0	0	2557.15	67988	34.65	34.20	34.16	34.92	-1.30
sz000921	-5816	1446	2902	0	-3020.90	104215	15.34	15.26	15.04	15.34	0.07
sh600081	-250	0	0	0	23.73	8145	12.52	12.41	12.41	12.57	-0.64
sz000923	-591	-116	0	0	1458.24	82004	24.57	24.96	24.53	25.20	1.63
sz000822	-7206	-3476	-4964	0	1726.24	231309	9.27	9.45	9.21	9.61	1.94
sz000039	-2947	-2988	-2650	0	-1510.66	166038	22.02	22.27	21.87	22.48	1.00
sh600535	-3162	0	0	0	536.97	35446	37.39	37.54	37.31	37.78	-0.05
sz000722	-2465	0	0	0	-207.22	24225	9.16	9.22	9.10	9.28	0.66
sh601595	-8656	0	0	0	-871.27	82705	22.28	22.06	22.03	23.30	-1.69
sh600628	1584	0	0	0	337.49	36653	10.34	10.38	10.31	10.47	0.39
sz300400	5768	3662	2662	0	47.06	41999	14.28	14.52	14.28	14.97	0.55
sz000582	776	1405	0	0	-81.38	60365	10.04	10.10	9.98	10.38	0.70
sz300118	-1670	0	0	0	567.07	45932	12.23	12.20	12.14	12.46	-0.08
sh601668	-252358	-199271	-179552	0	-23580.00	4523294	10.42	10.37	10.23	10.48	-0.86
sh601669	-38510	-11648	-4642	0	-2269.22	314926	7.67	7.63	7.61	7.75	-1.04
sz300023	-3891	0	0	0	-618.63	22499	12.20	12.00	12.00	12.33	-1.48
sh603569	0	0	0	0	-20.29	7616	24.73	24.77	24.71	25.19	-0.88
sz002779	-526	0	0	0	105.02	7148	20.00	19.86	19.83	20.13	-0.65
sz002775	-1874	0	0	0	-112.02	27626	19.80	19.80	19.75	20.19	-0.45
sh603566	-148	0	0	0	66.73	5977	21.76	22.74	21.60	22.88	3.93
sz002810	-392	0	0	0	-399.34	12175	25.92	25.55	25.55	26.48	-2.11
sh600657	-37976	-19786	-6303	0	-2137.68	193600	6.41	6.26	6.17	6.43	-1.88
sh603699	13217	8806	0	0	842.98	31024	20.00	20.20	19.81	20.45	0.75
sh603367	-3469	0	0	0	-1062.93	45767	20.62	20.37	20.30	20.63	-1.31
sz002372	-3063	0	0	0	-1187.26	38886	21.59	21.60	21.24	22.00	-1.19
sz002375	-7343	-1000	0	0	-145.75	57919	7.88	7.87	7.86	7.93	-0.13
sz002195	-39017	-3076	-2762	0	-2177.48	552742	6.40	6.33	6.33	6.53	-1.56
sh603363	-36229	-12322	-738	0	-296.10	407949	22.47	20.44	20.36	23.14	-2.85
sz300633	-647	0	0	0	1354.24	21046	24.40	25.03	24.11	25.14	2.33
sz300637	0	0	0	0	59.46	6489	20.19	19.99	19.85	20.38	-0.74
sh603181	-1726	0	0	0	-979.74	54083	25.70	25.70	25.60	26.63	-1.53
sh603188	-2384	0	0	0	-358.13	46288	16.43	16.32	16.27	16.51	-0.43
sh603968	757	0	0	0	411.13	17725	19.65	19.62	19.43	19.85	-0.05
sz000603	-10142	-4721	-6012	0	655.33	217816	13.62	13.55	13.36	13.94	2.03
sz000937	30381	20506	7276	0	1422.87	267484	6.03	6.10	6.02	6.12	1.50
sz000933	25377	58865	36617	0	4601.60	840793	10.18	10.21	10.07	10.52	1.39
sh600323	-2991	0	0	0	341.87	41853	14.22	14.25	14.14	14.36	0.28
sh600326	-15340	-8350	-8598	0	364.99	171733	10.00	10.01	9.98	10.16	0.00
sh600325	-95575	-36130	-19496	0	-4945.82	616196	8.70	8.54	8.43	8.70	-2.06
sh600329	12450	3262	0	0	1280.81	34156	15.26	15.38	15.20	15.48	0.79
sz002206	-12488	-2275	0	0	-167.82	66657	5.62	5.61	5.57	5.65	-0.36
sh600980	-861	0	0	0	-17.65	19387	15.50	15.40	15.40	15.70	-0.84
sh600508	-3587	49	0	0	342.92	81795	13.09	13.15	13.05	13.31	0.84
sh600054	-5838	0	0	0	-1064.20	31442	14.36	14.28	14.20	14.39	-0.70
sh600507	-10523	3252	-407	0	4686.99	347153	15.98	16.09	15.56	16.11	1.19
sh600185	-25811	-8143	0	0	-473.86	141917	6.39	6.30	6.26	6.41	-1.10
sh600183	-15695	-3183	0	0	1609.58	147016	17.80	17.56	17.48	17.89	-1.24
sz000732	-39775	-6936	-7025	0	-4417.90	690090	39.30	38.03	37.31	39.78	-8.27
sh601127	-261	0	0	0	342.38	26824	19.68	19.83	19.59	19.84	1.12
sh600618	-141	1204	0	0	179.41	65778	11.37	11.58	11.32	11.67	1.85
sh600619	-667	1391	0	0	433.43	57043	11.15	11.40	11.12	11.60	1.88
sh600611	-2720	15573	9135	0	594.87	109481	5.19	5.16	5.15	5.21	-0.19
sz000598	-23369	-8630	-504	0	-788.32	112814	5.42	5.41	5.41	5.44	-0.37
sz000021	-41205	-11228	-2066	0	342.75	283237	9.76	9.76	9.68	9.88	-0.71
sz000780	15558	23880	20760	0	560.70	76669	5.09	5.17	5.08	5.30	1.57
sh601699	6864	48144	10452	0	13839.30	789774	11.54	11.89	11.54	12.05	3.93
sz000848	2265	5067	0	0	-221.08	78471	10.13	10.26	10.12	10.39	1.58
sz300100	-2550	0	0	0	-255.61	43294	15.11	15.10	14.95	15.48	0.00
sz300727	-3309	-1789	0	0	-2050.08	116145	34.80	33.68	33.58	37.69	-3.33
sh601588	-9847	-9923	-12174	0	-318.97	93584	5.37	5.37	5.30	5.37	-0.19
sz300039	-14954	-1715	-2005	0	-367.29	104583	6.80	6.73	6.73	6.91	-1.03
sz300327	-4464	0	0	0	-236.11	33433	28.50	28.50	28.47	29.13	-1.01
sz300324	-12332	-2261	0	0	-492.08	142413	15.94	15.95	15.85	16.48	-0.99
sz300721	-655	0	0	0	-481.41	19564	35.88	35.56	35.55	36.67	-0.89
sh603519	-304	0	0	0	-103.75	3225	21.00	20.84	20.28	21.08	-0.19
sz002285	-30244	-9592	-1844	0	-1332.28	297574	11.43	11.40	11.26	11.56	0.09
sz300252	-893	0	0	0	-76.04	37542	15.07	14.88	14.88	15.33	-1.06
sz300251	27113	43524	29304	0	-16953.90	1648077	13.50	13.30	12.90	13.85	4.89
sz002521	934	0	0	0	215.58	16476	9.45	9.50	9.41	9.52	0.74
sh603421	-480	0	0	0	-10.42	7735	24.69	24.68	24.40	25.10	-1.28
sz002443	4639	5695	2270	0	785.80	62701	9.03	9.13	8.96	9.19	1.00
sz002696	-1279	0	0	0	-128.54	6430	17.86	17.92	17.74	17.97	0.28
sz002343	-7203	3910	0	0	-4296.81	110087	35.30	34.35	34.27	36.83	-1.77
sz002444	-8467	-3404	-2078	0	768.15	77964	13.10	13.14	12.96	13.26	0.23
sz300340	-5100	-1654	0	0	-5631.12	59775	48.40	46.84	46.82	48.76	-3.20
sz300648	0	0	0	0	36.27	4121	59.70	59.95	59.50	60.65	-0.51
sz300640	0	0	0	0	-3.67	6230	25.60	25.28	25.19	25.95	-1.48
sz300488	0	0	0	0	24.24	8095	32.48	32.88	32.30	33.99	0.92
sz300481	905	1611	0	0	2416.76	93296	24.21	25.88	24.21	26.55	5.25
sz300484	-208	0	0	0	-49.70	18142	20.33	20.30	20.28	20.90	0.00
sh603225	-1286	0	0	0	-1986.37	38846	39.00	38.71	38.68	39.37	-1.48
sh603730	-564	0	0	0	-82.22	13206	34.56	34.40	34.38	34.87	-0.43
sz300298	-1193	0	0	0	-1114.87	41709	21.68	21.05	21.05	22.05	-2.37
sh600516	-61541	-19809	-16248	0	-6131.40	660931	30.90	31.06	30.40	31.47	-0.06
sh603360	0	0	0	0	-56.41	8843	22.60	22.40	22.38	22.66	-1.10
sh600196	-26108	1230	0	0	-19856.60	215563	44.58	43.36	43.20	44.74	-3.13
sh603728	-124	0	0	0	-302.53	13974	22.23	21.93	21.93	22.23	-0.99
sz000997	-17528	-3920	-2567	0	-715.98	132629	19.01	18.80	18.80	19.38	-0.79
sz300660	0	0	0	0	-243.00	4787	66.18	65.52	65.52	66.65	-1.00
sh603081	-617	0	0	0	-83.18	18792	25.38	24.76	24.56	25.60	-2.25
sz300687	0	0	0	0	-448.92	10915	48.57	48.12	48.08	49.57	-1.33
sh600661	360	0	0	0	410.48	9440	24.75	24.76	24.55	24.94	-0.20
sh600167	322	0	0	0	-45.47	11751	25.00	24.97	24.35	25.35	-0.12
sh603387	0	0	0	0	-899.21	9168	59.21	58.56	58.51	59.90	-1.53
sz300670	-848	0	0	0	125.55	12852	22.52	22.51	22.50	22.96	0.13
sh600383	-86968	-37908	-43979	0	-4457.50	833724	16.10	15.69	15.31	16.10	-2.61
sz300693	-232	0	0	0	-92.44	14581	36.01	35.63	35.50	37.19	-1.44
sh603466	-1939	-1346	0	0	-4116.46	55763	55.31	55.21	54.78	56.95	-2.16
sz300505	-654	0	0	0	-208.59	19076	32.75	32.51	32.51	33.75	-1.48
sh600266	-25354	-5449	-4460	0	-2571.48	98037	14.25	14.01	13.90	14.27	-1.68
sz002878	-283	0	0	0	-583.63	14287	37.22	36.40	36.36	37.98	-2.83
sh600466	-43889	-11068	-16352	0	1780.10	459323	12.55	12.26	11.92	12.82	-4.22
sh600648	861	1200	0	0	-487.95	31663	19.08	19.00	18.92	19.13	-0.84
sh600487	-44282	-8777	-4966	0	-18110.40	270075	42.28	41.29	41.23	42.29	-2.39
sz000501	-4012	-1000	0	0	850.96	62687	17.28	17.38	17.19	17.54	0.06
sz002860	0	0	0	0	1.77	10493	42.17	41.72	41.61	42.76	-1.42
sh603106	-8135	-1237	0	0	-1139.07	114428	25.85	25.91	25.68	26.77	-1.18
sz000429	-487	6347	0	0	1401.01	72320	8.47	8.46	8.41	8.53	-0.47
sz300054	-18685	-3083	0	0	-774.63	101715	11.44	11.16	11.12	11.53	-2.02
sh603331	0	0	0	0	159.83	9020	19.80	19.80	19.75	20.08	-0.25
sh603139	0	0	0	0	-97.12	6234	25.88	25.83	25.71	26.33	-0.62
sh600828	-5345	-1503	0	0	27.61	62899	6.43	6.42	6.41	6.59	-0.47
sz002627	-282	0	0	0	1038.35	15255	18.45	18.56	18.34	18.65	0.43
sh603803	-200	0	0	0	-227.58	14916	18.18	17.96	17.94	18.45	-1.48
sh603801	0	0	0	0	-353.80	8026	54.95	54.92	54.65	55.45	-0.04
sh601225	76999	94828	105820	0	3254.70	1054054	9.61	9.80	9.60	9.99	3.92
sz000813	14185	16913	-2097	0	-1374.54	122171	8.86	8.94	8.80	9.08	0.90
sz000546	-1052	0	0	0	-83.88	20746	15.24	15.21	15.14	15.31	-0.20
sz300707	865	0	0	0	950.83	42852	47.40	47.71	47.02	49.76	1.04
sh603813	-16688	-6094	-5815	0	34.85	112904	34.59	35.96	34.58	36.18	9.33
sz300365	545	0	0	0	538.63	39975	35.58	35.24	35.13	36.15	-1.09
sz002092	33341	41563	30373	0	9687.50	697479	14.74	15.08	14.63	15.28	2.38
sh603178	0	0	0	0	70.08	8940	15.18	15.10	15.05	15.36	-1.11
sh600790	-3751	3537	0	0	367.34	64720	6.09	6.07	6.06	6.14	-0.16
sz002877	-502	0	0	0	-280.48	18233	23.10	22.95	22.91	23.45	-1.59
sz002872	-404	0	0	0	124.29	9502	31.20	30.92	30.92	31.31	-0.74
sz002088	-3359	0	0	0	-548.36	30081	13.90	13.96	13.80	14.05	0.00
sh603305	-764	0	0	0	-173.19	14862	32.55	32.43	32.00	33.15	-0.58
sz002394	-4518	0	0	0	-335.43	22250	12.49	12.42	12.41	12.51	-0.56
sz000959	8	4032	2000	0	-224.82	85169	6.16	6.22	6.15	6.23	0.97
sh600529	-783	0	0	0	219.91	18913	21.11	21.26	20.99	21.37	0.28
sh601928	-10784	1718	0	0	-1445.42	153165	8.42	8.39	8.39	8.62	-0.47
sz300625	-1024	0	0	0	-85.21	23358	24.70	24.72	24.51	25.40	0.16
sh603517	0	0	0	0	839.05	7730	38.66	39.20	38.52	39.80	1.42
sh601666	33620	39191	17983	0	3079.44	417155	6.75	6.83	6.74	6.93	1.64
sz000676	-629	0	0	0	-23.83	27439	11.29	11.18	11.18	11.48	-0.97
sz002370	-374	0	0	0	-113.90	5730	14.06	13.98	13.90	14.06	-0.21
sz300632	-200	0	0	0	-95.85	10094	20.97	20.83	20.82	21.31	-0.67
sh603960	0	0	0	0	-5.64	4629	27.84	27.59	27.53	28.58	-1.39
sh603989	-1189	0	0	0	-175.24	28341	37.20	37.34	36.62	37.60	-0.64
sz300031	-6984	-1000	0	0	998.47	44500	15.25	15.51	15.15	16.14	1.84
sh603357	-3212	0	0	0	-1277.97	54807	23.66	23.38	23.30	24.12	-2.13
sz300647	-513	0	0	0	113.08	13517	19.48	19.19	19.17	19.84	-0.98
sh600379	-8414	0	0	0	-908.43	22696	10.83	10.76	10.54	10.94	-1.37
sz300655	0	0	0	0	-149.39	6671	26.70	26.51	26.51	27.30	-1.81
sz300651	0	0	0	0	-252.51	3291	35.70	35.00	34.73	35.70	-1.55
sh603880	0	0	0	0	-140.47	12354	25.25	24.99	24.98	25.67	-1.65
sh601001	-9420	-4546	-1500	0	-860.64	210759	6.50	6.54	6.50	6.67	0.62
sh603380	0	0	0	0	258.16	13243	19.77	19.99	19.77	20.07	0.76
sz300677	-608	0	0	0	-923.52	16393	58.48	57.80	57.36	58.48	-1.65
sh601633	11833	7509	0	0	1894.47	91393	12.33	12.43	12.24	12.55	1.06
sh600267	-9376	-1141	0	0	-346.63	97103	13.84	13.92	13.70	14.18	0.00
sh600007	-481	0	0	0	162.47	11379	16.78	16.71	16.68	16.87	-0.42
sz002875	0	0	0	0	-49.77	8489	26.95	26.89	26.80	27.33	-0.52
sz002901	234	0	0	0	-312.45	38816	37.89	37.57	37.55	38.50	-0.53
sz002902	-3242	-1519	0	0	-781.20	78720	44.26	44.54	44.01	46.20	-0.25
sz002317	-11022	-52	0	0	-993.98	47948	12.25	12.24	12.17	12.29	0.00
sz002867	-764	0	0	0	-231.80	16389	28.45	28.57	28.45	29.05	0.78
sz002868	0	0	0	0	-137.73	7740	24.86	24.68	24.68	25.05	-0.68
sz000513	-9081	0	0	0	-10868.76	88892	78.55	75.88	75.82	78.55	-3.57
sh603557	-667	0	0	0	-590.83	34658	17.17	16.87	16.81	17.40	-1.92
sz300571	-658	0	0	0	-914.48	19663	56.08	55.11	55.11	58.26	-5.96
sz002155	6575	8615	4078	0	1600.27	240750	9.80	9.82	9.73	9.93	1.66
sh603316	401	0	0	0	-24.20	12930	14.27	14.19	14.18	14.49	-0.56
sh600377	-11154	441	0	0	245.27	79036	10.48	10.39	10.36	10.56	-0.86
sz002572	-2043	0	0	0	3579.78	56316	38.80	38.66	37.81	38.90	0.42
sh600415	-31746	-25981	-15518	0	-1758.23	166837	6.09	6.04	6.02	6.11	-0.33
sh600887	-61986	-22515	-11116	0	-12410.00	418227	35.57	34.40	34.25	35.58	-1.85
sz002558	-1880	0	0	0	-1432.00	26955	34.12	34.32	34.08	34.75	-0.06
sz300119	-737	0	0	0	-97.26	11413	11.75	11.79	11.68	11.88	0.34
sh600650	-1820	0	0	0	54.03	22318	15.05	14.97	14.96	15.18	-0.86
sh603721	-1071	0	0	0	-573.94	30596	29.04	28.62	28.61	30.37	-1.51
sh603665	-792	0	0	0	149.78	15498	38.85	40.28	37.95	40.39	3.76
sz000672	-29914	-2970	1075	0	1198.77	350498	11.60	11.64	11.39	11.85	-0.51
sz300689	-767	0	0	0	-1048.54	17084	44.90	44.10	44.10	44.99	-2.00
sh603385	-796	0	0	0	-168.25	18307	21.70	21.53	21.44	21.91	-0.78
sh600161	-4375	0	0	0	-549.30	42890	29.26	29.10	29.08	29.42	-0.55
sh600260	-4252	0	0	0	-321.24	48663	29.40	29.37	29.33	29.95	-0.37
sz002271	-1619	0	0	0	2095.20	48740	39.61	40.86	39.50	40.96	1.57
sz300231	-37311	-7763	-2004	0	-1518.29	159917	10.90	10.74	10.73	11.16	-2.36
sh603922	-514	0	0	0	-210.03	23348	28.88	28.31	28.26	29.45	-1.53
sh603776	-581	0	0	0	-928.52	30274	63.07	62.38	62.10	64.80	-1.05
sz002889	-2435	0	0	0	-1554.96	34111	30.11	29.88	29.88	30.88	-2.06
sh600629	-500	0	0	0	14.69	9966	15.02	15.04	14.94	15.12	0.13
sz002690	-1927	1000	0	0	-211.51	37177	17.66	17.60	17.58	18.00	-0.56
sh603233	0	0	0	0	415.12	6634	47.45	47.60	47.10	48.25	-0.25
sh603289	-3483	-1322	0	0	845.29	86022	19.71	20.04	19.50	20.37	0.70
sz002462	-3115	0	0	0	-1687.58	22096	27.15	26.60	26.59	27.20	-2.03
sh600919	-94684	-27519	-21489	0	-3451.29	689620	8.15	8.08	7.99	8.15	-1.22
sz300701	-266	0	0	0	61.80	13797	37.62	36.97	36.97	38.12	-1.81
sz002891	-283	0	0	0	-38.00	6211	34.35	34.00	34.00	34.70	-1.13
sz002717	-1979	0	0	0	167.98	26149	24.71	24.64	24.61	24.96	0.53
sz002884	-278	0	0	0	-57.00	6878	51.77	51.30	51.30	52.37	-0.75
sz300635	-5271	-2861	0	0	-188.55	48899	20.88	20.70	20.70	21.45	-3.50
sz300102	107	8976	6532	0	353.30	206713	8.47	8.61	8.46	8.78	1.06
sh600282	-46735	-9641	-2353	0	-5080.80	1259258	5.39	5.35	5.28	5.44	-0.74
sz300514	368	0	0	0	-355.38	24263	28.55	28.09	28.01	28.99	-3.14
sz002242	1584	3603	0	0	215.18	45842	18.18	18.12	18.09	18.36	-0.28
sh603055	-8671	-1339	0	0	-1865.20	55518	17.43	17.06	17.00	17.70	-1.61
sz002883	-884	0	0	0	-378.48	21481	53.14	52.70	52.70	55.26	-1.84
sh600019	270357	339857	327091	0	57643.50	3091455	9.31	9.74	9.26	9.77	4.73
sz002087	-23932	-7682	-2000	0	666.19	104944	5.68	5.68	5.66	5.74	-0.35
sh600509	-2734	1000	0	0	147.24	32091	6.85	6.87	6.85	6.91	0.15
sz000902	-5029	-2524	0	0	-307.44	35842	9.96	9.83	9.75	9.96	-1.31
sh600511	-6596	0	0	0	-1716.75	51843	27.05	26.92	26.82	27.36	-0.55
sh600197	-7774	-2306	0	0	16.12	94483	28.98	29.59	28.28	29.93	1.61
sz000877	-46298	-23946	-20977	0	-7688.06	317631	11.45	11.49	11.42	11.75	-1.37
sh601800	-147	17855	23304	0	3605.67	380148	14.28	14.50	14.15	14.93	1.05
sz002643	-11055	-3094	0	0	-881.00	82844	11.28	11.12	11.12	11.50	-1.33
sz002233	7811	994	-2081	0	-3.31	129362	11.83	11.92	11.78	12.03	0.76
sh603508	0	0	0	0	-55.52	6412	39.60	39.32	39.30	39.81	-1.23
sz002682	-39	0	0	0	248.94	32081	11.25	11.30	11.16	11.45	0.89
sh603238	0	0	0	0	13.85	9027	22.45	22.36	22.30	22.84	-0.09
sz300498	5903	4533	0	0	-2151.50	187133	27.30	27.22	27.00	27.48	-0.29
sz002536	-1015	0	0	0	331.06	33741	14.92	14.97	14.84	15.07	-0.07
sh600298	-19599	-5764	-4844	0	-3504.44	151605	33.63	33.33	32.80	33.78	-1.80
sz002221	-13287	339	5279	0	-281.18	133320	12.57	12.59	12.49	12.77	0.88
sz300127	-2464	0	0	0	-159.26	32106	16.89	16.89	16.81	17.26	-0.06
sz300121	-8155	0	0	0	-630.25	44853	14.80	14.61	14.56	14.97	-1.68
sz300015	-5189	0	0	0	-1102.39	65719	36.40	35.79	35.61	36.74	-1.49
sz002322	-4221	0	0	0	-603.72	30956	17.84	17.91	17.76	18.25	0.51
sh603398	-464	0	0	0	-206.01	8281	16.25	16.03	16.01	16.25	-1.05
sh603393	-912	0	0	0	-174.90	17505	36.50	36.32	36.21	36.66	-1.12
sz300463	-2355	0	0	0	-1255.10	23503	22.52	22.33	22.33	22.76	-1.28
sz002032	-925	0	0	0	991.57	27053	46.30	45.39	45.01	46.66	-1.88
sz002038	-5478	0	0	0	-1264.34	49741	33.15	32.95	32.85	33.43	-0.60
sh603086	-232	0	0	0	-194.65	5471	37.25	37.38	37.25	37.94	-0.98
sz300568	-1047	0	0	0	-210.06	15479	27.65	27.02	27.00	27.65	-2.31
sz002504	-10340	-2677	0	0	41.94	74658	4.64	4.63	4.62	4.73	-0.64
sh603663	-663	0	0	0	4.64	10999	20.58	20.69	20.36	20.87	0.44
sh600068	-60608	-16073	-4402	0	-933.13	665725	9.38	9.26	9.22	9.45	0.43
sh603869	0	0	0	0	58.06	7873	21.52	21.54	21.40	21.66	0.14
sz002815	-611	0	0	0	-707.69	14043	29.38	29.10	29.09	29.38	-0.58
sh601006	-93443	-38305	-34621	0	-2270.90	809368	10.06	10.01	9.91	10.10	-1.09
sz000090	-2424	0	0	0	-173.01	74963	11.00	10.89	10.86	11.05	-0.82
sh600710	-9660	0	0	0	-462.26	27153	6.33	6.30	6.29	6.36	-0.79
sz000096	-415	0	0	0	92.53	6162	13.34	13.42	13.26	13.45	0.98
sz300203	-1884	-1437	-2081	0	-2400.58	161765	27.09	27.71	27.09	28.12	1.09
sz300519	-496	0	0	0	-252.44	9578	21.17	20.72	20.69	21.33	-2.17
sz002335	200	0	0	0	83.22	18202	31.03	31.11	30.91	31.33	0.23
sz300516	0	0	0	0	-4.17	8426	46.09	46.27	46.01	47.46	0.15
sh603383	545	0	0	0	778.50	28233	45.68	47.86	45.68	49.70	2.59
sz300673	-203	0	0	0	-28.62	7317	44.39	44.47	44.12	45.35	-0.96
sh600874	-14821	3634	0	0	232.13	187013	13.70	13.78	13.65	13.94	0.22
sz300478	307	0	0	0	189.40	11435	37.84	37.90	37.11	38.20	0.45
sz002790	0	0	0	0	221.37	5779	26.70	26.90	26.70	27.05	0.41
sz002792	-466	0	0	0	-897.89	14634	33.00	32.91	32.90	33.60	-1.02
sz002027	-22153	-3051	3552	0	-10692.20	806361	15.07	15.06	14.66	15.55	0.07
sz002025	-2011	171	0	0	470.61	83135	22.30	22.62	22.25	23.12	0.85
sh600271	-11836	1244	4776	0	-1638.01	189526	21.59	21.50	21.49	22.00	-1.10
sh603890	-1584	0	0	0	-2271.76	48884	38.50	38.19	38.15	39.42	-1.83
sh603679	-450	0	0	0	-25.82	5681	24.00	24.14	23.90	24.23	-0.04
sh603898	-1426	0	0	0	-842.71	11859	31.50	30.57	30.50	31.50	-2.18
sh600018	-36674	-16332	-27321	0	2052.75	711745	7.33	7.35	7.25	7.46	0.41
sh600388	-5481	6059	0	0	117.56	136432	15.43	15.39	15.22	15.67	-0.71
sz300698	-5548	-4100	0	0	-1132.41	112300	28.00	30.05	27.01	31.10	4.16
sz000400	-7519	-1253	0	0	1876.42	91598	12.59	12.62	12.55	12.74	0.40
sh600121	3017	1427	0	0	428.14	67935	6.44	6.52	6.43	6.59	1.72
sh600126	-1037	1175	0	0	-282.70	45494	7.08	7.11	7.06	7.15	0.42
sz000791	2920	-772	2578	0	261.72	125947	7.89	7.93	7.80	8.00	0.38
sz000883	-21517	-17850	-18456	0	-804.81	116029	4.76	4.79	4.74	4.79	0.42
sz000887	-5715	0	0	0	-1903.92	62725	17.70	17.49	17.42	17.75	-1.35
sz000065	-1103	0	0	0	-358.77	34632	18.18	18.02	18.00	18.34	-0.55
sh600723	-2248	0	0	0	-47.29	23288	8.55	8.50	8.49	8.57	-0.70
sz002140	173	0	0	0	-287.89	30721	10.92	10.94	10.89	11.03	0.27
sz002385	48796	4962	-2108	0	-2196.94	509937	6.80	6.93	6.73	6.99	1.76
sh603260	-5346	0	0	0	1082.57	130454	64.70	66.65	64.70	69.99	1.99
sz300445	0	0	0	0	-38.01	8544	15.76	15.74	15.73	16.08	-0.76
sz300443	-2892	0	0	0	-1111.82	33422	16.52	15.96	15.91	16.55	-3.86
sh603269	-8283	1484	0	0	-2580.54	70207	27.58	26.87	26.40	27.98	-1.79
sh603283	-2672	-1250	0	0	1156.32	114292	29.50	31.07	29.31	32.50	1.94
sz002277	-26113	-16589	-14221	0	493.61	147918	6.01	5.96	5.96	6.04	-0.83
sh603607	-284	0	0	0	-120.75	19832	43.70	42.56	42.50	44.19	-1.39
sz002472	909	0	0	0	761.11	47982	9.12	9.20	9.09	9.31	1.21
sz000657	-13099	-6409	-3686	0	-1923.39	116436	12.63	12.88	12.63	13.20	3.21
sh603179	1530	0	0	0	2402.66	42347	35.54	37.17	35.22	38.46	5.12
sh603110	0	0	0	0	-25.58	30225	26.70	26.95	26.70	27.56	-0.26
sh603116	-640	0	0	0	-20.15	17074	15.52	15.53	15.50	15.68	-0.32
sh600649	-13344	2663	2882	0	-809.64	111301	9.15	9.13	9.09	9.18	0.22
sh600643	9360	11074	2388	0	2992.61	257280	11.23	11.36	11.17	11.49	1.16
sz002908	-1666	-1475	0	0	-554.28	95717	32.30	33.76	32.11	34.45	2.93
sz002906	-3745	-1456	0	0	-369.97	53197	23.17	22.91	22.90	23.46	-1.25
sh603500	-731	0	0	0	-231.34	18478	26.58	26.22	26.13	26.87	-1.09
sh600737	24619	27401	18273	0	2180.18	212292	8.18	8.28	8.15	8.34	1.10
sz300042	3320	3003	0	0	195.01	9875	31.28	30.84	30.29	31.90	-1.47
sz300197	-26632	-5476	-4548	0	35.71	205775	11.36	11.41	11.27	11.50	0.44
sz300190	-1774	0	0	0	-147.60	27635	11.65	11.63	11.55	11.82	-0.34
sh603878	-1120	0	0	0	26.11	19712	17.23	17.04	17.01	17.28	-0.99
sh600382	-3626	1096	0	0	207.27	30512	13.15	13.17	13.14	13.34	-0.45
sh603477	-3727	-1179	0	0	319.70	79712	15.10	15.14	15.02	15.74	-1.43
sz002315	-5457	-1201	0	0	-1497.26	57140	24.50	24.01	24.01	24.99	-3.57
sz300537	-3234	0	0	0	-364.61	27288	16.60	16.20	16.20	16.66	-2.70
sz300535	-300	0	0	0	-294.06	9243	35.95	35.42	35.40	36.52	-1.17
sz300532	-1021	0	0	0	-35.42	16315	24.49	24.15	24.13	24.78	-0.86
sz300533	0	0	0	0	748.40	12553	51.00	51.35	50.20	52.95	-0.23
sz300530	-209	0	0	0	251.80	3666	37.08	37.23	36.78	37.79	0.00
sh600820	-15075	-5685	-2340	0	-554.06	158084	8.53	8.51	8.47	8.56	-0.12
sz002009	-4112	-2058	-2058	0	-1135.75	32669	16.70	16.66	16.35	16.94	-1.19
sz002002	-33088	-25564	-13490	0	-1937.27	163690	7.18	7.19	7.12	7.27	0.98
sh603298	-6533	-2005	0	0	-458.04	28623	16.26	16.12	16.10	16.37	-1.10
sz002050	-27380	-3762	-2192	0	-8798.47	164319	20.84	20.51	20.40	20.85	-1.39
sz002468	713	0	0	0	662.86	19279	24.40	24.43	24.22	24.54	0.45
sz002861	-432	0	0	0	-11.57	10163	26.39	26.00	26.00	26.53	-1.22
sh603108	-3124	318	-4066	0	3026.47	169188	13.50	13.89	13.44	14.30	1.31
sh603101	-5320	0	0	0	-643.50	33200	14.58	14.19	14.13	14.58	-3.47
sh600651	-12308	-2543	0	0	-845.10	85981	9.91	9.83	9.75	9.91	-0.20
sh600101	-607	1100	0	0	186.10	32331	9.04	9.10	9.02	9.15	0.44
sz002911	-10069	-3652	-2549	0	-3646.58	125821	32.27	30.60	30.27	32.27	-5.03
sh600033	-52420	-34820	-31444	0	-816.96	158667	3.83	3.81	3.81	3.85	-0.78
sh600037	-2592	0	0	0	-544.52	66547	13.30	13.21	13.19	13.54	-1.12
sz000423	-8832	-1404	0	0	-7693.73	76703	67.30	66.20	66.00	67.94	-2.49
sz002127	-10713	-2229	0	0	618.01	99070	12.81	12.81	12.71	13.29	-0.70
sz300236	-3386	0	0	0	-1375.30	26541	30.10	29.57	29.57	30.40	-2.22
sz002126	3158	-709	316	0	173.95	66081	9.15	9.25	9.15	9.35	0.98
sz002670	-20964	-7863	-5794	0	-4683.03	144896	20.43	19.76	19.76	20.43	-3.75
sh600804	-8056	-1280	0	0	-211.19	90189	17.41	17.49	17.40	18.03	0.46
sh603599	-2875	0	0	0	-174.66	32258	19.32	19.00	18.97	19.41	-2.01
sh603916	-1257	0	0	0	69.66	72444	18.35	18.27	18.20	18.75	-0.98
sh603919	-340	0	0	0	-209.37	14841	19.06	19.08	18.93	19.28	-0.52
sh603809	-3330	0	0	0	-1372.19	26790	36.22	35.40	35.38	36.35	-2.26
sh600240	-3188	-4603	0	0	-423.16	61604	9.07	9.08	9.02	9.16	-0.11
sh600115	-102407	19397	18355	0	30844.70	1987967	7.94	8.29	7.90	8.41	3.50
sz000989	-3988	0	0	0	-384.66	15609	19.13	19.17	19.05	19.30	-0.67
sh600026	-30776	-3454	-4161	0	-422.84	142387	6.36	6.32	6.31	6.38	-0.78
sh600758	-3463	2716	2106	0	550.11	103590	7.37	7.39	7.37	7.48	0.27
sz300526	-1398	0	0	0	-35.71	45126	18.90	18.96	18.72	19.47	-1.15
sz000686	-59512	-16647	-11130	0	-6027.99	254672	9.45	9.27	9.27	9.47	-2.22
sz300557	300	0	0	0	40.58	6207	38.31	37.87	37.87	40.00	-1.51
sz300553	0	0	0	0	-12.09	1700	40.79	40.72	40.45	41.17	-0.15
sz300559	0	0	0	0	1.11	4631	41.81	41.85	41.61	42.75	-0.85
sz002595	-339	0	0	0	-155.33	10542	18.42	18.27	18.19	18.55	-1.03
sz002594	-6178	-2488	0	0	-3514.18	80839	66.52	65.64	65.56	67.47	-1.31
sz002067	1343	126	5312	0	-430.83	228886	6.20	6.21	6.17	6.31	0.00
sh603909	0	0	0	0	-25.94	4704	32.22	31.38	31.36	32.22	-2.21
sz002287	-634	0	0	0	-404.27	10515	35.33	35.53	35.20	36.18	0.71
sh603637	-1824	0	0	0	-1104.80	27993	26.30	23.78	23.78	26.38	-9.99
sz002441	-3362	0	0	0	-263.79	24276	10.04	9.96	9.93	10.12	-0.80
sz002117	-3647	0	0	0	-566.57	29749	18.42	18.40	18.40	18.74	-0.92
sh600346	-2385	1315	4715	0	-1751.00	128666	15.71	15.78	15.61	16.06	0.51
sh601988	-461435	-327659	-325245	0	-6663.50	3595085	4.66	4.63	4.52	4.69	-1.28
sh600236	-1756	816	1620	0	-440.29	57312	5.71	5.69	5.66	5.74	-0.52
sh601368	-1534	0	0	0	-66.72	13880	8.88	8.88	8.86	8.94	0.00
sh600562	-2008	-1017	0	0	574.70	59251	21.25	21.24	20.71	21.70	3.06
sh601566	1091	3176	2075	0	-562.17	34332	14.31	14.24	14.22	14.50	-0.49
sz300548	0	0	0	0	-75.83	7608	44.39	43.48	43.30	44.97	-2.03
sh600827	-6980	-1297	0	0	-421.46	37914	13.25	13.21	13.16	13.32	-0.38
sz002051	-3897	1000	0	0	471.16	63165	18.59	18.67	18.51	18.87	0.05
sh603027	-1092	0	0	0	-352.81	19001	18.17	18.12	18.00	18.32	-0.66
sz002626	-7180	-1191	0	0	-2109.47	46666	19.21	19.35	18.90	19.64	-0.51
sh603933	0	0	0	0	-335.39	10862	50.20	49.41	49.38	50.31	-1.94
sz300716	-1305	0	0	0	-172.44	41001	26.55	26.83	26.30	27.49	0.86
sz300718	-660	0	0	0	-81.51	29005	40.79	40.24	40.21	41.97	-1.81
sz002435	-1078	0	0	0	-119.45	6788	17.84	17.83	17.75	17.94	-0.06
sz002128	-11251	6138	-2838	0	1499.00	330890	11.33	11.35	11.32	11.69	0.71
sh600177	-26827	-1615	-1978	0	1178.76	205728	10.12	10.07	9.99	10.12	-0.40
sh600173	-14027	-521	348	0	-310.70	212157	6.39	6.41	6.36	6.66	1.75
sz000612	4433	4116	4116	0	931.79	76655	8.52	8.76	8.50	8.85	2.82
sz000967	-5707	0	0	0	-316.16	55673	8.91	8.88	8.84	8.98	-0.34
sh601555	-60512	-27851	-12155	0	-2756.30	222029	10.35	10.18	10.16	10.41	-2.30
sz300393	-2055	0	0	0	-2250.59	18611	36.62	35.08	34.99	36.82	-4.21
sz300396	-216	0	0	0	94.14	8098	41.64	41.65	41.53	42.46	-0.72
sz300501	0	0	0	0	123.80	4137	35.89	35.91	35.85	36.38	-0.06
sz002737	393	0	0	0	68.82	13015	32.92	32.96	32.70	33.40	-0.12
sz002048	-7139	0	0	0	-837.93	44158	22.82	22.70	22.55	23.35	-0.48
sh603811	0	0	0	0	50.02	4838	30.90	30.91	30.85	31.25	-0.16
sh600211	474	0	0	0	-130.18	4949	34.19	34.15	33.92	34.40	-0.32
sz002551	-2164	0	0	0	-91.13	40790	9.14	9.14	9.12	9.25	-0.65
sz000608	-169924	-137556	-109697	0	-2393.30	695044	8.90	9.00	8.65	9.34	6.01
sh601788	-36027	-10734	-6752	0	-2920.17	193878	15.15	15.01	14.94	15.22	-1.31
sz000983	-6314	11125	10423	0	-407.10	569502	10.34	10.44	10.31	10.57	2.15
sz002408	11402	8679	0	0	267.51	125452	13.15	13.44	13.09	13.67	2.28
sz000981	512	3062	0	0	590.42	47174	8.15	8.28	8.15	8.38	1.60
sz300388	-2170	-1329	0	0	844.35	102564	22.87	23.45	22.70	24.20	4.18
sz300565	-577	0	0	0	-246.02	15904	20.70	20.38	20.38	20.98	-1.69
sh603798	-201	0	0	0	45.47	12944	17.20	17.35	17.20	17.75	0.81
sh603001	-2431	-1364	0	0	-46.23	21072	14.50	14.49	14.42	14.61	0.07
sz002701	1043	-2182	0	0	-550.42	99812	6.04	6.07	6.01	6.14	0.50
sz002090	-1888	0	0	0	-113.34	9267	21.16	21.17	21.03	21.33	-0.70
sh600979	6455	2000	0	0	319.60	41788	5.21	5.25	5.21	5.28	0.57
sz002144	0	0	0	0	79.13	7628	14.18	14.14	14.11	14.29	-0.35
sz002146	-117815	-58201	-66325	0	4799.10	970073	13.51	13.55	12.96	13.73	-0.81
sh603311	0	0	0	0	169.66	7602	15.61	15.62	15.55	15.80	0.19
sz002381	-7127	-1000	0	0	-322.13	24259	7.81	7.79	7.78	7.88	-0.38
sz002893	-4260	-1457	0	0	-37.02	75392	32.10	32.65	31.60	33.40	-1.12
sh603959	0	0	0	0	66.78	5297	30.85	31.23	30.60	31.48	0.10
sh601158	-10289	-3428	-2033	0	-234.38	43367	6.57	6.55	6.55	6.61	-0.30
sh600376	-25062	-10413	-6930	0	-538.01	105007	10.83	10.63	10.51	10.92	-2.12
sz000018	-2447	0	0	0	-79.09	46153	6.23	6.23	6.21	6.27	-0.16
sh600557	-5670	-1000	0	0	-387.33	30724	13.66	13.69	13.62	13.77	0.29
sz002475	-15263	119	-2482	0	399.45	175257	22.33	22.80	22.20	22.98	1.24
sz000709	110247	139234	128823	0	5250.59	994697	4.12	4.13	4.09	4.17	0.24
sz000830	-65574	-31003	-19320	0	-11001.10	610635	20.78	21.10	20.31	21.58	1.54
sz300170	-39392	-14317	-15877	0	-1753.04	337981	13.70	13.53	13.40	14.03	-0.88
sz300355	-20322	983	-106	0	-4741.53	387665	12.58	12.55	12.46	12.85	-0.32
sh603018	-1187	0	0	0	11.26	26469	26.30	26.81	26.20	26.82	2.09
sz002045	-17327	808	-2213	0	-2119.21	116970	18.04	17.98	17.74	18.38	-1.10
sz002085	-6108	-5608	0	0	183.43	42466	15.51	15.60	15.45	15.61	-0.19
sz002158	-11659	-444	0	0	-132.08	153757	12.80	13.01	12.72	13.29	1.17
sz002396	-11667	-3414	0	0	-3022.63	88790	20.29	20.17	20.10	20.68	-0.98
sh600521	-20244	-4179	0	0	-6988.38	85358	28.92	27.74	27.50	29.10	-3.98
sz000488	-15168	13838	9994	0	2225.20	355990	17.80	17.97	17.63	18.23	0.96
sz000712	-16233	768	0	0	-1032.75	91515	17.20	16.88	16.88	17.20	-1.92
sz000826	-3777	-1000	0	0	-932.13	29419	31.61	31.64	31.53	31.94	-0.03
sz300160	-2231	3152	2008	0	-784.39	49412	7.63	7.63	7.63	7.76	-0.78
sz300294	-240	0	0	0	-205.52	11792	32.63	32.30	32.19	32.97	-1.28
sz300342	2450	1032	0	0	621.26	33565	14.85	15.25	14.61	15.55	2.97
sz002788	-230	0	0	0	-116.60	14946	30.00	29.78	29.71	30.58	-1.36
sz002186	-1638	0	0	0	12.19	10585	18.32	18.36	18.25	18.39	0.00
sh601100	-1310	0	0	0	-13.03	42664	33.52	33.54	32.93	34.63	0.03
sz300622	0	0	0	0	-52.44	5937	25.07	24.86	24.85	25.48	-0.92
sh603970	-808	0	0	0	630.31	52577	28.58	29.32	28.56	30.60	1.56
sh600884	-15847	2772	2130	0	-732.12	161139	18.99	18.77	18.69	19.42	-0.74
sh603979	-4583	-1417	0	0	-299.23	35181	10.97	10.91	10.90	11.20	0.09
sh600889	-1989	0	0	0	-9.99	22813	8.32	8.36	8.29	8.44	0.48
sh600409	59098	51973	44838	0	8060.25	630326	9.90	10.17	9.88	10.35	2.83
sh603996	871	0	0	0	-150.95	13385	17.90	17.76	17.70	17.91	-0.67
sz000920	-6688	-1382	0	0	-330.41	32593	9.64	9.67	9.59	9.76	0.31
sz002215	-4873	-3740	-2547	0	81.78	57991	6.94	6.97	6.88	7.02	0.14
sz000726	-29789	-14775	-5156	0	-3582.51	88395	11.19	11.07	11.05	11.19	-1.16
sh603518	391	0	0	0	14.00	4992	19.35	19.61	19.35	19.67	0.72
sz000728	-88548	-43505	-25296	0	-5350.98	334469	11.60	11.47	11.45	11.68	-2.30
sz000729	-53743	-23016	-16724	0	-1151.72	219521	8.01	7.88	7.76	8.04	-1.50
sh603515	-224	0	0	0	-133.37	10955	46.12	46.01	45.80	46.70	-0.69
sh600622	239	0	0	0	19.09	40278	17.70	17.50	17.48	18.15	-1.63
sh603885	874	1120	0	0	1725.67	67143	15.52	16.04	15.45	16.27	2.75
sz300027	-35063	11419	26113	0	-13114.60	1611453	10.46	10.18	10.15	10.84	-1.83
sz300335	-8578	0	0	0	-724.37	71761	16.58	16.54	16.50	16.91	-0.18
sz002776	-658	0	0	0	0.00	2808	19.30	19.39	19.18	19.45	0.00
sz002772	-386	0	0	0	188.43	20339	10.69	10.74	10.67	10.83	0.09
sz300246	23	0	0	0	-300.40	16871	19.91	19.93	19.91	20.48	-1.29
sz002173	2872	1949	0	0	551.32	22133	12.40	12.78	12.21	13.07	2.90
sz002172	-15221	156	0	0	-375.25	60361	6.22	6.18	6.16	6.27	-1.28
sh603365	-1452	0	0	0	-486.65	36216	23.30	22.82	22.80	23.57	-2.65
sz002373	-861	4897	4166	0	1163.67	121440	13.82	14.03	13.75	14.25	0.94
sz300638	-428	0	0	0	-123.87	11769	40.60	40.21	40.18	40.98	-1.25
sz300631	-946	0	0	0	-8.84	13949	26.50	25.79	25.68	26.67	-2.31
sz300435	-450	0	0	0	10.02	3152	15.82	15.83	15.73	15.85	0.06
sz300636	-473	0	0	0	-1060.33	12549	31.64	30.75	30.72	31.64	-2.72
sh603963	-859	0	0	0	-852.88	20221	29.41	28.79	28.63	29.56	-1.94
sh600436	-4248	0	0	0	-1025.88	55301	75.99	75.21	74.10	76.98	-0.99
sh600438	-26835	-5576	-2519	0	-4667.22	352396	12.34	12.35	12.30	12.75	-0.64
sh603980	-4740	0	0	0	-952.36	43134	21.78	21.48	21.41	22.05	-1.83
sh603985	0	0	0	0	-34.48	6455	38.63	38.03	38.02	38.78	-1.66
sz000932	-50553	-17172	-11455	0	1604.35	331850	9.29	9.27	9.12	9.37	0.32
sz002202	35933	26809	14527	0	12879.80	390184	18.09	18.77	17.83	18.85	4.45
sh600615	169	0	0	0	-101.64	13482	12.82	12.84	12.79	12.95	0.16
sh600612	-1330	0	0	0	2439.43	47017	43.90	45.71	43.75	46.24	6.20
sz000028	0	0	0	0	-275.14	6042	61.75	61.92	61.75	62.68	-0.23
sh603758	-1553	0	0	0	22.36	24840	13.80	13.86	13.72	13.98	-0.22
sz300723	-731	0	0	0	-711.45	47430	37.87	37.91	37.30	38.38	0.21
sz002749	0	0	0	0	94.17	2896	66.05	66.50	66.05	66.82	0.17
sz300726	-3863	-1026	0	0	-456.81	88261	29.09	28.97	28.80	30.31	-1.13
sz000776	-129116	-65602	-48274	0	-13682.70	643811	19.91	19.77	19.73	20.10	-1.93
sz002527	-3413	-1022	0	0	128.39	37344	9.86	9.94	9.85	10.20	0.40
sh603355	-204	0	0	0	-834.90	15375	38.45	37.46	37.37	38.65	-2.24
sh603359	-400	0	0	0	-678.87	22135	35.14	34.32	34.26	35.35	-2.14
sz002695	-2430	0	0	0	-105.20	40692	16.88	16.84	16.82	17.08	0.00
sz002699	-936	0	0	0	-121.17	15045	17.40	17.47	17.08	17.79	1.04
sz300485	0	0	0	0	-113.65	9785	28.30	28.50	28.30	28.88	0.71
sh603738	-700	0	0	0	36.05	7018	23.39	23.60	23.19	23.85	1.59
sh600048	-32870	2543	-2501	0	-27048.00	2459242	17.77	17.10	16.70	17.81	-4.15
sh600426	-44428	-9674	-5072	0	-1722.10	265700	19.37	19.02	18.61	19.68	-0.78
sz300007	-9973	-3239	0	0	-181.71	79097	13.80	13.81	13.72	14.18	-0.50
sz002756	-3726	0	0	0	-574.74	19137	23.69	23.57	23.37	23.72	-0.63
sz002759	-1957	0	0	0	23.74	33360	16.70	16.56	16.40	16.94	-0.96
sz002533	-4187	-2340	0	0	247.25	29695	6.58	6.66	6.58	6.70	0.91
sz000915	-6230	-1205	0	0	-1238.98	87027	26.73	26.97	26.66	27.14	0.90
sh600676	-17184	-4456	0	0	-584.58	56427	6.53	6.50	6.50	6.57	-0.46
sh603083	-1992	0	0	0	-1609.53	47915	48.55	46.99	46.86	50.22	-4.24
sh600280	-10806	-6099	-3776	0	-1576.56	74155	7.72	7.60	7.56	7.72	-1.55
sh603883	-418	0	0	0	-516.41	8218	60.13	58.56	58.53	60.48	-2.63
sz002258	-8209	-3617	0	0	-1057.02	70213	19.25	19.00	18.85	19.48	-1.55
sh603860	-200	0	0	0	-195.51	7849	35.30	34.92	34.90	36.26	-1.74
sz300688	1001	2530	0	0	-3236.07	39916	56.47	54.60	54.40	56.77	-3.00
sh601398	-137968	-27676	-24254	0	894.00	3875393	7.33	7.35	7.13	7.42	-0.68
sh601390	-45256	3633	3821	0	-3641.05	540036	8.79	8.71	8.68	8.82	-0.80
sh601009	57064	138104	101777	0	12045.70	1751456	9.32	9.39	9.11	9.54	0.64
sh600717	-8994	-3372	-5179	0	-1492.69	246183	10.83	10.99	10.83	11.44	1.20
sz300208	-23033	-2123	-203	0	436.56	146602	12.29	12.23	12.15	12.77	2.34
sz300209	-2117	0	0	0	-789.44	39259	18.10	17.61	17.61	18.30	-2.44
sh603707	-1713	0	0	0	98.08	21040	28.63	28.04	27.76	28.65	-2.03
sh603701	-231	0	0	0	-327.47	7773	18.96	18.68	18.66	18.96	-0.85
sh603090	-293	0	0	0	113.33	6066	19.45	19.34	19.29	19.69	-0.57
sz002245	-4782	4508	2568	0	693.64	124100	9.40	9.46	9.32	9.60	0.75
sz002241	-17347	-4332	-13351	0	-1202.10	322512	16.11	16.16	15.95	16.38	0.56
sz000669	-1318	0	0	0	-515.48	36162	13.75	13.68	13.67	13.90	-0.58
sz002800	0	0	0	0	-186.15	5966	30.70	30.23	30.20	30.90	-1.69
sz002803	0	0	0	0	-21.56	3398	43.10	42.98	42.48	43.26	-0.28
sh600381	-27225	-9855	-3285	0	-2325.39	159569	12.06	11.73	11.65	12.10	-2.09
sz300697	-6482	144	-3149	0	4766.26	28726	25.02	26.28	25.02	26.28	10.00
sz000402	-49242	-18170	-10943	0	-1466.54	299452	12.16	11.93	11.82	12.17	-2.13
sh600491	-11680	-2000	0	0	-637.90	53564	9.90	9.77	9.74	9.92	-1.11
sz000888	-3220	-1030	0	0	-129.62	26647	10.60	10.57	10.55	10.65	-0.28
sz000060	-34131	-1081	16664	0	14259.20	996399	11.63	11.82	11.56	11.88	2.96
sz000069	1499	26870	27114	0	4367.50	1138380	10.48	10.70	10.10	10.89	2.79
sh600729	-4925	0	0	0	-1134.44	34278	26.53	26.27	26.25	26.72	-0.79
sz300073	-8114	-1316	0	0	-1739.96	89053	24.03	23.75	23.74	24.55	-1.66
sh600872	-997	0	0	0	409.70	42392	28.68	27.97	27.62	28.68	-1.13
sh600873	14658	13559	3009	0	1251.60	241404	5.33	5.43	5.31	5.50	1.88
sz002410	2	1593	0	0	-620.35	67476	19.15	19.37	19.06	19.89	1.41
sh603096	0	0	0	0	-195.13	9531	63.10	64.88	63.10	66.89	1.58
sz300219	-6873	0	0	0	-925.80	44387	12.03	12.10	12.03	12.21	0.00
sz300503	-2177	0	0	0	193.07	18691	12.84	12.81	12.81	13.14	-1.08
sz300447	300	0	0	0	-120.68	10678	17.99	18.02	17.99	18.28	0.17
sh603066	-1465	0	0	0	34.33	12279	12.52	12.58	12.50	12.72	-0.32
sh603067	300	0	0	0	18.13	18085	13.07	13.03	13.00	13.29	-0.31
sz002019	2750	8219	7072	0	10030.80	287657	20.12	21.08	20.03	21.37	4.51
sz002273	-12591	-951	-2204	0	1304.28	151432	21.30	21.50	21.24	22.06	0.37
sz002275	-323	0	0	0	72.75	12501	16.35	16.34	16.28	16.46	0.00
sh600004	-22817	-2740	263	0	-2140.90	152248	16.66	16.44	16.18	16.66	-1.85
sz000650	-17332	-4333	-7584	0	310.31	109912	5.40	5.37	5.36	5.44	-0.19
sh600395	-21730	-19475	-13434	0	-1717.97	223724	7.27	7.26	7.22	7.44	0.14
sh600398	11366	12829	2677	0	-509.79	218304	10.49	10.59	10.35	10.74	1.83
sh600461	-11010	-5700	-2000	0	-299.95	30485	6.24	6.23	6.22	6.27	-0.32
sh600138	-4937	1172	0	0	740.10	85595	23.67	23.74	23.35	23.88	0.04
sh600133	-9933	-1563	0	0	-663.01	96144	9.91	9.91	9.81	9.95	-0.30
sh600208	-99996	-44548	-49580	0	-1377.39	503978	5.31	5.26	5.24	5.38	-1.87
sz300043	-23069	-3095	-415	0	-199.80	217779	6.50	6.52	6.42	6.81	-0.15
sh600015	-44425	-11356	-14108	0	301.50	567143	10.06	9.98	9.89	10.07	-0.89
sh600012	-3609	0	0	0	251.74	34843	11.80	11.68	11.61	11.82	-1.02
sz300195	-2719	0	0	0	-877.32	20826	14.33	14.15	14.05	14.38	-0.77
sz300196	-2575	0	0	0	-353.95	23515	12.29	12.29	12.19	12.33	-0.41
sh600380	-75407	-24606	-13799	0	-9909.40	405257	13.00	12.71	12.63	13.00	-2.90
sz300227	-1244	0	0	0	-30.72	18261	22.10	22.22	22.06	22.63	-0.13
sz002313	-3808	0	0	0	117.58	34924	31.90	31.34	31.25	32.37	-1.51
sz300452	-708	0	0	0	82.04	9278	25.80	25.90	25.60	26.26	0.39
sh603278	-1359	0	0	0	-704.37	37437	23.57	23.29	23.22	23.87	-1.65
sh603299	1334	1111	0	0	45.14	78748	10.92	10.99	10.87	11.11	-0.09
sh603619	-8503	-3470	-2858	0	-1998.42	101325	46.50	43.36	43.11	48.00	-2.91
sz002864	-2688	0	0	0	-1020.05	37422	31.98	31.40	31.30	32.28	-3.18
sz002869	-718	0	0	0	605.81	28067	32.21	32.50	32.21	33.52	1.50
sh600109	-60999	-21573	-4333	0	-4653.20	323871	10.30	10.12	10.11	10.34	-2.50
sh600031	11210	133072	110068	0	21089.70	1610030	9.56	9.80	9.52	9.93	1.77
sh600743	-73304	-47315	-28714	0	-2452.49	288166	4.17	4.06	4.06	4.17	-2.64
sz300183	-4877	0	0	0	-152.80	65648	18.23	18.10	18.09	18.58	-1.20
sz300237	-1496	0	0	0	-283.09	12265	15.99	15.93	15.52	16.07	0.00
sz002537	-45744	-11625	-6958	0	-892.60	118280	10.03	10.01	9.94	10.14	-0.60
sh600808	42967	81930	55166	0	2878.60	892141	4.39	4.40	4.34	4.44	0.23
sh600114	4394	0	0	0	1381.79	58156	15.19	15.50	15.16	15.60	2.24
sh601377	-116734	-47772	-3140	0	-4801.10	663015	8.04	8.00	7.96	8.08	-1.36
sz002778	-575	0	0	0	-565.01	14432	25.57	24.70	24.68	25.57	-3.44
sz002677	-739	0	0	0	-252.13	12743	16.90	16.73	16.52	16.93	-1.01
sh600170	-26766	24800	54930	0	5794.02	612739	3.92	3.94	3.90	3.98	0.51
sz002669	362	0	0	0	-118.61	14067	24.90	25.50	24.90	25.80	2.82
sz002661	-567	-1090	0	0	231.85	15225	14.19	14.20	14.09	14.24	0.07
sz300433	-6851	-1010	0	0	-476.43	100924	27.14	27.15	27.10	27.60	0.04
sz300722	-1428	0	0	0	347.85	57248	36.37	37.43	36.21	39.49	2.16
sz300497	-2452	0	0	0	1053.89	30763	40.61	40.92	40.30	41.49	0.86
sh600768	-495	1010	0	0	-203.77	16809	13.83	13.91	13.75	14.12	1.46
sh601366	-3868	0	0	0	118.86	51797	10.85	10.89	10.77	11.07	0.46
sh600761	-11139	0	0	0	-266.58	52664	10.60	10.61	10.55	10.69	0.09
sh600566	-3847	0	0	0	-1837.81	44157	42.88	42.42	41.90	42.88	-1.07
sz300549	0	0	0	0	19.34	11012	21.72	21.43	21.43	21.95	-1.38
sz300403	-139	0	0	0	144.48	10931	15.11	15.10	15.09	15.34	-0.46
sh600823	-75177	-40787	-25667	0	-4928.66	534153	5.91	5.82	5.75	5.93	-1.02
sz300408	17312	15384	13006	0	-970.03	114964	20.12	20.51	20.12	20.95	0.94
sh603020	-926	0	0	0	-107.47	9770	12.07	11.98	11.95	12.13	-0.66
sh603938	590	0	0	0	-442.52	15837	35.96	35.60	35.31	36.11	-0.59
sz300712	-2602	0	0	0	-83.55	59943	27.13	27.18	26.90	27.79	-0.98
sz002548	-664	0	0	0	52.86	12169	10.35	10.37	10.34	10.44	0.10
sz002543	188	0	0	0	-15.43	14674	22.60	22.50	22.40	22.70	-0.22
sh600779	-9983	0	0	0	-9011.86	115973	51.00	49.76	48.28	51.31	-4.31
sh601799	-245	0	0	0	42.92	4753	49.28	47.78	47.75	49.28	-2.27
sz300575	0	0	0	0	-177.62	7312	41.30	40.76	40.75	41.63	-0.71
sh600985	2429	1349	0	0	1804.01	94550	14.90	15.89	14.80	16.28	6.29
sz002732	-213	0	0	0	99.55	8005	29.00	28.60	28.60	29.00	-0.90
sh603320	-207	0	0	0	-447.14	17001	28.15	28.20	28.12	28.59	-0.81
sh603328	-10079	-1102	0	0	-972.33	45679	13.66	13.63	13.45	13.74	-0.22
sz000605	-1117	0	0	0	-118.14	24613	18.33	18.38	18.15	18.51	0.00
sh600787	146	15405	4458	0	3115.31	282553	11.68	12.05	11.53	12.09	2.12
sh600141	5280	1315	0	0	2574.53	181267	17.42	18.08	17.30	18.36	4.57
sh600180	-8959	-2970	-3365	0	148.41	123421	11.66	11.73	11.60	12.30	2.36
sz300145	-21242	-5660	-2005	0	-1326.93	154063	12.46	12.49	12.39	12.89	0.16
sz002636	-2529	0	0	0	-141.40	30055	15.05	15.07	15.00	15.27	0.13
sz300563	0	0	0	0	-81.51	3567	29.81	29.61	29.60	30.15	-0.67
sh603797	-962	0	0	0	-234.61	31950	19.58	19.60	19.56	20.12	-0.61
sz002707	6402	-519	0	0	2462.50	101868	11.45	11.86	11.41	12.06	3.22
sh600970	-54495	-12115	-8911	0	862.35	441536	10.45	10.60	10.30	10.73	0.57
sz002419	-8492	-1010	0	0	2436.22	113452	16.94	16.91	16.82	17.35	-1.11
sz002895	-4794	11038	10039	0	10051.98	168241	26.45	29.08	26.15	29.08	9.98
sz002898	-481	0	0	0	27.70	20473	21.57	21.58	21.41	21.84	-0.19
sz000026	-944	0	0	0	-93.68	24601	10.76	10.89	10.72	10.91	1.02
sz300577	0	0	0	0	-426.71	5785	65.36	63.50	63.00	65.48	-2.70
sh600797	-21322	-276	-2093	0	-1360.07	181405	12.37	12.35	12.30	12.67	-0.96
sz000708	-1894	576	0	0	424.14	55404	11.72	11.88	11.67	11.97	0.68
sh601336	-29960	-10225	-3015	0	-9104.80	302695	59.86	59.15	58.33	59.86	-1.35
sz300178	-5059	-1613	0	0	-297.52	71408	13.79	14.03	13.68	14.15	1.67
sz300286	0	0	0	0	32.67	7109	17.75	17.62	17.61	18.06	-0.79
sz300357	-307	0	0	0	257.86	7598	49.80	48.91	48.90	49.99	-1.27
sz300351	-4329	0	0	0	-788.73	35957	14.53	14.23	14.21	14.64	-1.73
sz002736	-63268	-20503	-27144	0	1174.50	678255	13.50	13.56	13.19	14.13	0.07
sz002403	1397	2705	0	0	-141.36	20507	11.75	11.80	11.61	11.83	0.08
sz002391	-5735	0	0	0	-2223.03	37802	15.24	14.93	14.91	15.37	-2.10
sh600895	-11012	-1708	595	0	-3164.08	60110	14.72	14.52	14.50	14.76	-1.29
sz002573	3141	-1171	0	0	887.81	134675	20.63	20.70	20.53	21.06	0.29
sz002407	-10256	-1872	0	0	-907.02	107029	20.09	20.10	20.02	20.35	0.15
sh603767	-319	0	0	0	69.40	30369	15.30	15.31	15.22	15.68	0.07
sh600306	-8422	1000	0	0	-912.74	66410	10.36	10.50	10.33	10.93	1.65
sz002882	-2166	0	0	0	-156.62	27577	14.05	13.92	13.85	14.19	-0.93
sz000001	-62505	-77402	-116793	0	-53427.10	2369984	14.45	14.20	14.00	14.47	-3.01
sh600528	-13375	-3571	-5941	0	222.31	178260	12.70	12.78	12.53	13.06	0.00
sh600638	-4777	0	0	0	-550.22	24913	15.87	15.78	15.72	15.96	0.32
sh600633	-29711	-6079	-2050	0	-2211.18	237008	15.66	15.70	15.50	16.22	0.26
sz300581	-1522	-1796	0	0	-639.78	45245	32.68	35.50	32.62	35.69	7.84
sz002424	-5335	0	0	0	-432.14	44901	15.20	15.26	15.16	15.35	0.00
sz002769	-5867	0	0	0	-956.87	20963	13.95	13.87	13.86	14.15	-1.42
sz002762	-1223	0	0	0	-223.85	17144	16.81	16.60	16.60	16.86	-1.25
sh603577	-1866	0	0	0	-8.54	27094	14.70	14.58	14.53	14.91	-2.34
sz002166	-4185	0	0	0	-401.82	55190	10.55	10.56	10.51	10.77	-1.03
sz002182	-5065	-1551	0	0	-201.71	94802	8.88	8.81	8.81	9.01	-0.34
sz002187	-3962	0	0	0	-85.92	31057	10.60	10.64	10.59	10.74	0.47
sh600368	-34982	-9363	-4833	0	-1193.64	104518	5.41	5.33	5.32	5.43	-1.84
sz300626	-265	0	0	0	40.26	2010	28.31	28.57	28.10	28.70	0.04
sz300627	0	0	0	0	143.07	9936	47.00	46.21	46.21	47.71	-1.74
sh600886	-2535	24975	11899	0	1167.47	249900	7.30	7.30	7.27	7.35	-0.27
sh600089	-93210	-49693	-27384	0	-8028.82	488948	10.22	10.09	10.08	10.23	-1.56
sz000038	-2873	0	0	0	-1099.58	23327	20.13	19.70	19.70	20.45	-2.09
sh601919	-36089	13638	17465	0	4714.39	603838	7.15	7.11	7.07	7.30	-0.70
sh601139	-19699	-1823	0	0	-565.53	167687	8.06	7.99	7.87	8.06	-1.11
sh601688	-152104	-68458	-47608	0	-13088.20	790790	21.46	21.11	21.09	21.50	-2.54
sh601689	-3458	1349	0	0	-1480.20	53814	21.56	21.50	21.47	21.84	-0.19
sh603889	547	0	0	0	198.18	12464	14.38	14.41	14.31	14.55	0.21
sz002817	0	0	0	0	211.94	5234	31.73	31.64	31.54	31.83	-0.25
sz002376	-9363	4166	2698	0	-1673.16	227733	13.41	13.27	13.20	13.97	-1.04
sz300438	-15956	-506	-2076	0	-6692.68	90882	28.11	26.68	26.55	29.00	-5.99
sh603183	-228	0	0	0	-1281.15	26303	43.85	42.72	42.69	44.99	-4.26
sh603186	0	0	0	0	303.02	8350	25.19	25.23	24.92	25.45	0.40
sz002518	-998	0	0	0	-457.53	25266	16.84	16.90	16.81	17.22	-0.41
sh603987	-5148	-2000	-2000	0	-212.10	26932	12.70	12.44	12.40	12.70	-1.43
sz002203	-1420	1025	0	0	151.27	40177	7.96	7.89	7.89	8.10	0.00
sh600053	1003	0	0	0	303.15	9321	24.21	24.25	24.05	24.59	0.17
sh600056	2440	-61	0	0	2920.59	146213	22.50	23.05	22.41	23.09	2.44
sz000733	-899	1354	0	0	-569.23	43025	14.11	14.13	14.08	14.32	-0.28
sh600188	-2518	15536	7637	0	9626.71	511793	16.68	17.23	16.68	17.83	4.55
sz000591	-26300	-12996	-5555	0	-393.86	156382	5.60	5.57	5.55	5.63	-1.07
sz000027	450	1893	-4197	0	260.06	115480	6.21	6.21	6.16	6.26	0.32
sz300033	-22429	-5139	-3226	0	-9290.10	221638	61.00	60.46	60.38	63.90	-2.69
sz300323	-26061	-11321	-10525	0	1828.57	262878	16.75	16.26	15.79	16.99	2.98
sz002346	-3240	0	0	0	-52.02	44507	19.41	19.40	19.30	20.20	0.15
sh600303	11253	7557	5000	0	994.09	75978	9.21	9.39	9.19	9.45	1.51
sh603768	0	0	0	0	5.81	9953	18.40	18.27	18.24	18.47	-0.71
sh603226	773	0	0	0	123.82	4979	30.23	30.10	30.00	30.39	-0.20
sh600990	-303	0	0	0	950.27	13834	55.09	55.37	54.95	56.21	-0.43
sh600996	-5548	0	0	0	-194.31	43644	10.37	10.31	10.22	10.47	-0.58
sh600195	3301	1520	0	0	565.57	39057	19.93	20.40	19.93	20.58	1.64
sz300137	-8619	-1230	-2303	0	-750.73	148073	21.58	21.74	21.52	22.12	0.23
sh600335	-2248	-64	0	0	-60.71	60390	10.58	10.70	10.56	10.77	0.85
sz002356	112	0	0	0	1338.25	29119	31.41	31.05	30.60	31.86	-1.74
sz300654	-416	0	0	0	-143.08	7545	30.51	31.41	30.51	31.49	0.96
sh603656	0	0	0	0	-72.06	3666	30.21	29.74	29.65	30.50	-1.72
sh600452	0	0	0	0	-124.80	4579	34.32	34.03	33.89	34.50	-0.87
sz300014	-15101	-3457	-2626	0	601.37	173619	18.37	18.37	18.30	18.85	-0.33
sz300669	0	0	0	0	-79.59	7446	24.74	24.39	24.39	24.88	-1.22
sh603711	-4640	0	0	0	-2880.10	76247	29.50	28.69	28.63	29.73	-3.89
sz002035	-844	0	0	0	-3853.34	49848	32.70	32.27	31.99	33.00	-2.24
sz002036	-1756	0	0	0	887.80	49346	15.55	15.58	15.42	15.72	0.26
sz002818	-569	0	0	0	-709.83	14493	31.72	31.50	31.50	31.96	-1.19
sh600449	-1089	2818	2117	0	90.64	216037	12.15	12.59	12.15	12.63	5.09
sh600711	-83480	-46465	-27968	0	181.40	790926	9.80	9.60	9.56	9.96	0.10
sz002563	272	1000	0	0	-220.74	31305	8.90	8.95	8.84	9.00	1.24
sh603005	-2352	0	0	0	-745.69	24225	30.28	30.15	30.03	30.68	-0.72
sz002793	-1206	0	0	0	-151.96	18453	16.24	15.94	15.92	16.31	-1.73
sz002029	-6768	-1498	0	0	-252.61	36787	8.52	8.49	8.49	8.58	-0.47
sh600658	-8719	-4901	0	0	126.90	50051	10.60	10.54	10.41	10.61	-0.57
sh600120	-10816	-1525	-2536	0	-1841.79	91985	24.61	24.64	24.60	25.12	2.41
sh601019	-51069	-6574	-2294	0	-3730.03	324547	12.81	12.73	12.72	13.18	-1.24
sh601137	-1718	0	0	0	-1.68	22122	11.62	11.58	11.50	11.70	-0.34
sz300446	-1121	0	0	0	-156.68	13474	22.01	21.90	21.89	22.43	-1.08
sh600261	-2004	-4112	-3400	0	-527.85	58288	5.27	5.28	5.23	5.32	0.19
sz002588	-677	-3665	0	0	135.48	104416	7.04	7.04	6.96	7.17	0.72
sh600137	-4717	-1349	0	0	-226.99	44634	24.82	24.47	24.42	24.98	-3.28
sh601601	-9947	1819	291	0	-5831.10	462369	39.70	39.25	38.40	39.70	-1.31
sh601607	-19717	-1165	0	0	-1903.95	104889	24.35	24.20	24.05	24.35	-0.78
sz300041	-1753	-1030	0	0	593.07	43112	9.74	9.83	9.73	10.01	0.41
sh600816	-20171	-3844	-2304	0	-909.24	113026	13.57	13.37	13.35	13.57	-1.04
sh600926	-60245	-25322	-17301	0	-8556.99	372030	12.86	12.63	12.53	12.86	-2.32
sz002262	-19041	-649	3010	0	-1468.56	105865	15.33	14.95	14.89	15.36	-2.48
sh603100	-529	0	0	0	-24.11	14886	10.13	10.13	10.13	10.28	-0.39
sh600038	-6792	-1020	0	0	8030.54	122275	42.00	43.01	41.90	44.28	2.09
sh600746	-13044	-4683	-5074	0	-2920.74	179727	9.00	9.01	8.92	9.33	4.89
sz300055	-13603	-2361	0	0	1569.20	140321	19.52	19.49	19.47	19.96	-0.66
sz002675	-8777	-3768	0	0	12.01	60977	11.02	10.76	10.68	11.02	-2.54
sz300428	-464	0	0	0	1005.67	72009	18.75	19.62	18.70	20.50	4.36
sh603041	0	0	0	0	-52.13	7922	22.49	22.16	22.12	22.66	-1.51
sh601998	-110904	-88787	-58682	0	95.50	712940	7.30	7.26	7.13	7.35	-1.89
sz300550	0	0	0	0	26.45	5184	31.10	31.00	31.00	31.76	-1.24
sh603633	0	0	0	0	-31.62	8489	18.20	18.20	18.08	18.48	-0.22
sz300401	-1476	0	0	0	-1051.07	23201	47.85	46.98	46.88	48.10	-2.15
sz002726	-2335	0	0	0	-91.79	17430	10.61	10.70	10.61	10.72	-0.19
sz002123	-1511	910	2014	0	349.33	60982	10.18	10.19	10.13	10.37	-0.20
sh600356	-1359	0	0	0	-228.90	23649	8.50	8.48	8.46	8.58	-0.12
sz300572	-344	0	0	0	-932.71	7303	70.52	67.00	66.76	71.00	-4.53
sz300702	0	0	0	0	-209.50	13821	41.81	41.56	41.54	42.80	-0.29
sz002080	778	2157	0	0	792.73	65147	23.60	23.95	23.57	24.21	1.66
sz002557	-2559	1577	0	0	-124.69	32808	16.30	16.08	16.03	16.35	-1.71
sz000980	-10108	0	0	0	-554.14	88464	11.35	11.34	11.30	11.47	-0.44
sz300561	-21245	-14416	-14348	0	1147.20	97834	46.50	48.00	45.15	48.00	9.99
sz002380	-680	0	0	0	914.21	21956	16.85	17.21	16.77	17.28	2.14
sz002896	-440	0	0	0	-1124.10	13030	38.66	37.96	37.82	39.16	-2.11
sz002892	-1049	0	0	0	43.21	20994	40.40	40.22	40.00	41.48	0.42
sz000651	-55881	-17097	-459	0	-32120.60	590652	55.45	55.40	54.30	56.37	-0.66
sh603165	0	0	0	0	-641.60	14285	55.22	54.74	54.70	55.55	-0.89
sh600098	6959	1249	0	0	-42.20	76799	7.24	7.23	7.20	7.27	0.28
sz002885	-647	0	0	0	-187.04	8834	35.17	34.80	34.71	35.53	-1.16
sh600639	-1467	0	0	0	-261.92	12345	17.34	17.28	17.21	17.43	-0.35
sz000823	-52702	-31922	-17974	0	-8072.04	203815	12.98	12.66	12.60	13.08	-2.99
sz300295	-6805	-435	0	0	-1719.71	74294	18.70	18.36	18.35	19.33	-2.44
sz002766	-3656	0	0	0	-419.31	35621	15.15	14.81	14.80	15.16	-1.99
sz002763	-152	0	0	0	-84.40	13155	13.55	13.55	13.49	13.68	-0.22
sh600363	-2545	1536	0	0	-131.34	39333	11.92	11.95	11.90	12.08	0.08
sh603198	-1185	0	0	0	-7.33	23372	17.95	17.96	17.85	18.05	0.06
sz000723	-15021	-4332	-4441	0	-1410.25	64981	6.78	6.73	6.73	6.82	-0.59
sz000581	-12970	-2693	-2033	0	-2386.90	136388	25.70	25.65	25.43	25.89	-0.77
sz300336	-37804	-2768	3252	0	-3743.54	239858	12.44	12.22	12.20	12.86	-2.32
sz002773	-516	0	0	0	400.04	9671	55.60	56.40	54.85	56.54	1.49
sz002174	-19624	-1639	-2875	0	613.41	196400	24.58	24.55	24.30	25.80	-0.20
sz002179	-4197	0	0	0	797.25	65776	37.92	37.58	37.52	38.20	-0.84
sz002590	-323	0	0	0	105.19	27360	12.86	12.81	12.72	13.00	0.00
sh600327	-3422	0	0	0	-27.82	22195	7.55	7.54	7.51	7.57	0.00
sh601900	-2523	1024	0	0	350.69	48765	11.77	11.70	11.66	11.97	-0.43
sz000596	-270	0	0	0	-2668.93	34796	73.99	73.62	71.85	75.18	-0.51
sh601678	-38117	-10715	-12593	0	908.62	330982	8.96	9.04	8.93	9.14	0.44
sh600545	3195	1289	0	0	-174.94	58596	9.93	9.99	9.90	10.07	0.60
sz002748	-1020	0	0	0	-289.03	14437	14.44	14.44	14.40	14.58	0.00
sh600908	-51938	-30482	-21646	0	-2981.63	330665	9.00	8.93	8.78	9.04	-2.19
sh603229	-530	0	0	0	-11.69	11447	17.19	17.04	16.92	17.35	-0.41
sz000698	-9240	-3668	-4269	0	693.16	113368	5.97	6.05	5.94	6.15	1.68
sh601116	-3956	1429	0	0	-691.30	55690	21.07	20.50	20.45	21.17	-1.91
sz002827	-830	0	0	0	3.57	16451	19.12	19.16	19.02	19.41	-0.05
sh600704	-32558	-4611	3739	0	627.06	188307	7.39	7.36	7.35	7.53	-0.81
sh603396	0	0	0	0	-323.49	12286	40.80	40.26	40.22	41.36	-1.68
sh600285	-14988	-6843	0	0	-860.76	52601	9.17	9.11	9.09	9.22	-0.55
sh600885	-2914	0	0	0	-3714.18	48286	43.80	42.27	42.20	43.80	-4.02
sh600060	-7072	-1364	0	0	1036.55	145603	16.50	16.48	16.35	16.84	-0.54
sh600064	-10026	-1057	0	0	-843.68	50148	15.02	14.90	14.89	15.02	-1.06
sz000417	-1304	2478	2478	0	137.77	41275	8.07	8.10	8.05	8.11	0.37
sh600660	-33688	-15936	-9842	0	-3011.32	209173	28.19	27.69	27.46	28.35	-2.43
sz300517	464	0	0	0	113.83	8104	19.20	19.17	19.06	19.43	-0.36
sz300477	-2073	0	0	0	-575.26	16234	23.10	22.61	22.47	23.10	-1.48
sz002796	0	0	0	0	58.21	6598	29.40	29.19	29.07	29.90	-0.03
sz002809	-569	0	0	0	-161.04	22099	30.18	30.37	30.18	31.13	-0.95
sz000531	-15001	-5630	-3975	0	-788.14	92639	8.15	8.18	8.03	8.24	-2.97
sz002412	-1495	0	0	0	-248.13	8547	16.54	16.48	16.30	16.56	-0.24
sh603879	-966	0	0	0	67.67	10054	18.60	19.21	18.60	19.24	1.53
