sh600340	-2038	-232	-1243	0	-4885.18	84174	31.00	31.03	30.91	31.09	0.16
sz300497	9	0	0	0	367.27	8648	33.21	34.15	33.16	34.24	2.77
sz002849	394	239	0	0	71.96	6896	27.61	28.58	27.60	28.62	3.63
sz002847	-88	-280	0	0	47.68	11865	24.82	25.41	24.73	25.70	2.17
sz002846	3440	2500	748	0	303.45	54562	16.55	16.90	16.21	17.17	2.55
sz300281	309	74	-923	0	-13.34	20297	12.25	12.60	12.12	12.80	3.11
sz300282	-695	-250	0	0	-91.29	4829	16.92	17.02	16.91	17.05	0.35
sh601985	-8220	-3185	1661	3385	727.30	135021	7.23	7.29	7.20	7.29	0.55
sh601988	-8843	-11230	-29141	-31026	5494.52	1430029	3.92	3.95	3.91	3.97	0.77
sh603839	895	565	0	0	203.30	12773	23.45	23.91	23.41	24.10	1.18
sz300289	-7138	-8423	-4481	0	-524.39	33896	9.47	9.60	9.38	9.64	0.73
sz000902	-5596	-3846	-2464	-1051	-78.44	29010	9.62	9.65	9.55	9.67	0.10
sz002536	2186	1787	361	-1156	421.88	40113	13.92	14.20	13.90	14.33	3.27
sh603320	387	0	0	0	167.58	16658	24.51	25.36	24.27	25.66	3.55
sh600168	-3061	-2150	0	0	-79.19	26718	8.36	8.42	8.31	8.42	0.24
sh601588	13003	13720	11349	5338	519.01	62331	5.56	5.63	5.55	5.63	1.08
sh600518	-5021	-2710	-3070	-3914	-5702.98	130989	22.22	22.09	21.98	22.34	-0.41
sh603648	-30242	-22415	-13848	2986	7714.43	115885	19.41	20.50	19.40	20.50	9.98
sh600993	1566	2008	2015	0	-26.45	30252	20.43	20.62	20.39	20.64	0.73
sh600995	272	872	-1000	-1000	-247.67	27633	9.09	9.15	9.00	9.16	0.88
sz000096	-625	-25	0	0	137.99	16499	13.20	13.37	12.24	13.41	-1.26
sh600997	-15786	-14320	-12636	-8626	-486.45	114750	5.91	5.98	5.79	5.99	0.67
sh603129	1093	713	0	0	508.72	26578	24.80	26.41	24.80	27.00	5.64
sh600998	97	121	-40	0	73.91	13528	18.61	18.75	18.53	18.78	0.91
sz002233	3572	4109	1990	0	-124.08	63126	11.53	11.68	11.53	11.75	1.39
sh600233	2005	2337	591	0	214.00	23718	16.75	16.94	16.61	17.11	1.13
sh600048	64711	61857	54696	44353	7667.10	1152057	13.63	13.85	13.45	13.87	2.21
sh601188	2465	1063	1983	1483	-9.41	20961	4.05	4.11	4.04	4.11	1.48
sh600690	7621	4785	-1808	-1059	-152.70	523618	19.33	19.09	18.67	19.53	-1.60
sh600516	15948	14685	12597	7793	-4378.40	1242187	28.70	28.95	28.12	29.13	0.24
sh600511	-506	-630	68	0	447.63	43543	27.45	27.72	27.22	27.88	0.98
sh600510	-1828	-1610	-1039	-1039	-117.91	11127	6.52	6.58	6.50	6.59	0.61
sz002620	2120	1714	2059	0	200.95	17034	9.26	9.38	9.20	9.41	1.63
sh600379	-3723	-2918	-1000	-1000	99.68	12684	10.31	10.45	10.23	10.59	0.87
sh603369	349	1793	-662	-224	-895.44	86260	15.25	15.20	15.04	15.25	0.13
sh600629	652	0	0	0	42.38	5564	15.26	15.20	15.05	15.38	0.60
sh600196	-3852	-9074	-6977	-7701	-20759.90	469764	46.69	44.86	43.52	46.85	-3.92
sh600094	4400	2864	1572	0	-1.92	24393	6.87	6.99	6.85	7.00	1.16
sh601111	-29888	-28393	-27528	-17807	1895.00	492710	12.03	12.35	12.02	12.55	1.73
sh601116	-270	-547	-1062	0	-196.89	50814	20.87	21.05	20.50	21.09	0.53
sz000626	-863	-101	0	0	-188.89	16889	13.27	13.39	13.25	13.41	0.90
sh603757	-15	0	0	0	131.02	7897	55.51	57.98	55.30	58.03	4.09
sh600589	4975	5159	5934	5335	305.01	45065	6.11	6.22	6.06	6.32	2.13
sh603167	2528	575	1100	0	-269.35	42446	11.82	11.94	11.78	11.95	0.93
sz002896	778	544	0	0	408.65	19570	41.24	43.35	41.24	44.00	3.91
sh600600	1458	310	-2098	-1302	1122.06	102943	41.09	41.00	39.68	41.40	0.54
sh600603	-9548	-7627	-7405	-4800	-394.18	35997	6.69	6.67	6.50	6.69	-0.30
sz002496	-9468	-4729	-1521	-2197	993.87	91436	5.10	5.11	5.03	5.14	0.20
sh600606	51370	52321	55649	9046	4753.40	688919	7.15	7.27	7.14	7.30	1.11
sh603466	2300	2998	0	0	410.95	42047	49.33	52.51	49.32	53.50	5.95
sz002499	2357	1802	0	0	561.41	22783	20.00	20.13	19.77	20.26	-0.54
sh600565	-5964	1239	1046	4705	518.91	145844	3.94	3.96	3.92	3.97	0.51
sh600567	85194	75839	43714	24478	-8853.01	461583	4.29	4.31	4.25	4.32	0.47
sz002889	-7125	-6122	-7379	-2926	2897.12	55128	25.80	28.33	25.75	28.33	10.02
sz000878	52873	53694	48305	37437	5364.27	282367	12.75	13.30	12.75	13.37	2.78
sz002301	-2738	-1798	-501	0	-490.15	11781	17.71	17.54	17.51	17.88	-1.29
sz002658	-1768	-2081	-674	0	-78.50	21351	13.20	13.17	13.06	13.24	1.62
sz300502	1443	1088	203	0	36.58	32974	29.80	30.46	29.70	30.60	1.50
sz002891	29	84	0	0	-133.34	12951	34.70	35.88	34.56	36.00	4.00
sh600626	3316	4232	1358	1265	112.09	37809	7.55	7.65	7.55	7.75	2.14
sz000055	3737	2689	-1938	-1521	372.30	38771	5.92	5.99	5.89	6.00	1.18
sz002081	8726	4248	-1578	-40	1432.57	289291	14.96	15.52	14.91	15.58	3.12
sz300130	-821	-255	-3069	-4215	-1602.20	46322	24.48	23.60	22.89	24.71	-4.61
sz300136	-3562	-4168	-3310	0	3874.30	108889	51.80	51.43	51.00	52.10	-0.02
sz002087	-13363	-14807	-12288	-8565	-885.92	106726	5.81	5.77	5.65	5.88	-0.35
sz002088	-861	-558	0	0	-462.87	15094	12.59	12.78	12.56	12.84	1.03
sh600883	-1877	-1579	-500	0	-76.50	11583	9.23	9.41	9.11	9.44	1.51
sh601100	10313	6780	3264	1019	1053.44	51281	26.99	28.43	26.88	28.51	5.26
sh600693	-3673	-2819	-619	-1000	-124.19	22394	10.27	10.20	10.12	10.30	0.10
sh600093	7424	6552	644	0	482.26	62234	10.47	10.69	10.47	10.75	2.10
sh600306	-274	1276	600	0	16.19	33168	10.60	10.81	10.51	10.87	1.31
sh600867	1539	-284	-1986	1000	-176.23	54988	23.31	23.57	23.10	23.62	0.99
sh603309	-1311	-587	0	0	-218.19	8559	17.83	17.60	17.55	17.92	-1.01
sh603266	-194	-171	0	0	-260.14	6652	24.65	25.41	24.62	25.70	2.34
sz002043	-406	-9880	-5344	-4076	-1341.37	98187	12.14	12.06	11.94	12.15	-0.58
sz002155	-7007	-6209	-6549	-2364	-955.18	97477	9.32	9.28	9.21	9.32	-0.43
sh603269	2191	1504	-142	0	-211.78	13151	22.46	23.18	22.46	23.32	2.84
sh600122	4799	6421	7028	7799	513.95	58980	9.65	9.67	9.54	9.71	-0.41
sh603063	1826	1197	1554	0	500.65	30567	17.22	18.16	17.22	18.33	4.67
sz002394	630	485	0	0	-170.33	17170	11.90	11.98	11.87	12.04	0.17
sh600303	-2437	-3133	-1600	-1000	-418.16	32124	8.99	9.03	8.96	9.03	0.22
sz002390	-17441	-15735	-9847	-4405	-1618.17	99699	8.06	8.10	7.97	8.11	0.25
sz002393	-911	-692	0	0	9.51	5470	31.27	31.54	31.24	31.65	0.73
sz002019	3786	1794	-1191	184	-804.63	159863	22.39	22.80	22.20	22.96	1.20
sh603289	1122	452	1379	1066	60.27	139628	18.43	19.36	18.15	19.85	4.59
sh600260	6465	4381	2804	1000	1549.09	41318	28.57	29.06	28.50	29.13	1.75
sh600266	13717	13175	11243	11815	929.75	78217	12.85	12.89	12.73	12.94	0.39
sh600269	9213	7675	4697	5220	157.03	46916	5.03	5.08	5.02	5.08	0.99
sz002482	2053	2512	26	0	42.94	24382	7.80	7.88	7.78	7.91	1.29
sh600138	-250	-1097	-1258	-1258	-779.39	26370	19.51	19.60	19.46	19.73	0.36
sz300001	-1077	-854	0	0	-255.84	21623	13.26	13.38	13.15	13.44	0.98
sz000301	-10924	-9344	-9181	-4913	-635.14	77526	5.23	5.18	5.11	5.23	-0.58
sz300611	-88	17	0	0	-1.25	13613	14.14	14.57	14.07	14.69	2.97
sz002279	-2608	-2684	-16	0	-110.70	45959	10.17	10.34	10.15	10.35	0.78
sz300615	120	-638	0	0	-2.98	17922	31.35	32.16	31.10	32.48	2.75
sz300619	524	-63	0	0	553.91	17834	43.41	45.04	42.66	45.45	3.59
sh600337	1244	2362	3510	3313	-564.68	37815	5.80	5.81	5.72	5.87	0.69
sz002572	1693	1608	-1110	0	682.49	56080	36.30	35.78	35.60	36.30	-0.89
sh603603	67	0	0	0	-125.31	17048	33.80	34.36	33.80	34.70	1.33
sz000429	-917	-1049	-1885	0	327.50	31112	8.08	8.07	7.97	8.10	-0.12
sz002472	717	1278	774	0	-59.14	14300	9.89	9.89	9.85	9.94	-0.60
sh603767	2975	1904	-678	0	405.18	44733	14.90	15.55	14.70	15.57	4.50
sh600007	-598	-200	0	0	-55.68	4439	17.05	17.05	16.89	17.15	-0.18
sz000657	-638	-10	-72	0	-265.02	19447	12.00	11.99	11.76	12.03	-0.50
sh603127	212	0	0	0	-186.61	17358	54.42	55.65	53.91	56.60	1.42
sh600419	0	0	0	0	-48.25	2207	45.50	45.28	44.67	45.50	-0.20
sh603178	3671	1878	0	0	392.80	24110	14.06	14.78	14.02	14.80	4.45
sz002875	493	200	0	0	396.40	9940	25.89	26.62	25.65	26.76	2.86
sh600395	321	-4725	-3044	4	-604.80	56397	6.57	6.60	6.52	6.63	0.46
sz002877	2200	1687	50	0	404.84	28809	22.75	23.48	22.53	23.68	3.44
sh600392	554	-3429	2075	3536	-2877.38	470964	16.53	16.69	16.27	16.85	0.97
sz002872	124	-287	0	0	375.43	18605	29.27	30.42	29.23	30.52	3.15
sh603012	-1224	-660	0	0	11.47	7919	7.32	7.38	7.30	7.43	0.82
sz000959	1318	-4612	426	2166	-44.51	60424	5.74	5.81	5.70	5.84	0.52
sh600098	16452	17120	16358	13184	1260.64	92788	6.96	7.10	6.91	7.11	1.43
sz300094	-1942	-1262	-1022	0	47.76	25680	6.66	6.75	6.62	6.77	1.35
sz300097	-5820	-4548	-4258	-1021	-2203.13	58545	30.96	29.71	29.66	30.96	-4.10
sz002909	1553	127	-822	0	636.67	45281	19.44	20.73	19.29	20.93	6.14
sz000951	18346	14357	4614	-3584	-961.64	111237	16.60	17.42	16.45	17.45	5.26
sz000952	-1205	-495	-1004	-1004	-338.29	25804	14.70	14.57	14.37	14.70	-0.48
sh600090	280	-337	569	0	98.14	16902	7.99	7.97	7.93	8.00	-0.38
sh603118	4228	3349	1340	0	38.58	27696	8.59	8.67	8.50	8.69	1.52
sz002888	283	250	0	0	162.14	8325	26.27	27.28	26.15	27.49	4.28
sh600463	-1632	-1102	0	0	-72.04	7818	11.04	11.00	10.86	11.15	0.09
sz002881	61	-474	0	0	-821.54	20685	30.60	30.98	30.16	31.48	1.24
sz002880	533	183	0	0	678.39	12324	52.30	54.89	52.30	55.17	4.37
sz002883	69	-305	0	0	144.16	10125	41.80	43.44	41.80	43.88	3.16
sh603113	2842	1416	0	0	261.38	23528	21.52	22.07	21.43	22.10	2.56
sz002885	-80	-275	0	0	456.61	10340	32.54	33.80	32.31	34.12	3.94
sz002884	647	451	0	0	62.84	8005	50.49	52.11	50.02	52.49	3.02
sz002886	289	-807	-1295	0	138.47	31186	37.80	38.73	37.51	39.38	1.25
sz000002	-17264	-13757	-14605	-10786	-2865.20	278845	30.49	30.50	30.12	30.80	0.43
sz300535	574	378	0	0	182.42	10349	35.00	36.36	34.74	36.36	4.18
sh600926	-628	95	-3504	240	5114.52	335352	11.16	11.62	11.12	11.88	3.84
sh600648	-927	-1529	-521	0	-57.10	15016	17.71	17.74	17.60	17.93	0.74
sh600133	4011	2646	1671	0	-193.77	56159	8.85	8.99	8.85	9.03	1.81
sh600644	-3554	-2336	-848	0	-37.46	49615	7.10	7.20	7.06	7.23	1.27
sh600131	-1918	-2338	-2151	-1402	-151.82	16081	6.98	6.99	6.86	6.99	1.16
sh600136	-1963	-1821	-1307	-1307	-270.14	39600	14.20	13.88	13.71	14.20	-1.42
sh600642	-2868	4370	2783	3202	395.50	163428	5.89	5.94	5.88	5.97	1.02
sh603507	-1103	-263	0	0	480.32	50755	39.54	40.82	39.45	41.63	2.05
sz002757	-732	-648	0	0	89.23	3684	35.99	36.51	35.82	36.72	1.25
sh600167	-5229	-4251	-4473	-3548	-1307.98	73907	22.10	24.70	21.79	24.77	2.02
sz002619	-7829	-4856	-2975	-1735	-98.54	51322	6.42	6.43	6.37	6.47	-0.62
sh600522	14061	12941	16311	11725	-6902.44	387045	14.52	14.57	14.31	14.62	0.21
sh603508	345	377	0	0	17.03	7928	37.60	38.53	37.55	38.70	1.64
sh600483	-343	-902	-876	-1775	-90.49	14200	7.36	7.46	7.35	7.47	0.95
sz002901	1061	371	-1609	-1609	36.27	77794	37.13	38.50	36.91	39.43	2.26
sz002902	4432	1609	-1540	-1019	2756.15	73691	38.00	40.18	37.88	40.59	5.99
sh600577	-1419	-1275	-383	-1033	-44.89	36170	3.77	3.78	3.75	3.79	0.00
sh600487	-401	-2749	-1444	2468	-4625.70	229596	41.35	41.38	40.03	41.70	0.32
sh600486	-75	-20	0	0	-1007.40	16793	48.69	48.25	47.35	48.99	-1.19
sz000756	-3355	-3571	-708	0	-952.84	29135	14.23	14.00	13.91	14.26	-1.27
sz300545	0	0	0	0	327.92	1966	68.44	69.39	67.91	69.41	0.73
sz300632	-9	-343	0	0	121.86	10868	20.70	21.60	20.70	21.80	3.60
sz300269	11985	10336	3467	1213	432.92	61279	12.24	12.77	12.24	13.00	4.50
sz002611	154	1390	1100	0	307.87	19452	12.92	12.94	12.85	13.09	0.15
sz300118	-2734	-1091	-799	0	1.44	18993	12.38	12.38	12.26	12.41	0.08
sz000715	-2289	-2353	-2177	0	-158.74	9897	9.53	9.52	9.36	9.62	0.95
sh601928	-4488	-5121	-3379	-1900	-213.61	41420	8.09	8.12	8.00	8.13	0.25
sh603183	2755	2693	2357	2357	2348.59	38125	36.08	39.83	36.07	39.83	10.00
sz000758	-20602	-22314	-20210	-10789	-7634.54	354017	6.18	6.02	5.91	6.18	-2.43
sz000049	887	-19	631	0	-681.41	31699	38.41	38.76	38.00	38.79	1.20
sz000507	5145	3711	5842	3215	-166.42	86139	9.82	9.89	9.72	9.98	0.82
sh601607	-5205	-3878	-1569	-1105	-2261.07	71790	24.83	24.56	24.38	24.85	-1.29
sz000501	-2704	-3223	-1144	0	-86.98	35138	16.03	16.11	15.91	16.23	0.50
sh600638	-3034	-2205	-534	0	-283.76	13908	15.26	14.93	14.85	15.26	-1.52
sz300401	-2160	-1469	0	0	-1942.81	46792	43.95	42.90	40.88	43.95	-1.79
sh600737	10321	8383	5254	3875	653.99	77730	7.88	8.09	7.88	8.12	2.28
sh600736	-390	-2158	-1000	-1000	-97.05	17400	5.94	6.03	5.94	6.04	0.67
sz300409	-813	-642	0	0	-1058.84	23809	45.01	44.59	44.16	45.58	-1.17
sh600828	-2628	-2705	-1082	0	-128.80	23971	6.22	6.23	6.15	6.25	-0.16
sh603345	709	705	0	0	175.66	13117	23.25	23.80	23.11	23.94	3.07
sz002721	-11684	-8522	-9569	-9738	-526.06	101463	15.75	15.44	14.67	15.92	-4.04
sz002050	3976	398	3306	-1494	1822.05	188669	18.85	19.16	18.70	19.16	1.59
sz002724	-405	-422	0	0	16.14	8807	9.30	9.36	9.23	9.40	1.19
sz002057	-4188	-3377	-528	0	-543.05	29983	12.80	12.50	12.33	12.80	-2.87
sh600415	-3009	595	1559	3400	-332.16	101135	5.76	5.81	5.75	5.84	0.69
sh601669	-25660	-24708	-18740	-16728	-1344.29	90008	7.31	7.30	7.27	7.34	-0.41
sh601666	34768	29758	18569	4564	-928.43	295643	5.91	6.05	5.84	6.06	2.02
sz002684	1301	1072	0	0	-57.90	10846	17.51	17.46	17.31	17.55	-0.34
sz002682	96	-24	602	0	-15.93	21854	10.86	10.99	10.82	11.00	1.20
sz000826	593	-91	-1620	-4025	-1664.58	52930	33.59	33.76	33.40	33.96	0.51
sz000828	-12435	-11783	-11624	-11624	-299.13	26447	11.03	11.05	11.01	11.10	0.18
sh601326	-33664	-20347	-326	14644	8180.11	251669	5.43	6.00	5.42	6.00	10.09
sh601288	136351	138678	141159	140183	18260.80	2848255	3.68	3.76	3.68	3.76	2.17
sh600969	121	430	0	0	-3.70	6758	12.33	12.38	12.26	12.40	0.41
sz300041	78	-488	0	0	-154.84	12570	9.88	9.93	9.85	9.95	0.51
sz300046	-7249	-4630	-665	-1292	-1970.23	80821	22.19	21.93	21.16	22.35	-1.17
sz300160	-825	488	301	0	137.39	21289	7.56	7.58	7.39	7.59	0.26
sh603939	1212	684	731	0	582.81	23564	45.85	45.04	43.80	47.40	-1.27
sh600919	18492	8473	-10243	-21789	-10086.90	578091	7.41	7.44	7.38	7.50	0.40
sz300658	0	0	0	0	30.50	3018	29.03	29.93	29.03	30.01	2.01
sz300655	650	206	0	0	90.76	10605	28.10	28.97	28.10	29.28	2.91
sz300654	-551	-309	0	0	-129.49	28575	30.43	30.64	29.40	31.20	0.79
sz300653	-174	-187	-510	0	484.11	9989	34.14	35.39	34.14	35.63	3.54
sz300652	330	0	0	0	335.82	10846	26.25	27.33	26.25	27.44	2.94
sz300651	476	0	0	0	-392.14	4224	33.29	33.02	32.66	33.30	0.00
sh603238	246	0	0	0	-10.25	10434	21.97	22.57	21.63	22.69	2.73
sz002900	-179	-2499	-1355	0	-824.90	78071	28.27	29.53	28.02	30.53	2.36
sz300669	-738	-300	0	0	78.10	10804	23.14	23.91	23.14	24.10	3.33
sh600854	6525	5510	6695	6772	1102.36	69600	5.34	5.55	5.28	5.71	4.13
sh603233	-527	-825	0	0	531.36	14546	52.00	52.60	51.36	52.99	1.17
sh603232	117	0	0	0	332.24	4614	46.32	48.61	46.32	49.03	3.32
sz300493	-485	-501	-265	0	-451.82	39827	13.95	14.09	13.69	14.24	0.14
sz002126	-8008	-3779	-5250	-5220	-259.17	41284	9.31	9.32	9.21	9.38	-0.75
sz002127	-12565	-5570	-3372	-4024	2294.18	66546	12.32	12.15	12.04	12.32	-1.46
sh603725	683	1410	0	0	-93.28	42218	19.70	20.56	19.41	20.76	3.73
sz002431	479	-877	893	-161	-738.99	81204	8.35	8.32	8.25	8.37	1.09
sh603721	900	1025	0	0	523.54	20505	25.59	27.04	25.55	27.45	5.87
sz002121	2546	4136	3669	3110	-156.70	35924	8.80	8.86	8.73	8.90	0.80
sh603303	1241	97	0	0	48.35	17696	13.36	13.76	13.25	13.89	2.84
sh603728	407	620	0	0	77.80	19636	23.66	23.91	23.43	24.10	1.27
sh600352	3463	5465	8173	2857	1498.50	754417	11.93	12.10	11.89	12.26	1.26
sh600298	-5424	-1304	-507	157	-4599.58	111849	34.31	33.60	33.20	34.48	-2.07
sh600299	-5155	-4856	-2600	0	-454.90	14449	10.13	10.05	10.00	10.15	-0.99
sh600293	-5013	-1953	827	-270	-110.09	36078	7.92	7.90	7.82	7.92	-0.25
sh603801	-327	-309	-529	0	325.39	12774	52.88	53.23	52.79	54.00	0.66
sz000153	2660	2492	2143	1000	-106.59	18382	7.73	7.85	7.73	7.88	1.16
sh600297	2156	4195	370	-305	426.23	110308	7.74	7.80	7.70	7.85	1.30
sh600295	7129	5245	4733	1202	-571.01	142071	13.98	14.14	13.74	14.28	0.64
sz300463	777	-1032	-1221	0	575.77	33756	24.09	24.24	23.88	24.66	1.93
sz002581	1757	1585	1669	2169	-179.03	12639	17.94	18.06	17.77	18.06	0.06
sz300195	-1011	39	0	0	-156.41	5794	13.92	13.95	13.87	13.98	-0.36
sz300197	-1799	-128	-876	0	1245.27	96978	11.45	11.55	11.35	11.57	0.96
sz000910	-5518	-2187	-1078	-1000	-839.79	42130	23.01	22.84	22.77	23.25	-0.39
sh600213	218	336	0	0	169.21	24832	9.49	9.66	9.40	9.79	1.26
sz000919	3314	2669	58	0	-264.87	16235	8.65	8.74	8.63	8.75	1.04
sz300199	-8771	-8723	-9187	-5045	-863.80	50773	16.48	16.37	16.13	16.55	-0.49
sz002221	-26307	-22482	-17807	-8732	-3039.11	228287	12.77	12.57	12.40	12.78	-2.03
sh603157	-16528	-15911	-15688	-18641	2347.87	119929	16.01	17.36	16.01	17.36	10.01
sh603305	181	-189	0	0	150.61	23793	36.18	37.24	35.81	37.60	2.73
sh603158	-626	-200	0	0	-41.01	4038	18.75	18.85	18.55	18.97	0.80
sh603159	363	0	0	0	43.22	7129	24.28	25.16	24.28	25.36	2.36
sh600221	-9827	-11334	-21037	-22667	1431.17	448778	3.13	3.16	3.13	3.17	0.96
sh600848	1077	146	432	0	-141.69	61929	21.73	22.24	21.73	22.66	3.39
sh600173	-9118	-7394	-2533	0	-145.92	23569	5.81	5.77	5.71	5.82	-0.69
sz002807	-1846	-1766	-1117	-1505	79.76	155031	7.92	8.09	7.86	8.15	1.38
sh600079	1146	4430	7698	7354	562.36	90927	18.10	18.24	18.04	18.55	0.39
sz000685	-1618	-422	1026	0	3.49	25676	10.14	10.21	10.12	10.22	0.59
sh600073	-9989	-8308	-7513	-2000	-529.27	53270	8.05	8.08	7.92	8.12	0.37
sh601888	-14088	-11182	-4344	-4002	-6841.82	65986	43.80	42.62	42.35	44.10	-2.09
sz300450	-1113	-1282	0	0	-1119.17	20406	59.20	59.45	58.20	59.85	0.42
sz300221	-8330	-7803	-6029	0	-1905.34	54015	15.80	15.46	15.10	15.80	-2.03
sh601882	5730	3909	2370	1990	914.06	46997	9.61	10.66	9.60	10.66	10.01
sz300341	-579	-741	-1115	0	-5.79	11007	6.61	6.65	6.56	6.67	0.76
sz300343	1804	1509	500	0	156.20	26261	12.40	12.49	12.21	12.55	0.64
sz300347	-1649	-859	257	-1204	-1703.85	35157	34.99	34.21	33.50	35.40	-0.41
sz002105	310	168	-504	0	15.59	13988	6.29	6.40	6.28	6.40	0.79
sz000960	27198	23409	16454	9968	1133.25	167094	12.25	12.63	12.15	12.64	2.85
sz000961	-4856	-9166	-7462	1333	-872.80	99619	6.12	6.11	6.06	6.14	0.00
sh601107	1806	2165	1848	515	98.40	22864	4.06	4.09	4.05	4.10	0.74
sh600581	6000	8645	2112	2998	-314.21	255530	13.03	13.09	12.75	13.14	0.93
sh600459	-1252	-297	-600	0	-175.26	23896	21.48	21.61	21.25	21.75	1.12
sh600586	-9868	-10055	-5922	-6742	-468.88	68118	4.40	4.43	4.34	4.44	0.23
sh600452	-374	-361	0	0	386.26	14980	34.71	34.69	33.82	34.91	-0.03
sh600779	-739	89	2252	1201	1114.59	66347	45.24	45.62	44.70	45.93	0.75
sh601311	-9349	-9055	-7440	-2871	-835.74	37960	12.83	12.80	12.67	12.83	-0.16
sh603496	86	0	0	0	-105.54	11137	33.77	34.56	33.56	34.82	2.34
sh600674	35796	39031	34201	26200	1693.99	266925	10.14	10.24	9.98	10.25	1.19
sh601086	-35345	-22487	5061	14345	9225.26	248107	7.75	8.50	7.63	8.50	9.96
sz002769	-486	217	0	0	-96.40	8229	14.30	14.38	14.30	14.47	-0.14
sh600673	-42808	-42048	-33524	-21414	-1979.75	128844	6.72	6.56	6.51	6.75	-2.24
sh603378	3503	1569	3	0	-199.00	98716	23.53	23.77	23.39	25.05	-0.42
sz002766	4077	1404	-502	0	181.53	32535	13.37	13.63	13.21	13.70	2.64
sh600439	4011	5026	-194	-194	2.44	23806	5.57	5.59	5.55	5.59	0.18
sh601088	-1474	2307	3628	2932	-2037.94	173754	23.06	22.90	22.60	23.06	-0.91
sz002763	-608	-445	0	0	-188.41	10249	13.45	13.47	13.30	13.56	0.52
sz002643	-4567	-2574	-2825	-1297	-539.57	50479	11.22	11.10	11.05	11.22	-0.27
sz002317	-10914	-11595	-9813	-1038	-883.83	68664	12.80	12.69	12.51	12.82	-0.24
sz002164	-907	-856	-557	0	-42.78	18142	8.74	8.68	8.51	8.74	0.00
sz002645	-13	0	0	0	-87.26	7439	17.90	18.00	17.69	18.09	0.50
sz300539	1066	364	0	0	84.87	10481	10.46	10.84	10.44	10.94	2.75
sz300536	1318	1377	-132	0	520.63	26257	15.59	16.11	15.38	16.22	3.20
sz300537	-344	320	0	0	14.74	13877	15.28	15.64	15.00	15.94	1.56
sz002648	-9461	-9984	-3678	-1192	-365.97	110626	16.27	16.38	15.98	16.42	0.18
sz002527	-1560	-862	0	0	-162.62	21669	9.68	9.74	9.68	9.78	0.21
sh603578	-290	-400	0	0	-69.46	8204	31.03	31.22	31.03	31.95	-0.13
sh600688	-12354	-10897	-8107	-7142	-100.37	60694	6.34	6.34	6.30	6.37	-0.31
sh601811	2114	847	0	0	226.15	15739	12.90	13.20	12.87	13.26	2.64
sh600681	210	-760	-243	-3342	168.61	115422	15.05	14.94	14.69	15.40	1.98
sh601996	-13242	-12476	-8568	-5263	-573.15	62516	4.86	4.88	4.79	4.89	0.21
sz000042	-83	-83	0	0	-68.97	3759	16.68	16.39	16.23	16.68	-1.56
sh600887	-4658	-7188	-8087	-1221	-12303.40	525137	33.09	32.38	31.92	33.17	-2.06
sz002002	6679	6855	3490	3598	22.16	47988	6.79	6.81	6.75	6.85	0.29
sh600823	20628	9029	7470	10426	228.31	111882	4.86	4.89	4.83	4.91	0.82
sh601225	15601	19386	24215	17247	1039.16	429855	7.91	7.93	7.80	7.95	0.51
sh600708	-2997	-1391	-1695	-1055	251.14	60456	6.69	6.72	6.65	6.75	0.75
sh601799	133	0	0	0	254.38	8060	48.70	48.97	48.25	49.30	-0.16
sh603688	-925	-1640	-2267	-2267	454.47	15348	15.43	15.85	15.43	15.94	1.86
sh600814	4595	4297	1192	0	335.38	28005	8.81	8.91	8.73	8.94	1.25
sh600701	-6421	-7425	-5744	1005	-749.31	52532	9.98	10.02	9.91	10.09	0.10
sz300452	4880	2110	534	0	1351.19	29758	27.05	29.02	27.05	29.58	7.92
sz300457	-1005	-967	-500	0	115.79	15730	26.56	26.73	26.30	26.87	0.53
sz002008	8467	5447	1375	-1461	579.60	171071	51.59	52.48	50.73	52.76	0.94
sh603277	8917	5300	3553	2724	1094.29	63488	17.70	18.89	17.60	18.90	6.12
sz002166	1308	580	-731	0	260.96	20338	10.13	10.18	10.08	10.18	1.09
sh603803	501	0	0	0	114.98	14930	17.50	18.01	17.30	18.20	3.21
sz002001	-1498	1624	-1660	1249	-1219.60	377475	41.16	39.50	38.62	41.39	-4.03
sz002169	-3374	-4133	-5266	-2782	225.64	46746	4.99	5.05	4.93	5.07	1.41
sh600635	61328	54296	41663	24949	609.07	378937	4.83	5.00	4.83	5.01	3.31
sz000818	-2877	-1569	-4944	-3129	-101.51	41630	11.86	11.98	11.86	12.00	0.34
sz000548	-1892	-822	1031	0	8.74	19414	6.26	6.27	6.22	6.29	0.16
sz002363	-390	146	600	0	-63.86	9650	8.53	8.54	8.47	8.59	0.12
sh603076	926	491	0	0	631.92	28613	32.54	35.27	32.35	35.66	7.96
sz002367	7305	5758	1858	1000	367.32	28364	8.26	8.46	8.26	8.50	2.55
sz000813	5190	-2290	-2088	0	-932.09	52136	8.49	8.76	8.48	8.80	2.58
sh603299	3783	1610	1206	0	-145.21	51083	9.20	9.49	9.18	9.65	3.15
sz002042	12595	9748	5780	4294	410.74	85989	12.70	12.91	12.61	13.00	1.02
sh600251	1062	864	790	-2102	183.42	50310	7.43	7.58	7.39	7.60	1.47
sz300017	36922	32471	26578	20660	-1707.58	335089	9.45	9.49	9.34	9.55	0.00
sh600371	737	937	0	0	71.64	19121	10.50	10.71	10.32	10.71	1.90
sh603813	3965	157	-501	0	302.74	56994	28.65	31.14	28.61	31.70	7.98
sz002725	3521	2694	1646	0	75.73	25266	13.79	14.50	13.35	14.52	6.15
sz300626	0	0	0	0	28.01	1339	27.60	28.03	27.44	28.09	1.08
sz300627	76	0	0	0	568.85	8454	43.20	44.56	43.20	44.57	2.67
sz300625	189	-113	0	0	23.40	15554	24.05	24.87	24.05	24.94	2.98
sz300620	-917	-754	0	0	-622.09	20812	39.86	40.98	39.48	41.38	1.74
sz002493	-16249	-12333	-12768	-5172	81.08	127404	14.60	14.61	14.52	14.88	-0.61
sz300058	-16139	-6870	-3653	-18395	-1479.80	338034	5.43	5.46	5.30	5.47	-0.73
sz002262	-875	485	-737	0	157.44	28615	14.46	14.55	14.37	14.60	0.62
sh603617	1576	2261	0	0	335.87	20242	23.51	23.83	23.36	24.32	0.85
sh600886	-9013	-11997	-7306	-10794	-2212.91	209817	7.41	7.38	7.30	7.43	-0.40
sh603615	1075	1076	501	0	90.75	30185	13.85	14.06	13.63	14.48	1.52
sh603976	386	-150	500	0	-252.00	22497	26.25	27.48	26.18	27.65	3.89
sh603758	616	627	585	0	110.56	31655	13.12	13.65	13.08	13.78	3.96
sz002463	-25	345	10962	7734	-5339.28	515593	5.75	5.55	5.46	5.76	-4.15
sz002462	-5393	-3516	-698	0	-2086.24	42511	26.90	25.48	25.44	26.97	-5.10
sz002461	-4512	-2413	-1837	1250	-495.68	40536	11.88	11.83	11.73	11.98	-1.25
sz002466	7233	3083	54	-958	-10840.90	172627	51.00	51.90	50.10	53.39	-0.27
sh603619	2031	48	548	0	-1373.87	86368	35.15	35.91	34.50	36.88	1.93
sz002446	-4635	-4426	-2369	0	-273.69	43575	10.13	10.15	10.08	10.29	0.20
sh603776	-233	-253	0	0	505.18	20550	57.69	59.90	57.69	60.45	3.13
sh600409	-8486	-4277	-5607	-7412	-1273.81	154418	9.36	9.41	9.22	9.46	0.11
sh600791	-2093	-1574	-531	0	-149.64	40039	6.78	6.79	6.67	6.79	-0.59
sh603021	-2172	-2105	-1700	-1000	-261.11	11028	9.80	9.90	9.68	9.96	0.10
sz002867	672	234	0	0	303.65	14775	26.72	27.44	26.72	27.70	2.39
sz002866	-455	-235	0	0	-641.20	10246	36.02	35.60	35.51	36.55	-2.52
sh600790	1836	2030	2106	0	-45.65	24812	5.91	5.98	5.90	5.98	0.67
sz002863	-1770	-975	-1349	49	-330.07	94950	12.72	12.94	12.52	13.22	1.25
sz002862	-542	-400	0	0	-227.03	4233	26.49	27.28	26.23	27.48	2.90
sz002861	1571	746	0	0	192.77	11694	24.99	25.96	24.87	26.07	3.55
sz002860	-88	-554	0	0	-115.70	18778	41.00	42.39	40.93	42.60	2.86
sz300305	728	576	0	0	-10.33	10127	7.48	7.62	7.48	7.63	1.46
sh603991	137	0	0	0	86.91	6165	26.91	27.61	26.66	27.77	2.68
sz300303	-84	186	-408	444	-105.57	61917	3.61	3.63	3.58	3.64	0.55
sz002868	-432	-429	0	0	-181.60	14486	23.42	24.23	22.90	24.41	3.11
sz000928	-18114	-22471	-25176	-24847	-5439.62	574695	6.36	6.62	6.27	6.76	3.12
sh600089	34692	36401	39105	24919	3399.44	327222	9.76	9.97	9.75	10.02	1.73
sz000921	2860	428	986	-1065	-110.52	59353	14.07	14.06	14.01	14.26	0.00
sh600081	-1361	163	-633	0	25.09	18576	11.92	12.07	11.90	12.19	1.00
sz000923	1498	26	-391	0	117.93	28202	22.05	22.64	22.05	22.86	2.68
sh603103	5159	2729	1185	1810	1461.14	59124	26.43	27.87	26.30	28.26	5.45
sz002716	-3889	-3235	-2518	-2071	29.92	40288	18.73	18.69	18.56	18.88	-1.01
sh603106	1788	200	1228	0	327.47	106531	24.36	25.19	24.30	25.69	2.86
sh600988	813	1142	-6230	-6804	-2162.37	498766	6.44	6.33	6.24	6.45	-2.76
sz000030	3418	2352	640	0	28.34	24774	7.89	8.01	7.81	8.02	1.39
sh603005	2457	2172	0	0	982.31	45243	35.13	35.82	35.13	35.95	-0.91
sz002300	2000	-1132	-1398	0	14.79	58475	8.51	8.72	8.44	8.80	1.87
sh600101	637	698	0	0	-1.63	12015	8.90	9.00	8.88	9.01	0.67
sh603535	3437	1200	-1123	0	1072.40	44559	24.61	25.99	24.61	26.30	5.52
sh603518	119	0	0	0	19.49	4907	18.29	18.46	18.12	18.57	1.48
sh603538	123	0	0	0	40.42	9998	27.12	27.80	26.86	27.88	2.51
sz002910	18438	14643	12272	10599	-2676.12	247355	18.73	21.10	18.73	21.10	10.01
sz002603	9494	9518	-510	0	396.16	30999	15.54	15.75	15.46	15.82	1.35
sz002602	1537	1013	900	0	-839.11	16428	33.78	34.26	33.53	34.30	0.79
sz002601	6696	5725	2207	-843	1057.17	105294	15.13	15.45	15.03	15.47	1.58
sz000797	-19305	-18278	-14655	-8114	-3592.01	162493	11.24	10.95	10.61	11.33	-2.23
sz000796	2892	1462	-1012	0	-1004.98	67972	12.75	13.48	12.75	14.00	5.73
sz300371	259	0	0	0	-28.74	5356	18.13	18.27	17.86	18.30	0.88
sz300373	10976	7981	2763	65	-1279.17	108951	28.64	28.85	27.76	30.00	0.49
sz000722	-296	-901	-1367	0	33.16	12269	8.67	8.80	8.62	8.80	1.97
sh600039	4686	5602	4786	4339	-233.84	55507	3.99	4.02	3.98	4.02	0.75
sh600033	18681	18831	18574	17811	496.90	54861	3.60	3.63	3.60	3.64	0.55
sz000729	-17933	-5428	5864	1038	2667.88	326700	6.95	6.91	6.75	6.96	-1.71
sh600035	-796	-755	179	1306	-34.21	29747	5.18	5.21	5.13	5.22	-0.19
sz000513	-993	-675	0	0	-5283.28	56442	70.02	70.04	69.36	71.39	0.07
sh601595	716	240	0	0	72.18	9953	18.10	18.76	18.10	18.80	3.02
sz000517	-25363	-8277	-7402	-2243	-191.60	66598	3.43	3.39	3.34	3.43	-1.17
sh603937	17013	9328	1259	0	349.24	208557	23.13	25.06	23.13	25.77	6.46
sh601611	10126	9511	5088	4664	667.65	97281	10.65	10.80	10.61	10.87	1.22
sh601599	-13170	-9382	8944	9639	1644.08	224592	6.62	6.61	6.45	6.67	-4.06
sz002661	-240	-784	0	0	-119.22	8458	14.17	14.08	14.00	14.20	-0.85
sh600746	-1573	-1533	-2962	0	-105.63	18422	7.86	7.89	7.75	7.93	0.51
sz002733	-2366	-1982	-2040	0	151.57	36827	17.30	17.59	17.19	17.69	-0.34
sz002731	369	0	0	0	24.85	5617	18.78	18.55	18.34	18.78	-1.22
sz002730	-14594	-14096	-12040	-3508	-1873.08	80184	13.80	13.42	13.40	13.89	-3.52
sz002041	-3713	-3638	-1641	0	-213.17	34052	12.40	12.44	12.13	12.46	0.40
sz002320	-890	-1682	-373	0	162.54	31658	21.70	21.66	21.44	21.78	0.09
sh603031	129	0	0	0	-47.03	5960	23.39	23.55	23.01	23.68	1.77
sz000425	-707930	-694243	-648353	-606127	46474.10	4304154	4.12	4.50	4.09	4.50	10.02
sh601689	-3030	-2378	0	0	-473.63	33130	24.94	24.58	24.26	24.94	-0.04
sz000421	6402	3774	1572	-655	32.73	89338	6.40	6.59	6.26	6.70	2.81
sz300054	-16418	-14539	-12008	-9106	-890.39	149564	11.66	11.59	11.28	11.72	-0.69
sz300057	-1368	-1404	0	0	-19.51	7503	9.97	10.06	9.87	10.08	0.60
sz300051	1223	909	537	0	188.08	25789	9.40	9.53	9.40	9.58	1.49
sz300119	964	648	0	0	21.82	7952	11.35	11.58	11.31	11.64	2.21
sh603399	-454	25	0	0	-151.96	23536	14.78	14.77	14.51	14.83	-0.07
sh600521	-3638	-1023	-1641	-1001	476.71	65184	28.99	28.93	28.53	29.24	-0.62
sz300059	7557	5396	8150	-852	-1366.12	410960	12.40	12.59	12.38	12.63	1.53
sh603393	4841	2684	-7	0	-1274.01	78517	40.57	41.58	39.51	42.87	1.07
sz300113	-1787	1756	933	1983	213.22	116084	18.20	18.39	18.08	18.65	1.10
sz300662	-103	0	0	0	269.23	7209	24.72	25.05	24.72	25.20	0.60
sh601500	4934	4682	3608	0	239.06	35832	9.45	9.80	9.42	9.92	2.83
sz300258	75	665	1016	1016	625.58	19160	14.52	14.65	14.35	14.76	0.27
sz300667	-397	-895	-517	0	501.35	17393	37.90	39.69	37.75	41.00	5.81
sz300665	1604	510	-89	0	741.02	27589	26.79	28.36	26.79	28.50	5.86
sz300701	-189	-445	-537	0	1122.63	26443	34.51	37.05	34.40	37.50	6.74
sz300703	508	0	0	0	775.60	14403	30.97	32.68	30.82	32.98	5.49
sz300702	87	0	0	0	182.90	22264	39.71	41.33	39.52	41.96	2.91
sz300705	-1516	-1961	-500	0	406.89	53654	25.45	27.09	25.45	27.62	4.23
sz300707	-405	-434	-4	0	217.96	32089	45.11	47.09	44.92	48.32	3.27
sh600963	-13942	-12523	-8304	-1726	-1331.02	93400	6.52	6.51	6.39	6.56	-0.15
sz002139	-554	-135	-186	-1131	-971.03	50604	11.43	11.47	11.40	11.62	0.17
sh600841	-950	-256	0	0	-94.32	11270	12.03	12.14	12.03	12.17	0.58
sh600219	58424	54857	50666	46908	-594.76	368204	3.55	3.58	3.53	3.59	0.56
sz300464	-1343	-1440	-748	0	-145.99	24717	11.55	11.71	11.50	11.83	0.77
sh600846	5207	730	2105	2802	-177.47	138737	9.14	9.27	9.06	9.28	1.87
sh600845	4012	2512	0	0	817.64	32226	18.30	18.49	18.08	18.50	0.60
sz300621	-505	-630	517	1017	-25.83	11105	18.56	19.10	18.50	19.11	3.64
sh603717	3811	2512	1547	1020	300.13	25588	26.65	27.49	26.64	27.64	2.61
sz002427	-4442	-1498	923	0	1030.76	78598	33.90	32.73	32.15	34.08	-3.48
sh603321	13400	14495	13814	13651	3267.61	99450	11.02	12.16	11.02	12.16	10.05
sh603089	160	0	0	0	26.23	7360	22.60	23.23	22.48	23.34	2.79
sh603326	1069	-348	0	0	49.48	14663	18.90	19.50	18.89	19.50	3.17
sz002789	464	208	0	0	-95.24	5591	39.15	40.00	39.15	40.49	2.01
sh603081	-1405	200	0	0	-117.24	21384	26.87	27.31	26.51	27.79	1.68
sh603086	-173	0	0	0	27.22	6631	36.02	37.14	35.85	37.42	3.11
sz002783	-734	-200	0	0	-79.26	7614	17.65	17.92	17.56	17.94	1.24
sz002429	9129	4310	-19	-4814	-3718.85	584806	3.72	3.64	3.55	3.74	-2.41
sz002781	-186	0	0	0	-64.38	4657	24.34	24.36	24.01	24.38	0.12
sh600367	3526	2704	803	0	2.66	25456	10.78	11.02	10.78	11.04	2.13
sh600362	12300	14608	18467	21057	21007.57	525968	18.00	18.87	17.92	19.06	3.85
sh600284	4870	3547	2135	0	68.21	62858	9.24	9.39	9.21	9.53	2.51
sh603817	11695	3314	-4017	-10145	1465.01	185934	12.26	13.51	12.17	13.52	9.93
sh603811	198	-225	0	0	136.49	12255	28.90	30.00	28.55	30.35	2.81
sh600283	-7559	-5391	-754	0	-783.37	57529	12.46	12.33	12.05	12.49	-0.24
sh600282	3269	10479	16247	10115	-2328.36	582874	4.66	4.71	4.61	4.72	0.64
sz300023	140	400	0	0	3.76	8642	10.78	10.80	10.63	10.83	0.47
sh603200	1625	17	0	0	1130.61	24764	38.60	41.54	38.49	41.56	7.45
sz300180	1481	1340	0	0	-57.93	5631	24.07	24.18	24.07	24.28	0.46
sh603517	9	0	0	0	184.85	4669	40.66	40.91	40.65	41.47	-0.05
sh603882	2244	1099	0	0	474.10	60607	31.80	32.83	31.55	33.50	2.02
sh603883	2623	1882	-550	0	2285.09	30146	61.51	63.99	60.70	64.48	3.88
sh603880	1405	635	0	0	391.34	26755	24.50	25.65	24.31	25.98	3.80
sz002558	-809	-777	0	0	-604.10	14476	35.68	35.40	35.25	35.73	-1.37
sh600216	-11376	-5936	-2408	1051	-583.95	116136	13.41	13.23	12.97	13.54	-2.07
sh600217	-12591	-12540	-11353	-7782	-604.28	86347	6.61	6.56	6.53	6.66	-0.76
sh603885	-849	-3437	-1705	0	-43.83	47800	14.23	14.87	14.22	14.93	2.20
sh603920	-2836	480	-2846	0	1961.21	68039	17.03	17.89	16.91	18.59	5.86
sh603665	0	0	0	0	-3.52	2206	30.05	30.57	29.63	30.75	1.76
sz002557	-2989	-1743	148	0	-303.53	33182	15.55	15.61	15.33	15.74	-0.06
sz000709	-8159	-8209	8222	3233	821.55	402191	3.80	3.82	3.78	3.83	0.26
sz000671	-39122	-33709	-27372	-25437	2156.00	373020	7.61	7.54	7.39	7.78	-0.92
sz000672	-15214	-8906	-8158	-5020	-1097.48	192056	9.91	9.89	9.72	9.99	-1.10
sh600064	-1535	-1059	-970	0	164.94	12673	14.00	14.05	13.94	14.06	0.36
sz000676	-2551	-2712	-1000	0	-236.13	14733	11.08	11.12	10.88	11.12	1.00
sh601898	14250	13897	16126	15698	308.53	99837	5.58	5.62	5.53	5.62	0.72
sh603860	-4301	-5333	-6833	-5663	29.06	32624	35.74	36.93	35.01	36.93	10.01
sz002815	682	320	0	0	240.41	12240	30.53	31.27	30.53	31.37	1.92
sz300231	5020	2103	-7841	-11350	-1994.11	410193	12.42	12.92	12.17	12.94	3.44
sh603866	-254	-254	0	0	-25.94	2992	38.55	39.25	38.55	39.29	1.03
sz000700	2106	3075	3462	3011	197.32	25078	5.54	5.56	5.51	5.57	0.72
sz300338	-184	-380	-615	0	61.54	5752	20.89	21.42	20.89	21.46	0.19
sz300688	-289	-382	0	0	117.79	23377	53.65	55.80	53.35	56.37	4.63
sz300689	709	130	-587	0	1005.97	27841	42.50	45.00	42.45	45.00	4.90
sz000601	3628	3327	6160	6816	61.16	49670	7.04	7.18	6.93	7.21	1.56
sz300681	136	0	0	0	173.10	8930	50.40	52.16	50.26	52.80	1.97
sz000608	5622	4313	241	0	28.45	30241	6.43	6.44	6.30	6.47	0.16
sz300686	3161	1446	0	0	437.18	20533	21.22	22.31	21.08	22.48	5.24
sz300687	692	254	0	0	698.18	10340	44.05	46.23	44.05	46.32	4.24
sz000415	-1367	3159	1356	-3995	-176.95	129510	5.67	5.76	5.66	5.78	0.88
sh600782	5901	7732	10862	14417	8355.51	654053	6.10	6.48	6.06	6.49	4.68
sz000417	11580	8957	6953	1051	-128.43	46384	7.93	8.14	7.91	8.18	2.65
sh600787	-7536	-7532	-2841	-5313	-2313.22	185465	11.07	10.83	10.69	11.12	-2.26
sh601718	12663	10387	5713	2979	364.35	83030	6.63	6.72	6.59	6.77	1.66
sh600667	1398	3118	6079	8487	-6809.54	836492	9.16	9.09	8.81	9.16	-1.62
sh603568	-790	-1492	1100	0	171.98	20795	20.89	21.21	20.86	21.38	1.39
sh600665	-2533	-2493	151	0	-51.60	21006	4.24	4.24	4.19	4.25	0.24
sz000780	-9992	-10128	-5672	-1019	-492.75	34036	4.93	4.90	4.80	4.95	-0.61
sh600661	-1620	-1574	0	0	539.11	22248	25.08	25.23	24.61	25.45	-0.67
sh600547	-6732	-8103	-1874	-1048	-3119.96	89865	30.45	30.29	30.10	30.45	-0.56
sz300521	-1088	-528	-721	0	6.52	15525	16.57	17.09	16.53	17.10	2.34
sz000999	-1965	-3132	-3006	-2015	647.06	37091	25.74	26.08	25.73	26.12	0.97
sz002675	-12661	-9796	-2620	0	-731.48	50524	12.34	12.02	11.86	12.34	-2.20
sh601398	7540	2887	-3880	-1384	10874.40	2165329	6.00	6.08	5.98	6.10	1.33
sz000895	-8777	-8036	-7711	-3842	-4826.39	102175	27.70	27.11	26.88	27.70	-2.34
sh603331	-80	200	0	0	85.73	15658	18.28	19.04	18.28	19.14	3.53
sz000899	55	-279	-89	0	73.30	14528	5.79	5.85	5.75	5.85	1.21
sz002124	-1197	-724	-534	0	-80.89	14320	8.32	8.38	8.21	8.39	1.09
sz002678	-397	0	0	0	-192.19	5367	10.87	10.84	10.76	10.92	-0.28
sz000779	129	17	0	0	-69.20	6711	13.51	13.73	13.50	13.79	0.96
sz000778	4323	-8899	-15834	-20819	-2876.90	182769	5.12	5.15	5.10	5.15	0.59
sz300233	-157	-803	0	0	-138.52	7299	19.20	19.00	18.80	19.20	-1.30
sh600529	544	503	0	0	-80.82	20394	20.62	20.67	20.57	21.09	-0.19
sh601006	84371	81521	78855	69075	1331.46	337245	8.89	8.98	8.84	9.01	1.01
sh601001	4927	-3494	-3158	-371	-644.21	73038	5.72	5.79	5.70	5.83	0.52
sh603335	5289	4673	3216	1500	581.99	69560	10.65	11.25	10.61	11.38	4.94
sz000529	-5168	-4873	-2098	-1275	-238.25	17032	6.79	6.80	6.71	6.86	0.00
sh601238	-8401	-8722	-3346	-2240	-1392.22	48174	24.60	24.28	23.94	24.69	-1.26
sz000521	3927	4139	2293	0	370.04	23041	5.03	5.06	5.01	5.07	0.60
sz000524	-293	586	0	0	-389.22	9185	11.48	11.49	11.44	11.54	-0.09
sz000525	-63	-829	-115	0	66.97	26544	20.18	20.20	20.11	20.33	-0.10
sz000151	4021	2773	-539	0	148.42	23732	12.18	12.47	12.05	12.58	2.89
sh601789	3020	3207	3035	-357	81.42	38684	4.47	4.54	4.45	4.54	1.57
sz002795	718	497	0	0	67.53	11821	15.36	15.57	15.20	15.64	1.30
sz300428	-1151	-1115	-534	-1936	-144.79	63585	19.67	20.45	19.35	20.76	2.97
sz300429	-372	-762	0	0	-695.09	13685	23.59	23.50	23.34	23.67	-0.34
sh600809	-2137	-1598	-671	0	-2183.37	37965	56.77	55.74	55.06	56.80	-0.94
sh603698	-450	-470	0	0	-29.73	8593	19.23	19.61	19.11	19.68	1.92
sh600713	1819	1936	3237	0	-15.85	35207	6.19	6.28	6.16	6.29	1.29
sz300425	2718	1785	847	0	-129.93	51806	10.33	10.62	10.33	10.80	2.12
sh600804	-3439	-7628	-5209	-666	-1034.48	74875	17.04	17.04	16.69	17.12	0.53
sh600717	11111	10467	7837	4222	790.80	50380	10.13	10.29	10.12	10.31	1.58
sz300421	70	218	0	0	50.42	5519	18.78	18.94	18.54	19.16	1.34
sz002582	14146	7754	8204	7451	-216.43	66701	11.55	11.86	11.45	12.00	2.24
sz002627	1260	952	500	0	61.40	6035	18.05	18.30	18.05	18.32	1.10
sz002079	1634	265	-2891	-9807	-3900.19	305112	9.29	9.18	8.92	9.35	-1.29
sz300296	383	3223	2124	1022	-731.86	62315	20.04	20.20	19.95	20.31	0.10
sh603367	687	719	1268	0	-1192.73	229703	19.91	20.63	19.78	21.34	4.30
sh603363	5817	7791	9308	8537	2767.32	83392	14.53	15.16	14.35	15.16	10.01
sz000631	2494	5924	7253	4063	163.63	47840	4.01	4.04	4.01	4.05	0.50
sz002370	-1838	-1143	-680	0	-98.48	9232	14.02	14.19	14.02	14.27	-0.91
sh603043	1271	907	904	0	-109.81	22933	18.61	19.15	18.54	19.20	3.07
sz002129	22456	25295	18462	10362	-1990.70	1400182	11.65	11.70	11.19	11.74	-0.17
sz000807	-24120	-22214	-17732	-11832	675.40	1018546	8.69	8.96	8.55	8.99	1.59
sh603599	-659	-394	-151	0	-574.12	38093	17.69	18.34	17.51	18.50	3.44
sz000553	6077	4714	612	0	622.21	41545	15.30	15.75	15.12	15.76	2.47
sz000552	-2226	-3583	-2384	429	-252.30	53127	3.40	3.42	3.38	3.42	0.59
sz002406	862	87	16	0	-30.40	23096	7.00	7.10	6.98	7.11	1.14
sh603997	-3087	-3144	-1431	-1431	-517.04	13951	11.50	11.46	10.35	11.51	-0.35
sh603917	1033	31	568	0	61.69	82325	24.50	26.06	24.33	26.92	5.93
sh600569	49269	48596	35358	20703	162.39	438312	4.53	4.61	4.48	4.62	0.66
sz300065	-2505	-1431	0	0	-634.10	25178	17.40	17.66	17.40	17.85	0.34
sz300438	-1395	-994	-532	0	-331.87	17984	29.71	29.69	29.10	29.78	-0.03
sh603808	-185	-200	0	0	-91.00	5750	22.09	22.14	22.06	22.50	0.00
sz300063	5049	4398	3245	0	324.36	46085	5.38	5.50	5.37	5.52	2.23
sz300639	1755	1810	1128	1128	881.22	27835	68.56	70.76	68.43	70.78	2.70
sh603809	1965	1886	0	0	147.05	41443	33.30	34.89	33.12	35.35	4.21
sz300144	454	650	943	1000	144.73	39985	18.71	18.73	18.56	18.86	-0.27
sz002402	-10732	-15614	-11023	-9994	-2672.58	142550	9.22	9.22	9.00	9.36	0.22
sz300635	-140	-2149	-6029	-7436	-106.01	49924	18.88	20.20	18.88	20.32	5.26
sz300637	-242	109	95	0	-241.64	9080	20.19	20.66	20.02	20.73	2.58
sz002290	-1281	-445	0	0	156.62	10653	12.72	12.77	12.60	12.80	0.31
sz002298	-2186	-690	45	0	-28.33	23701	8.83	8.95	8.83	8.96	0.79
sh603626	7002	4762	3602	2012	478.04	42916	27.50	27.73	27.21	28.09	0.76
sz002100	5085	4606	2549	1200	541.52	21739	7.90	8.06	7.85	8.10	2.03
sz002101	-1718	-168	502	0	-168.38	14089	21.20	21.37	21.09	21.44	0.05
sz002515	-35	499	923	0	-68.76	19166	8.41	8.44	8.35	8.46	0.36
sz002513	1649	1575	0	0	-46.53	8634	9.92	9.96	9.86	10.03	0.61
sz002869	418	214	0	0	-165.33	9082	29.66	30.33	29.26	30.44	2.64
sz002106	-11261	-8454	-3677	-1790	-396.96	79356	10.10	10.13	10.08	10.24	0.50
sz002107	-64	0	0	0	-1.68	3133	11.60	11.59	11.51	11.69	-0.09
sz002456	-4590	-6982	-3390	-2565	5670.70	302126	19.85	20.26	19.81	20.57	2.32
sz002455	-3732	-3584	-4072	-1300	-489.49	46694	9.22	9.25	9.16	9.40	-0.11
sz002450	-10318	-8750	-5611	-7166	-6318.80	388709	22.45	22.02	21.60	22.55	-1.87
sz002518	-4053	-3155	-2155	-1112	-74.10	18898	16.95	16.91	16.79	17.08	-0.24
sh600436	1817	1446	0	0	-871.59	27705	64.35	64.28	63.81	64.82	0.36
sz002859	293	5	0	0	231.86	9466	33.48	34.04	33.48	34.21	1.58
sz002852	-185	-266	0	0	45.17	9482	31.91	32.53	31.80	32.75	2.26
sz002853	424	-532	-1065	-1065	379.96	23755	30.57	31.75	30.52	31.86	3.05
sz002851	-146	0	0	0	85.81	4440	33.70	34.19	33.37	34.50	1.88
sz002856	-541	-1287	-2006	-1050	5161.69	47924	44.46	44.76	44.46	45.15	0.67
sz002857	-132	0	0	0	-44.90	3839	26.32	27.00	26.32	27.30	0.41
sz002855	1564	876	1085	0	615.71	31832	12.66	13.27	12.66	13.34	4.00
sh603825	666	126	0	0	605.03	10898	29.05	29.96	28.89	30.12	3.13
sh603826	61	385	1044	0	109.84	79497	15.01	15.60	14.91	15.89	2.63
sh601991	-396	-1803	-2746	-2144	42.90	54901	4.17	4.19	4.16	4.20	0.24
sz000666	595	955	553	0	234.63	31176	19.52	19.41	19.25	19.74	-0.51
sh601997	5484	9064	5435	2812	-942.79	129405	13.47	13.58	13.40	13.75	0.67
sh603822	273	0	0	0	-95.23	10199	33.21	34.62	33.03	35.00	3.81
sz002876	-954	0	0	0	51.78	11524	59.75	60.98	58.38	61.71	2.82
sh603980	3601	2051	555	0	1143.02	48534	19.73	20.54	19.68	20.68	4.11
sh603985	179	0	0	0	-53.81	5509	35.28	36.59	35.09	36.78	2.81
sz000937	3552	654	-8530	-7671	-663.66	165081	5.55	5.58	5.49	5.60	0.36
sz000936	-8530	-7957	-9887	-5432	-232.28	110916	6.65	6.66	6.57	6.72	0.76
sz000858	-12214	-9872	-9948	-5871	-17022.50	238166	80.39	79.47	78.50	80.69	-1.35
sh603360	-436	-435	0	0	135.35	9378	20.35	21.28	20.35	21.33	3.75
sh603138	-2559	-3203	-1230	0	-2637.14	78497	47.20	47.45	45.50	47.51	-0.63
sh603139	-146	218	0	0	28.78	17674	24.39	25.35	24.28	25.66	3.01
sh603136	334	-6	0	0	1084.93	16313	40.19	42.17	39.52	42.34	5.50
sh600982	-2249	-1736	-1987	-2831	-44.32	60976	4.35	4.40	4.29	4.42	0.69
sz002206	-3788	-4074	1410	1089	-430.72	42892	5.95	5.92	5.85	5.95	-0.84
sh600980	-206	496	0	0	-30.17	13535	14.59	14.89	14.51	14.90	2.48
sh600509	-3271	-1903	-2279	1713	-311.64	62052	6.90	6.95	6.80	6.96	0.87
sh600115	41111	41031	33582	20865	20626.10	1406876	7.92	8.32	7.92	8.37	4.26
sh600502	-30610	-33734	-29937	-14448	-2623.38	118678	6.87	6.87	6.76	6.87	0.29
sh600051	-1893	-1674	-750	0	-176.36	12207	9.50	9.54	9.44	9.59	0.42
sz000488	-647	1411	3488	4315	886.48	117433	16.02	16.14	15.91	16.24	0.94
sh603926	623	773	0	0	449.02	13916	25.85	26.67	25.78	26.91	3.41
sh603527	4631	1556	-483	0	-162.11	65942	27.10	28.67	27.10	28.75	7.10
sz002637	75	843	610	0	-155.87	10802	10.98	10.98	10.84	11.03	0.00
sz002635	3727	3999	-620	0	3373.80	94289	25.98	26.50	25.75	26.88	2.71
sz300204	-1259	-1203	0	0	-161.00	10093	13.52	13.66	13.50	13.70	0.96
sz300200	366	200	0	0	-13.61	6987	9.63	9.74	9.59	9.75	0.52
sz002695	3170	2162	0	0	-92.72	30866	16.92	17.08	16.90	17.21	1.12
sh603311	456	0	0	0	-79.86	5970	15.50	15.70	15.42	15.75	1.29
sz300365	0	0	0	0	-18.69	2034	31.45	31.35	30.92	31.50	0.03
sh600029	18478	16068	9281	10810	3950.40	859866	12.01	12.30	11.98	12.45	2.67
sh601127	-2376	-2015	-939	0	-567.21	27180	19.59	19.59	19.35	19.74	0.00
sz000635	-2400	-1958	-1950	0	-55.34	17464	14.30	14.35	14.17	14.50	0.56
sz000980	-6738	-5523	-1582	-1150	117.73	92119	11.45	11.51	11.24	11.51	-0.09
sh600325	-6849	-5569	7398	5172	756.76	133242	7.15	7.22	7.13	7.25	0.56
sh600021	2990	3001	1343	1258	189.67	27310	9.06	9.13	9.01	9.18	1.00
sh600020	26852	24535	20411	17614	803.29	133419	4.74	4.83	4.71	4.85	1.90
sh600188	20608	9494	10841	1003	-4456.56	284319	14.13	14.48	13.70	14.49	3.13
sz000985	53	-14	0	0	-20.85	7096	19.80	20.10	19.70	20.14	0.70
sh600893	-835	-1402	-1838	0	-1281.78	24738	27.16	27.25	26.93	27.28	0.85
sz000567	-2628	-733	1320	0	575.95	40666	23.69	23.69	23.24	24.13	-0.38
sz000568	-8413	-5097	-842	0	-5321.67	81488	66.58	65.34	64.75	66.80	-1.57
sh600757	7380	7000	4096	-819	895.27	59775	6.78	6.87	6.76	6.89	1.48
sh600755	12083	7291	3872	3284	-583.34	114064	9.55	9.69	9.55	9.71	1.57
sh603797	-17431	-12645	-6061	2428	6172.24	77453	19.06	20.97	19.00	20.97	10.02
sh600758	79	2520	1013	933	-45.15	51617	7.15	7.24	7.12	7.40	1.12
sz002742	21580	21011	18750	13731	416.71	81510	20.57	20.62	20.15	20.80	0.10
sz002707	5686	3714	1307	0	344.61	40594	10.34	10.58	10.34	10.78	2.22
sz002705	-233	439	0	0	382.83	11703	12.56	12.65	12.56	12.66	0.24
sh603848	16345	12161	2284	1892	1562.04	172917	19.01	20.42	18.93	20.86	6.24
sh603557	-2986	-2500	-3618	-3618	123.15	60765	15.12	15.86	15.05	16.16	4.27
sz300511	-1922	-2251	-508	0	799.25	27712	23.50	24.46	23.49	24.55	5.34
sz002701	-10878	-9247	-6658	-2436	-945.24	49813	6.24	6.24	6.20	6.29	-0.48
sz300514	530	178	0	0	-18.07	18011	26.80	27.67	26.52	27.98	3.02
sz002332	2502	-413	-2159	-2000	-79.63	41881	8.48	8.52	8.44	8.63	0.59
sz000597	-16635	-13643	-9562	-3534	-455.01	75663	12.06	11.90	11.85	12.12	-1.33
sz002709	-1969	-1450	-1188	-1188	-1958.78	46022	46.04	44.83	43.60	46.57	-2.97
sh601872	-15589	-15142	-9287	-346	-318.15	98333	4.41	4.40	4.35	4.42	-0.90
sz000021	2907	2543	-440	-4178	-362.66	153861	9.43	9.59	9.38	9.64	1.48
sh600552	-6436	-6004	216	-387	-599.25	80610	7.50	7.34	7.31	7.63	-1.61
sh600507	12037	6723	1536	-1691	-4795.34	315752	12.52	12.46	12.23	12.54	-0.40
sz000027	-2247	-1734	-1500	-1931	-393.44	44387	6.04	6.07	6.03	6.08	0.17
sh603380	1945	1532	0	0	390.69	19401	19.49	20.21	19.31	20.30	4.50
sh603385	442	305	0	0	-159.26	19017	21.40	21.81	21.36	21.88	1.82
sh603387	8	0	0	0	392.84	14124	60.02	60.57	59.60	61.47	0.92
sh603386	6103	2068	-4846	-2111	16.87	128677	15.82	16.55	15.75	17.07	4.55
sh603388	-264	-114	0	0	35.50	18924	18.28	18.47	18.11	18.50	1.43
sz002092	-11484	-11353	-8570	-7006	-1386.55	128908	12.94	13.07	12.94	13.10	0.54
sz300102	3422	3318	-1607	-4892	-7229.41	449909	10.49	10.38	10.05	10.52	-0.76
sz002091	2880	3026	1612	0	254.13	47542	8.73	8.78	8.61	8.79	0.92
sz300677	1076	166	0	0	1262.90	30580	51.36	53.28	51.13	54.25	3.68
sz300670	-104	-585	-600	0	66.44	13902	21.16	21.97	21.16	22.19	3.24
sh600978	-414	222	658	3159	-314.72	46757	8.48	8.59	8.43	8.64	0.94
sz300166	19669	16703	8790	6371	1680.89	124483	12.68	13.09	12.31	13.16	3.23
sz000596	-1043	-771	-510	0	-2647.02	28897	66.60	65.60	65.06	66.86	-1.74
sh600970	15543	12029	6697	-2180	-585.68	245363	9.25	9.31	9.11	9.33	0.87
sh600874	11641	15007	11256	8240	7252.49	267600	12.68	13.19	12.66	13.20	3.29
sz300470	-245	-245	0	0	71.95	3140	38.40	38.89	38.20	39.00	1.28
sz300477	-8942	-9267	-8633	-6577	151.01	38648	21.86	21.88	21.15	21.89	0.09
sh600873	6372	1976	1257	-1041	-317.66	103535	5.12	5.16	5.11	5.17	0.78
sz002145	-12063	-12497	-5847	6062	-143.41	124001	5.82	5.87	5.80	5.90	0.51
sz002416	-3142	-3004	-1166	0	-14.62	25450	9.38	9.37	9.32	9.45	-0.11
sz002143	3773	6074	8541	6425	-40.71	60957	13.04	13.18	12.89	13.25	0.53
sh603316	1736	392	926	0	-24.91	55531	13.85	15.11	13.72	15.48	7.32
sz002790	-19	0	0	0	22.57	4607	26.08	26.46	25.95	26.59	1.46
sz002388	433	122	670	0	1.12	17004	7.67	7.83	7.67	7.84	0.51
sh603099	401	270	0	0	20.81	6044	11.51	11.69	11.43	11.74	1.48
sz002026	-4969	-2622	-397	0	-180.22	32161	8.09	8.11	8.00	8.14	0.00
sz002796	-91	-200	0	0	59.74	4620	28.32	28.55	28.07	28.83	1.53
sz002798	-98	-4	0	0	-602.49	10961	54.63	54.59	53.80	55.40	-0.02
sz002741	-1297	-669	0	0	-169.19	9094	15.03	15.10	14.80	15.14	-0.33
sz002384	1189	1366	448	0	-1394.29	46266	28.22	28.15	28.08	29.01	-0.53
sh603922	1268	519	0	0	174.72	31178	26.21	27.62	25.95	27.96	5.26
sh600270	-2271	-2712	-643	0	-319.64	27835	17.05	17.12	16.91	17.15	0.23
sz002897	-580	-275	-629	0	-624.49	39956	37.30	38.92	37.30	39.55	3.68
sz002895	4993	247	-1224	-1364	-521.39	82331	23.76	24.76	23.61	25.29	3.21
sz002892	787	203	539	0	398.65	30140	35.91	38.27	35.91	38.48	6.57
sz002893	4702	4175	266	923	1792.58	78708	27.36	28.92	27.01	29.42	4.22
sz002890	819	200	0	0	368.93	12740	31.80	33.40	31.51	33.91	4.80
sh600277	14300	9037	7453	3616	52.91	102240	6.21	6.41	6.21	6.45	2.56
sh600279	1739	1410	57	0	-300.55	21339	5.74	5.79	5.74	5.81	0.87
sz002899	3463	2229	1036	1036	509.95	33730	26.49	28.51	26.36	29.17	6.62
sz300033	-2026	-741	-736	0	-2044.24	24556	49.98	50.25	49.81	50.35	0.54
sz300525	-124	0	0	0	77.94	2218	41.02	42.72	41.02	42.77	4.20
sz002810	891	41	-743	0	-1007.20	28466	22.63	23.76	22.63	23.95	5.27
sz000039	3861	949	-1760	-6971	2607.20	190370	21.75	22.10	21.40	22.24	1.42
sz000023	-5614	-6491	-4115	-3507	-290.17	45744	21.92	21.11	21.03	21.92	-5.97
sz300602	-140	0	0	0	40.65	2878	50.97	52.59	50.62	53.50	2.51
sh603179	26	-200	0	0	84.33	7797	35.68	36.54	35.62	36.90	2.21
sz300605	439	-28	0	0	424.29	9824	25.71	26.80	25.71	27.26	4.24
sz300607	-831	-489	0	0	-51.36	8983	66.66	68.20	66.05	68.27	2.40
sh601699	-27290	-28983	-23341	-17178	-4663.84	683748	10.85	11.02	10.56	11.10	1.94
sh600535	-1218	-999	0	0	-0.09	20533	36.43	36.09	35.91	36.50	-0.96
sz002245	16401	14278	5301	914	-4016.97	316308	10.97	10.80	10.55	10.97	-1.28
sz002242	1147	928	0	0	176.25	18448	16.80	17.06	16.80	17.09	1.49
sh603677	-23	0	0	0	-31.93	7157	24.05	24.12	23.59	24.51	0.46
sz002567	-15597	-14201	-5886	3677	-675.09	88351	7.10	7.15	7.07	7.24	0.99
sz002562	-16435	-16411	-12552	-6168	-1185.65	78486	16.57	16.35	16.24	16.69	-1.03
sh603898	-1118	-300	0	0	267.94	11824	28.68	28.35	28.12	28.87	-0.80
sz002668	1309	1217	682	0	-12.89	13617	18.53	18.39	18.20	18.80	-1.55
sh603777	1502	632	0	0	619.44	14928	25.42	26.24	25.42	26.49	2.58
sh600017	13139	12927	10287	6053	-116.54	67465	3.88	3.89	3.87	3.90	0.26
sh600011	-4555	-4883	-3435	-2708	235.04	59179	6.32	6.35	6.31	6.40	-0.63
sh600018	8575	6706	2885	-3795	1806.57	356733	6.66	6.80	6.66	6.85	2.87
sh600019	1999	-846	-5249	-10023	-4971.14	355345	8.30	8.35	8.23	8.38	0.24
sz002277	4365	5958	12519	-4406	-246.97	79852	5.93	5.90	5.79	5.94	-0.34
sh603879	64	287	0	0	10.26	18669	17.26	17.73	17.21	17.77	2.90
sh600380	-9107	-6646	-3548	597	-1025.99	221718	11.09	11.19	11.06	11.37	1.54
sh600382	-9662	-7773	-4962	0	-600.99	32310	12.58	12.50	12.44	12.64	-0.95
sh600383	44459	44656	48593	38080	-4695.80	528325	12.19	12.55	12.13	12.62	2.87
sh600172	9245	10647	5157	7201	253.31	77515	8.39	8.54	8.39	8.59	1.67
sz300327	-5464	-3964	-2357	0	-3832.03	56259	31.75	31.54	30.75	31.81	-1.22
sz300088	-26879	-27005	-10742	-7773	-5186.24	360619	8.08	8.04	7.98	8.14	-0.50
sh600895	2139	649	1517	193	-277.63	44829	14.24	14.29	14.13	14.55	1.13
sz300081	2228	1500	226	1110	-149.18	24477	9.94	10.09	9.93	10.14	1.20
sz002714	-1110	-959	232	0	-1292.79	41973	53.33	54.11	52.10	54.35	0.91
sz300698	-1752	-2220	-841	-1270	-1738.21	91031	27.68	27.80	27.50	29.38	-2.11
sz002097	38883	33892	24071	13082	2060.01	125702	7.16	7.51	7.12	7.63	4.74
sz300693	308	-1002	-531	0	519.35	26121	33.55	35.28	33.55	35.80	4.63
sz300692	513	-2059	-1257	-1257	-2629.57	83832	42.06	44.35	41.75	45.40	4.53
sz300643	-5757	-3696	-1060	0	-523.38	54219	13.40	13.65	13.26	13.88	0.37
sz300697	1268	-1878	-2262	-3054	-3879.57	130244	23.90	24.30	23.51	25.05	4.70
sh600377	5243	3800	1975	2274	66.01	28034	9.84	9.91	9.84	9.91	0.71
sh600891	-902	143	500	0	-36.87	16010	7.55	7.59	7.52	7.64	-0.91
sh600793	0	0	0	0	-132.10	8520	23.21	23.06	22.72	23.21	-1.28
sz000012	6558	5655	1095	1953	86.30	105027	8.13	8.23	8.06	8.27	1.60
sz000404	10685	10766	10597	8597	113.19	51250	6.09	6.19	6.08	6.21	1.64
sh600795	27364	22513	17878	15141	-915.92	434335	3.06	3.07	3.03	3.08	0.33
sz000018	-22730	-28975	-37013	-34470	-3445.23	135764	5.95	6.06	5.95	6.15	-0.33
sh600121	-4696	-4902	-2388	0	-184.89	29910	5.81	5.84	5.79	5.86	0.34
sh600650	-2331	-1769	-1160	0	-311.16	56396	14.30	14.84	14.30	15.43	4.95
sh600123	24860	24250	17194	10188	-602.43	230373	9.08	9.24	9.00	9.26	1.32
sh600657	9099	8973	10041	6836	374.59	64063	5.49	5.53	5.47	5.54	0.73
sh600655	-4223	-2210	-1452	2102	-503.74	50214	10.44	10.54	10.41	10.56	0.96
sh600498	-2319	-1988	817	1958	-2329.70	67815	30.72	30.77	30.12	30.99	-0.16
sh600499	-1734	-1856	-9134	-5076	-852.80	168199	10.90	10.93	10.75	11.00	0.18
sh603456	2954	2626	2105	0	277.10	8218	15.49	15.56	15.33	15.65	0.19
sz002746	-943	417	0	0	-459.70	16540	24.50	24.41	24.21	24.69	-1.89
sh600491	-3692	-4757	-5325	-4656	-570.32	45218	9.66	9.63	9.49	9.68	0.10
sz002748	1875	450	0	0	410.04	14059	14.47	14.90	14.37	14.98	2.83
sz002749	218	218	0	0	-142.52	3275	62.06	63.12	61.75	63.29	1.84
sz000078	-10662	-9706	-6683	-7063	-512.86	87544	5.80	5.83	5.79	5.86	0.52
sz000798	-1277	-435	0	0	32.73	8667	8.23	8.32	8.18	8.34	0.73
sz300554	108	0	0	0	4.21	9863	60.13	62.37	59.80	63.38	3.73
sz000880	-8054	-9394	-8756	-8723	-575.89	47003	9.65	9.49	9.32	9.65	2.04
sz000887	-525	707	287	244	476.00	49231	16.75	16.91	16.61	16.96	1.08
sz300558	-1182	-197	500	0	-2849.92	28190	66.11	64.10	63.20	66.90	-3.46
sz300254	-752	-160	1017	1700	-192.08	16700	10.13	10.27	10.02	10.29	0.69
sz000060	4082	2957	-46	-2053	-576.71	240174	10.41	10.56	10.30	10.57	1.05
sz000062	215	-249	0	0	1.22	10886	23.26	23.52	23.21	23.54	1.12
sh601015	-6922	-6716	-2482	-68	-1474.23	231732	10.21	10.17	9.70	10.25	0.79
sz000069	46976	42453	17911	3585	4872.62	619624	7.95	8.33	7.93	8.34	5.04
sh601939	-22257	-12141	-2863	-13257	17067.60	920589	7.41	7.54	7.35	7.54	1.89
sh600153	29829	29940	18395	17825	3072.34	111173	10.73	10.87	10.70	10.95	1.40
sz002521	-3339	-2377	-303	264	-549.00	24809	8.90	8.79	8.60	8.90	-0.90
sz300487	-838	-500	0	0	23.27	9114	16.47	16.60	16.30	16.64	1.28
sh600833	-1088	-300	0	0	-103.69	6556	14.00	13.96	13.82	14.02	-0.29
sz000088	2612	3650	1169	828	252.34	33518	7.45	7.55	7.44	7.65	1.34
sh601633	-3380	-1702	-529	1218	-644.73	39301	11.40	11.36	11.25	11.44	-0.18
sh600835	-5445	-7595	-7022	-2304	-6511.01	223381	26.25	25.76	25.03	26.62	-2.28
sz002597	-1886	-395	-2007	0	146.43	78419	25.46	25.58	25.18	25.68	0.43
sh600727	425	-1216	-654	0	-164.98	18104	7.32	7.42	7.29	7.47	1.37
sz300435	-494	-667	-857	0	-93.75	9017	15.50	15.84	15.48	15.98	0.38
sz002594	13396	9818	3373	1006	3586.83	102636	62.39	63.36	62.01	63.95	2.21
sz300433	833	-908	2257	0	-4647.23	105138	28.42	29.21	28.20	29.87	2.74
sz300430	-293	-473	0	0	-178.96	7515	19.39	19.48	19.08	19.50	0.26
sh603421	125	0	0	0	65.40	5943	25.30	25.58	24.81	25.79	2.32
sh603357	10465	5714	2469	1307	1035.54	71149	20.80	21.73	20.75	21.84	4.87
sz002069	-3882	-3101	-1559	-1000	-189.60	20148	7.88	7.84	7.70	7.88	-0.63
sz002068	-35686	-32157	-27097	-23997	-5820.62	217991	9.82	9.35	9.31	9.87	-4.98
sh603050	57	0	0	0	96.65	12950	18.93	19.50	18.93	19.59	2.36
sh603359	4101	1673	0	0	1063.51	31059	32.90	34.46	32.70	34.65	4.42
sh603055	12963	13073	3163	0	1375.24	110682	15.66	16.72	15.58	17.30	5.89
sz002062	125	1875	2314	1013	107.21	21067	5.27	5.29	5.16	5.30	0.38
sz002061	8031	7921	309	-3930	25.88	106344	15.30	15.31	14.66	15.46	0.00
sh603586	612	273	0	0	233.07	14355	23.07	24.00	23.00	24.09	3.99
sz002696	584	455	0	0	-1.00	4583	18.79	18.80	18.52	18.87	0.11
sh603225	2363	1526	0	0	517.95	27650	34.00	34.82	33.85	35.18	2.11
sz002690	-429	-1118	0	0	-321.96	18576	19.40	19.28	19.02	19.40	-0.05
sz002340	19066	14696	6675	2417	-1310.51	394820	6.94	6.96	6.86	6.98	-0.29
sh603580	-266	-200	0	0	73.17	9846	28.62	29.84	28.62	29.96	3.58
sz002698	340	-190	0	0	44.79	8515	9.76	9.78	9.66	9.82	0.51
sh603589	2735	2704	840	1022	-3421.11	59687	45.56	45.78	43.83	45.85	0.39
sh603906	718	-34	0	0	195.70	17356	14.57	15.22	14.53	15.29	4.10
sh603768	581	265	0	0	59.17	12425	17.55	18.08	17.50	18.16	3.20
sz300075	1745	852	0	0	-135.15	28975	16.08	16.10	15.90	16.13	1.00
sh603908	0	0	0	0	-27.73	3720	33.72	34.75	33.24	35.20	2.60
sz300073	-4731	-3116	-1736	-1146	-1048.64	63836	25.60	25.77	25.18	25.98	0.43
sz000333	-11068	-5751	-3591	-1621	-11049.20	349156	57.81	56.30	55.55	57.88	-2.71
sz300648	-116	0	0	0	-405.03	2639	68.03	69.65	68.03	69.99	1.83
sz300641	1476	1381	517	0	215.68	17018	14.10	14.71	14.10	14.85	3.66
sz300178	-825	-681	0	0	98.75	13935	13.15	13.28	13.11	13.38	0.91
sz002283	305	1501	-2321	-1715	14.98	51069	5.53	5.64	5.49	5.66	1.99
sz300720	762	-327	-860	0	347.61	45114	30.78	32.17	30.78	32.86	3.67
sh600900	-35043	-38214	-39786	-23639	-9082.40	268448	16.29	16.12	16.11	16.29	-1.29
sh603377	1210	1151	0	0	-20.10	14858	39.86	39.80	39.41	40.05	-0.45
sh603637	-1244	-804	-716	0	-85.86	12796	23.49	23.52	23.39	23.98	0.26
sz300481	853	26	-724	0	499.28	13335	21.28	21.66	21.12	21.69	1.79
sh603630	-383	-250	0	0	3.13	10492	26.45	27.10	26.39	27.30	2.46
sh603226	552	-723	-514	0	-440.74	14310	29.25	29.95	29.10	29.97	2.04
sz002111	-845	-915	0	0	27.51	9028	14.20	14.34	14.20	14.50	0.99
sh603730	1566	433	0	0	222.83	13570	34.60	35.40	34.60	35.44	2.49
sh603223	-125	0	0	0	15.48	3453	24.84	24.58	24.30	24.84	-0.97
sz002114	-3289	-3120	-2127	-2127	-106.67	15695	17.30	17.25	17.05	17.30	-0.58
sz002588	-8288	-8796	-9187	-9496	-97.03	32041	6.60	6.67	6.60	6.68	1.21
sh603229	2875	1460	0	0	118.38	24737	16.80	17.49	16.71	17.78	2.52
sh600004	2856	712	2280	1906	-1686.64	122535	14.69	14.75	14.60	14.88	0.20
sz002285	14113	10790	11123	4102	-8028.45	506436	11.59	11.27	11.00	11.70	-2.17
sh603286	261	332	0	0	-487.23	20526	36.91	37.17	36.70	37.96	0.27
sz002016	-29239	-25126	-14674	-6947	-2026.96	114210	10.29	10.21	10.13	10.41	-1.92
sz002271	1243	1049	1017	0	1601.72	37979	40.00	39.78	39.28	40.00	-0.18
sz002878	1353	1225	0	0	495.80	19095	35.00	36.74	34.85	36.97	4.94
sh600231	-179	496	-11170	-10331	-1119.45	299788	5.01	5.05	4.92	5.08	0.20
sh600308	-35192	-35395	-23628	-11076	-2504.73	147429	6.26	6.20	6.08	6.28	-1.43
sz002873	-352	-222	0	0	539.41	11042	39.59	41.30	39.59	41.51	3.07
sh603026	708	471	0	0	-120.15	11049	24.06	24.21	23.87	24.35	0.62
sh600684	9394	9252	7051	6612	391.65	40164	5.94	6.02	5.94	6.02	1.35
sz300043	3395	1750	-678	1385	-211.65	34874	6.09	6.16	6.08	6.17	1.32
sz300650	-320	-376	0	0	398.75	10214	34.12	35.45	33.95	35.70	3.90
sz000786	-15664	-12169	-7881	-7499	5890.41	236269	23.22	23.41	23.01	23.60	0.34
sh603989	684	-1151	-1364	0	-1080.87	26149	37.71	38.37	37.60	38.88	2.35
sh603197	-138	0	0	0	386.71	9963	53.50	54.81	53.50	54.98	2.49
sz000723	-4999	-2260	786	485	121.63	50230	7.03	7.03	6.96	7.08	0.14
sh600037	-424	-924	633	0	-467.28	31209	12.61	12.79	12.61	12.88	1.03
sz002735	194	206	0	0	129.06	6048	32.08	33.49	32.03	34.80	5.51
sh603881	-523	788	0	0	-424.30	61681	47.67	47.52	45.88	47.99	-0.94
sz300031	-1143	262	1	0	824.26	29728	15.38	15.05	14.78	15.38	-2.02
sz300609	308	-56	0	0	63.74	11749	35.15	35.87	34.72	35.95	2.19
sh603896	330	329	0	0	-1467.07	36356	59.00	59.55	57.68	60.68	-0.10
sz300241	-627	-277	-668	1012	377.55	47939	17.61	17.82	17.36	17.93	-0.34
sz002448	-1187	-434	0	0	63.96	16584	8.81	8.87	8.80	8.91	0.68
sz000338	17755	18069	19554	21521	6173.50	788690	8.13	8.30	7.91	8.32	2.09
sz300647	-3585	-2059	0	0	-1085.26	28187	19.30	19.95	19.21	20.16	1.63
sz300640	-45	0	0	0	-92.06	4643	24.32	25.08	24.32	25.30	2.16
sz000157	36755	39727	49587	41684	8459.60	985284	4.28	4.49	4.25	4.54	5.15
sz000090	2099	1022	-700	-1392	288.36	39941	9.89	10.04	9.89	10.07	1.62
sz300214	-9582	5614	737	-1340	-1146.65	162964	4.88	4.87	4.73	4.89	-1.02
sh600580	-8096	-7429	-2435	-2270	60.99	162523	8.00	8.04	7.93	8.25	1.77
sz000877	-8139	-7100	-4022	-4382	538.01	106139	10.24	10.32	10.16	10.35	0.58
sh603605	7609	3910	509	0	2354.65	83846	27.19	28.40	27.16	28.62	4.18
sz000957	8694	8526	5286	5858	-69.35	47868	10.30	10.54	10.15	10.70	1.44
sz300543	-315	-440	0	0	-52.84	12625	29.55	30.22	29.32	30.38	1.92
sh603500	5109	1420	-293	0	624.55	37788	24.01	25.80	23.71	26.07	7.46
sh600356	1123	834	516	0	84.88	9626	8.15	8.26	8.11	8.28	1.35
sh603963	5617	4348	1005	-1501	1233.41	73208	27.68	30.29	27.67	30.29	9.99
sz300394	577	0	0	0	93.02	7024	22.35	22.56	22.15	22.81	1.71
sz002905	1058	125	0	0	1111.16	27094	33.22	34.81	33.22	35.27	4.22
sz002898	4484	378	-1631	-3442	-45.42	92858	20.00	21.52	19.80	21.98	7.28
