sh600990	-1343	0	0	0	-2135.30	31080	55.70	52.28	51.58	56.02	-6.56
sh600999	-23769	1295	279	0	-1764.67	183750	18.05	17.73	17.70	18.15	-1.77
sh600998	-1292	0	0	0	-431.16	33998	18.35	18.17	18.11	18.48	-0.66
sh600518	-6137	-1420	-3010	0	371.30	210896	22.20	21.92	21.87	22.44	-1.04
sh600511	-9148	0	0	0	256.19	49646	28.10	27.01	26.89	28.20	-4.19
sz002831	-358	0	0	0	152.25	10923	60.28	59.82	59.80	60.56	-0.75
sz002832	-200	0	0	0	5.57	1444	58.39	57.00	56.80	58.40	-1.89
sh600195	310	3039	3039	0	-595.45	46566	20.05	19.60	19.38	20.05	-1.85
sh601117	-103940	-46439	-21974	0	2092.38	448283	7.23	7.02	6.99	7.23	-2.64
sh600600	-3994	0	0	0	716.64	85987	42.12	42.80	42.12	43.80	1.37
sz300004	2087	3007	0	0	890.49	65227	10.00	10.25	9.90	10.33	1.79
sh600335	-23432	-3870	1048	0	-2160.16	112558	11.43	10.53	10.43	11.43	-7.55
sz300316	-24404	-5371	-2004	0	1911.37	183445	19.09	19.00	18.38	19.50	0.11
sz300317	-16272	-551	4133	0	-3382.25	112388	15.10	14.07	13.95	15.12	-6.70
sh603508	0	0	0	0	-219.90	6628	38.98	37.70	37.60	38.98	-3.31
sh603507	-1865	0	0	0	-1251.35	55741	41.00	41.03	40.65	42.75	-1.82
sz300267	-43866	-9587	-17898	0	2984.05	209478	6.66	6.74	6.56	6.75	0.60
sz300265	233	1041	0	0	-125.99	16093	9.00	8.81	8.75	9.07	-2.97
sz300658	-210	0	0	0	-144.34	5008	29.40	28.50	28.00	29.40	-3.42
sz300655	0	0	0	0	-102.93	11744	27.10	25.82	25.55	27.20	-5.42
sz300653	0	0	0	0	-271.39	7137	34.38	32.40	32.11	34.38	-5.76
sz002530	580	0	0	0	634.65	25119	22.90	24.70	22.40	24.90	6.01
sz002221	-13186	3789	15	0	-1897.19	178951	12.81	12.76	12.61	13.01	-1.09
sz000860	-2197	0	0	0	-425.66	55986	19.14	19.07	18.98	19.53	-0.37
sz300015	-16573	-4617	0	0	-3526.10	103151	33.63	33.45	32.90	34.61	-1.93
sh603535	-508	0	0	0	-557.94	16705	25.60	24.60	24.50	25.60	-4.17
sz300660	0	0	0	0	-1089.80	7429	66.90	64.17	63.66	66.90	-4.12
sz300665	-206	0	0	0	-357.87	12898	27.06	26.18	25.82	27.18	-3.75
sh603711	-4836	1551	0	0	307.43	144037	28.03	29.83	27.80	31.04	4.37
sh603883	0	0	0	0	86.89	8423	62.32	61.97	61.80	63.30	-0.55
sh603880	-1094	0	0	0	-95.90	47842	26.80	27.67	26.60	27.88	2.48
sh600062	-10053	-1247	0	0	-2464.45	83410	24.60	23.94	23.85	25.32	-3.19
sz300688	-231	0	0	0	-108.96	10952	51.85	49.69	49.68	51.85	-4.17
sz300681	0	0	0	0	-491.41	8692	50.86	48.53	48.02	51.15	-5.18
sz300687	0	0	0	0	-490.28	10606	48.15	46.15	45.94	48.30	-4.61
sz000417	-10498	-3732	0	0	-615.97	42442	8.01	7.84	7.84	8.04	-2.00
sz000786	-31012	-1989	-5087	0	1587.30	365045	23.53	23.74	23.00	24.32	1.02
sh600660	-29714	-4732	2894	0	-12641.70	170221	29.38	28.49	28.45	29.38	-3.06
sh600668	-7496	0	0	0	-718.83	37441	15.93	15.59	15.52	15.99	-2.07
sh601001	-44354	-22124	-9096	0	-1726.57	187999	6.42	6.13	6.06	6.43	-4.37
sz300207	-25509	-9640	-7039	0	-2000.99	144194	10.38	9.93	9.87	10.42	-4.34
sh600167	0	0	0	0	72.82	8499	23.79	23.14	23.05	23.98	-2.85
sz002335	-675	0	0	0	-173.22	14331	31.29	30.42	30.34	31.30	-2.81
sz300512	-254	0	0	0	46.09	10453	17.69	17.00	17.00	17.69	-3.41
sh603387	-300	0	0	0	-925.84	13864	58.30	56.68	56.28	58.58	-3.51
sz300475	-3771	0	0	0	-437.95	16209	14.15	13.66	13.58	14.18	-3.80
sz002792	-2688	0	0	0	-1734.16	34189	34.30	32.63	32.60	34.30	-5.69
sz002027	-16262	4479	1001	0	-1098.20	566728	13.65	13.68	13.19	13.75	0.96
sz002028	-15122	-3774	-2100	0	-2358.02	59153	15.79	15.06	14.30	15.85	-4.32
sh603090	-648	0	0	0	-68.47	12739	20.10	19.22	19.00	20.25	-5.60
sz002241	-35166	924	-2184	0	-7765.29	288326	16.66	16.34	16.12	16.75	-2.04
sz000662	2590	2790	0	0	-77.79	12734	14.92	14.85	14.60	14.98	-0.80
sz000665	-8167	0	0	0	-578.67	32360	10.18	9.89	9.88	10.22	-3.04
sz002800	-200	0	0	0	-328.60	8352	29.61	28.87	28.80	30.09	-4.09
sz002802	0	0	0	0	-345.52	7891	28.73	27.25	27.20	28.73	-4.52
sh600381	-6891	-1923	0	0	-365.81	34114	10.38	10.02	9.95	10.39	-3.65
sh600383	-4833	36093	16489	0	-4308.00	949242	15.92	15.94	15.67	16.37	0.13
sh600388	-25852	-4117	0	0	-1948.29	167916	16.22	15.87	15.71	16.29	-2.58
sh600389	241	0	0	0	-697.55	27859	18.36	17.92	17.90	18.68	-2.50
sz300693	598	0	0	0	132.34	32504	35.92	35.83	35.35	37.55	0.11
sz300690	0	0	0	0	-781.29	7616	56.88	53.92	53.60	56.88	-5.07
sh600720	-78112	-33926	-21983	0	-6983.55	371698	11.03	10.59	10.38	11.15	-4.25
sz300073	-11465	-1011	0	0	-4976.42	95121	24.50	23.30	23.15	24.61	-5.82
sz300070	-47168	-14823	-7175	0	-9823.14	244376	16.89	16.50	16.41	16.90	-2.19
sz002022	-7431	-1375	0	0	-1568.98	72904	13.95	13.89	13.84	14.47	-0.64
sz002795	-1595	0	0	0	-352.88	18664	15.70	15.17	15.15	15.70	-4.17
sz300212	-12673	-2154	0	0	686.35	55255	28.08	27.02	26.80	28.08	-4.18
sz300219	-3034	0	0	0	-1200.04	37140	11.50	11.58	11.40	11.70	-1.19
sz002496	-61475	-17671	-8668	0	-1599.74	372397	5.88	5.76	5.66	6.05	-1.71
sh603289	-6141	1216	7922	0	7932.20	208364	18.50	20.49	18.35	20.49	9.98
sz000902	6096	4441	5102	0	689.42	112654	10.08	10.35	10.01	10.65	3.09
sh600048	-27109	71160	35964	0	30534.00	2574305	16.18	16.60	16.00	16.87	5.73
sh600515	-8532	0	0	0	-2505.71	71647	12.83	12.43	12.36	12.86	-3.72
sh600606	109514	186076	147493	0	-12886.00	3598429	9.19	9.21	8.99	9.48	0.11
sz300138	-263	0	0	0	-60.82	10296	12.39	12.28	12.21	12.62	-0.89
sz002643	-11842	-156	0	0	481.61	93195	11.27	10.94	10.90	11.27	-3.19
sz002236	-48660	-6450	0	0	-2269.32	280364	24.00	23.42	23.13	24.09	-3.22
sz002233	-28979	-10523	-9326	0	-4203.65	161780	11.82	11.61	11.55	12.06	-4.52
sz002356	-965	-1013	0	0	883.37	34661	30.00	30.50	29.56	31.28	1.43
sz300654	-868	0	0	0	-128.13	17033	32.32	31.58	31.00	32.56	-2.95
sz300650	-200	0	0	0	-223.31	5772	37.35	36.21	35.80	37.35	-2.35
sh600850	-1693	1100	0	0	-6.32	26969	19.10	18.73	18.47	19.18	-2.50
sz300498	-29662	-10489	0	0	-241.10	181594	26.88	25.90	25.50	27.03	-3.68
sz002536	-4495	0	0	0	402.14	45677	14.85	14.98	14.85	15.37	0.13
sh603728	-3319	0	0	0	-1518.12	26153	22.83	21.94	21.86	22.99	-3.86
sz000901	-11792	-1253	0	0	-2408.50	55917	23.06	22.31	22.27	23.34	-4.17
sh603648	-4479	0	0	0	321.03	117565	21.20	21.76	20.84	21.98	0.55
sh600338	-1543	0	0	0	-2541.80	33709	41.49	39.60	39.50	41.49	-4.78
sz000698	-32860	-10864	-7279	0	-2007.77	84521	6.08	5.81	5.81	6.09	-4.44
sh600197	-7359	-1469	0	0	-434.32	68948	25.10	24.85	24.51	25.45	-1.31
sh600196	-28350	-3951	2013	0	-2588.20	318983	45.53	44.94	44.46	46.29	-1.14
sh601116	-2783	0	0	0	-1065.55	45647	20.66	19.91	19.70	20.76	-4.09
sh600420	-12061	-979	-2100	0	-2046.18	60112	12.20	11.91	11.82	12.33	-2.06
sh600422	-15980	-7504	-4004	0	-793.89	64251	9.27	9.11	9.06	9.31	-1.62
sz000987	-979	0	0	0	-210.68	30852	9.99	9.90	9.70	9.99	-0.80
sz000877	-51312	-15883	-9769	0	-3723.40	399968	11.46	11.35	11.22	11.84	-2.32
sh601801	-9918	-1781	0	0	-324.32	55661	10.41	10.20	10.14	10.56	-2.02
sz300137	-16649	-9187	-9057	0	1330.43	191329	22.14	22.10	21.61	22.40	0.14
sz000550	-2074	0	0	0	-431.21	18746	16.65	16.32	16.26	16.66	-1.75
sz300007	-60428	-47737	-38619	0	5151.55	83628	16.20	16.20	16.20	16.20	9.98
sz300003	-11428	0	0	0	-1563.57	85656	24.60	24.41	24.22	25.19	-0.97
sz002237	-611	4391	1551	0	1389.91	263647	11.48	11.29	11.16	11.51	0.00
sz002646	-1801	0	0	0	-328.44	17672	15.44	15.05	15.04	15.55	-2.84
sz002648	-137	-265	0	0	1820.83	158225	18.56	18.97	18.21	19.20	3.27
sz002757	360	0	0	0	-573.67	7428	36.00	36.35	35.79	37.00	0.28
sz002756	307	1505	0	0	762.14	33076	25.30	24.97	24.36	25.47	-2.08
sz002753	-2105	0	0	0	-534.21	22351	21.31	19.94	19.90	21.37	-6.16
sz002759	-1711	0	0	0	-458.21	30548	17.48	16.42	16.41	17.49	-5.69
sz300262	-11772	-1058	0	0	-654.00	54883	9.11	8.79	8.73	9.11	-3.62
sz002682	-5591	0	0	0	-565.51	30400	11.25	11.03	11.00	11.30	-2.48
sz300651	-533	0	0	0	356.00	5096	33.28	33.02	32.81	33.46	-0.96
sz300499	-400	0	0	0	-266.41	9937	20.61	19.31	19.24	20.79	-7.16
sz300495	8121	11500	10298	0	-311.14	44631	15.60	15.57	15.35	16.15	-0.76
sh603233	0	0	0	0	-573.42	8410	50.08	48.48	48.07	50.50	-3.14
sz002531	-25890	-290	4561	0	-1082.47	158886	7.50	7.09	7.08	7.52	-5.47
sh603726	-220	0	0	0	-234.64	6771	30.33	29.16	29.01	30.33	-4.39
sh603725	-2409	0	0	0	453.40	56656	19.60	20.24	19.01	20.85	3.11
sh600299	2194	0	0	0	402.03	26169	11.66	11.70	11.44	11.88	-0.59
sh600291	-27759	2382	0	0	-2144.99	337126	24.30	24.65	24.30	25.13	1.11
sz000910	-3813	0	0	0	-731.50	36777	24.89	24.25	24.17	24.98	-2.57
sz000919	-4718	0	0	0	109.94	32532	9.05	8.86	8.85	9.07	-2.10
sz002220	-6888	-1141	0	0	-320.58	22691	7.57	7.43	7.40	7.59	-2.24
sh603659	-9459	-2377	0	0	151.29	69199	53.48	50.39	49.99	53.48	-6.51
sh603658	0	0	0	0	-363.18	5545	50.04	48.50	48.49	50.14	-3.00
sh603656	0	0	0	0	-190.59	6249	29.94	28.96	28.83	30.20	-3.79
sh600079	-12374	2008	2058	0	-892.32	99744	18.06	17.77	17.72	18.10	-1.28
sh600076	-11929	7009	-2314	0	896.03	132086	7.26	7.16	7.12	7.27	-1.24
sh600075	-25537	-17179	-8447	0	-1752.88	77022	7.86	7.63	7.58	7.91	-3.66
sz000681	-29909	-7381	720	0	-2482.02	156741	19.79	19.05	18.81	19.80	-8.37
sh600073	-11723	-3045	0	0	-1343.46	67130	8.23	8.01	7.99	8.28	-2.67
sz002829	-623	0	0	0	137.73	7778	26.86	26.16	26.10	26.86	-0.57
sh603685	-638	0	0	0	-730.43	40281	36.04	35.79	35.00	36.49	-2.32
sz002827	-897	0	0	0	-117.20	22152	18.81	18.48	18.47	19.12	-2.89
sz300453	-2011	-1831	0	0	-117.35	9930	16.40	16.20	15.60	16.55	-2.11
sh601101	-43535	-7363	-2358	0	-3507.33	164691	8.40	8.03	7.97	8.46	-5.08
sh603683	3357	10508	8768	0	76.87	138684	21.97	24.16	21.95	24.16	10.02
sh601108	-68595	-13911	-11099	0	-14053.61	454913	18.56	18.40	18.22	18.93	-2.85
sh603378	-1596	0	0	0	365.76	72286	23.25	23.69	22.60	24.30	1.07
sz000869	-981	0	0	0	-1138.28	42969	39.66	39.83	39.50	40.48	-0.05
sh601811	-1727	-1071	0	0	-282.56	24778	13.07	12.41	12.26	13.13	-5.05
sz000042	-5252	-1166	0	0	-879.98	30591	19.13	17.60	17.33	19.28	-7.71
sz000040	-2230	-1764	0	0	-583.55	34894	13.18	13.21	13.12	13.34	0.15
sz300127	-7472	0	0	0	-1585.49	57407	17.56	16.48	16.35	17.70	-6.15
sz300121	-3507	0	0	0	-120.18	46041	14.43	14.34	14.31	15.10	-1.17
sz300129	-26399	-11418	-4031	0	-1468.69	68318	7.13	6.79	6.76	7.13	-4.90
sh600704	-30588	-13393	-7137	0	-526.92	169007	7.13	7.06	7.04	7.21	-0.84
sh600705	-79676	-53688	-27364	0	-4214.35	362866	5.66	5.52	5.51	5.67	-2.47
sh600706	-500	0	0	0	-14.74	7012	18.81	18.67	18.60	18.98	-1.22
sz300017	127509	139902	61529	0	19267.30	962358	10.91	11.41	10.91	11.63	4.97
sh603536	-715	0	0	0	56.31	13377	19.52	19.44	18.88	19.60	-1.52
sh603538	0	0	0	0	-15.40	3793	26.36	25.85	25.69	26.50	-2.86
sz300274	-41488	-14267	-3229	0	-5566.91	193509	16.92	16.25	16.09	16.92	-4.02
sz002320	-695	-1605	0	0	-621.71	28249	21.26	21.30	20.91	21.34	0.14
sz002322	-4308	0	0	0	-843.77	26128	18.57	17.95	17.92	18.61	-3.80
sh603398	408	0	0	0	103.90	12377	16.40	16.10	16.04	16.46	-3.19
sz300669	-748	0	0	0	77.52	8939	24.01	23.32	23.28	24.11	-3.28
sh600845	-5939	0	0	0	-624.61	38958	19.82	19.23	19.11	19.89	-2.78
sh603716	0	0	0	0	-130.14	2592	51.02	49.16	49.10	51.19	-3.61
sz002038	-10612	-2279	0	0	-3480.73	69717	32.66	32.00	31.76	33.01	-2.41
sh603083	-1796	0	0	0	-1518.24	50451	46.80	45.84	44.68	47.10	-3.33
sh603081	-1560	0	0	0	919.09	26813	27.78	27.38	26.39	28.24	-1.44
sh603086	0	0	0	0	-170.71	5643	36.85	35.64	35.60	36.85	-3.47
sz002783	-2205	-2242	0	0	-44.19	21734	17.25	17.32	16.75	17.49	0.35
sh600285	-387	1021	-4462	0	-427.04	63725	9.45	9.42	9.36	9.65	-0.32
sh600282	-169037	-145485	-120604	0	-14409.61	1097776	4.98	4.78	4.75	4.98	-4.97
sz002504	-49506	-28294	-21875	0	-2078.06	275877	5.00	4.73	4.73	5.12	-4.64
sh600885	-660	0	0	0	1336.93	19137	44.77	44.98	44.53	45.75	-0.60
sh603882	-4494	0	0	0	-3415.56	44729	32.05	30.03	29.90	32.05	-6.13
sh603887	0	0	0	0	62.90	3402	26.38	25.66	25.61	26.38	-2.80
sh603669	0	0	0	0	-51.01	6941	19.26	19.00	18.72	19.26	-1.61
sh603667	1330	0	0	0	333.19	16465	21.78	22.04	21.65	22.35	2.08
sh603665	500	0	0	0	-57.69	9421	35.00	35.56	34.47	35.95	1.66
sz002258	-16531	-2494	0	0	-2577.62	105429	17.05	16.66	16.51	17.40	-4.03
sh603660	-1299	0	0	0	177.26	13881	33.13	32.74	32.39	33.25	-1.42
sh600060	9991	17091	4989	0	3474.62	198670	15.79	16.03	15.74	16.70	1.52
sz000672	-60240	-24247	-10257	0	-7791.57	492356	11.48	11.17	10.99	11.68	-2.53
sh600067	-51350	-29345	-16649	0	-2632.32	193357	6.87	6.66	6.59	6.87	-3.20
sh600068	-137669	-88444	-66218	0	-10024.47	488748	8.50	8.29	8.23	8.60	-3.04
sz002818	69	0	0	0	-196.64	15392	31.30	30.58	30.52	31.58	-2.61
sh603860	364	0	0	0	-590.82	13507	36.47	34.13	33.99	36.47	-6.60
sh603866	0	0	0	0	14.89	8716	42.45	43.41	42.45	44.00	1.54
sz002811	-526	0	0	0	175.01	8948	19.02	18.60	18.60	19.12	-2.46
sh600449	-14907	-295	0	0	-2100.85	121819	11.98	11.61	11.52	12.13	-3.09
sz300683	-267	0	0	0	-847.46	10859	54.40	52.00	51.98	54.79	-5.25
sz000415	-75780	-33479	-12072	0	-2613.39	254823	6.06	5.80	5.77	6.06	-4.13
sz000413	-153132	-64574	-32532	0	-7330.36	630303	9.45	9.17	9.15	9.45	-2.96
sz000418	-1321	0	0	0	-1513.96	25548	72.55	73.16	71.23	75.59	0.70
sh601398	-50675	54987	110483	0	40824.60	5302095	6.24	6.43	6.24	6.48	2.88
sz000898	-142337	-67495	-27801	0	-11546.69	598712	6.59	6.36	6.33	6.62	-3.78
sh601009	-927	47036	57283	0	10901.60	1082178	8.35	8.44	8.35	8.52	1.08
sh601006	-70842	-30357	-25932	0	-7222.00	1047429	9.73	9.65	9.61	9.89	-1.03
sz000528	-27717	-7197	-2199	0	-235.76	164728	8.57	8.36	8.34	8.69	-2.79
sz000525	-1631	-1007	0	0	1906.85	88398	22.41	22.97	22.02	23.10	3.56
sz000090	-15485	2159	0	0	337.57	118438	10.88	10.72	10.67	10.97	-1.92
sh600711	-37529	7000	6681	0	-2595.80	503482	9.14	8.88	8.73	9.21	-3.06
sz000096	762	0	0	0	115.70	11860	13.50	13.37	13.10	13.50	-0.96
sz300068	-6850	-1222	0	0	-3880.73	67028	15.87	15.61	15.59	15.90	-1.76
sh603856	-3167	1500	0	0	-654.09	115006	21.05	21.14	20.33	21.87	0.05
sz002567	-15413	-2350	0	0	-1219.39	89053	7.80	7.43	7.40	7.86	-4.74
sh603527	-1151	0	0	0	-818.69	59942	28.61	29.38	28.02	29.95	1.63
sz300204	-3427	-1000	0	0	-684.75	19963	13.72	13.31	13.31	13.75	-2.99
sz300203	-29874	-5647	0	0	-5947.07	169318	33.00	31.42	30.93	33.01	-4.61
sz002705	-5796	0	0	0	-26.83	23296	12.86	12.41	12.38	12.86	-3.50
sz300518	0	0	0	0	-85.09	5016	49.56	50.00	48.81	50.50	-1.09
sz002563	10761	7217	2000	0	1658.96	93089	8.53	8.64	8.42	8.74	1.29
sh603005	-3655	-1355	0	0	-3168.67	48244	31.95	30.09	29.76	31.95	-5.85
sz300517	-518	0	0	0	-187.21	9827	19.14	18.15	18.10	19.14	-4.47
sh603380	130	0	0	0	-313.11	15777	20.10	19.08	19.02	20.10	-5.07
sh603383	0	0	0	0	-235.13	7818	44.46	42.65	42.50	44.79	-4.65
sh603385	-2139	0	0	0	-621.15	18699	21.80	21.27	21.19	21.89	-2.16
sh603388	-1102	0	0	0	-183.93	12698	17.20	16.36	16.20	17.48	-5.71
sz300670	-662	0	0	0	-295.74	14109	22.32	21.30	20.12	22.43	-4.74
sz300673	0	0	0	0	-583.26	7691	42.91	41.26	40.51	43.35	-4.05
sh600161	-9127	0	0	0	-905.90	83714	29.48	29.63	29.40	30.51	0.10
sz300473	-722	0	0	0	-373.88	6877	41.45	39.79	39.72	41.60	-4.21
sz300470	-961	0	0	0	215.07	12156	43.85	41.80	40.95	43.85	-1.65
sz300477	-3318	0	0	0	639.43	24008	21.91	21.58	21.32	22.35	-1.24
sz300476	-265	0	0	0	-210.08	43611	24.93	24.89	24.70	25.74	0.00
sh603258	-765	0	0	0	-1095.42	22077	33.20	31.16	31.00	33.28	-6.43
sh603707	-747	0	0	0	154.97	21510	26.98	27.07	26.79	27.74	0.11
sz300478	-3120	0	0	0	-438.61	23035	39.80	37.05	36.50	39.88	-7.33
sh603701	-1312	0	0	0	-125.77	9711	18.78	17.86	17.72	18.90	-4.64
sz002790	0	0	0	0	-185.12	4291	27.05	26.09	26.05	27.05	-3.05
sz002793	-1025	0	0	0	-439.96	22868	17.00	16.30	16.18	17.08	-4.68
sz002026	-19942	-6938	0	0	-769.69	56961	8.10	7.80	7.75	8.10	-3.58
sz002025	-5376	-1054	0	0	-1211.60	50607	22.92	22.27	22.10	23.07	-2.32
sz002796	-412	0	0	0	-158.85	10820	30.80	30.51	30.40	31.56	-1.58
sz002798	-1098	0	0	0	-871.69	9822	50.00	47.34	46.47	50.01	-5.53
sh600278	-3231	0	0	0	-193.99	36277	12.17	11.67	11.63	12.17	-4.03
sz002245	-52082	-22630	-17047	0	-1550.03	342263	9.66	9.22	9.21	9.81	-6.59
sz002244	-24427	5981	7121	0	-337.09	375039	8.17	8.20	8.04	8.36	0.24
sh603679	-319	0	0	0	-450.66	7471	25.65	25.08	24.60	25.66	-2.26
sh603898	-2612	0	0	0	1193.41	26597	31.98	30.83	30.70	31.99	-2.99
sh600016	-59344	-34655	-39416	0	2763.70	1654521	8.76	8.87	8.73	8.98	0.80
sh600019	-77056	-50711	-117682	0	-19811.00	1052895	9.03	8.82	8.75	9.04	-2.97
sz002803	0	0	0	0	-60.46	2064	43.50	43.50	43.41	44.50	-2.03
sz002805	82	0	0	0	-1078.44	12360	28.69	26.96	26.88	28.69	-6.03
sz300698	-2366	-1809	0	0	-1967.11	53783	25.68	24.35	24.00	25.90	-7.73
sz300697	-6997	-59	0	0	-172.68	130385	25.13	26.15	24.67	27.35	2.31
sh600658	126	3603	0	0	68.15	60478	11.24	10.78	10.51	11.24	-4.01
sz000402	-15297	21118	11928	0	2815.93	427252	11.72	11.86	11.55	12.01	1.11
sz000400	-29989	-10350	-3000	0	-3596.48	125395	12.95	12.58	12.51	13.05	-3.53
sh600122	-2439	3543	9135	0	50.88	153877	9.80	9.67	9.57	9.84	-0.72
sh600123	-70344	-27742	-6079	0	-1410.63	274483	9.43	9.12	9.07	9.45	-3.49
sh600125	-124609	-55115	-33359	0	-7389.66	458025	10.51	10.09	9.81	10.60	-4.99
sh600126	-10952	0	0	0	-405.02	64021	6.91	6.71	6.69	6.94	-3.31
sh600498	-25378	3205	0	0	-7618.21	158337	29.46	28.46	28.34	29.54	-3.43
sz000796	-18748	-4162	0	0	-1125.17	73489	13.61	12.79	12.60	13.68	-6.16
sz000791	-24039	-5750	-2000	0	-1041.80	98423	7.92	7.74	7.72	7.96	-2.89
sz000798	-5111	0	0	0	-30.13	36168	9.08	8.91	8.81	9.15	-1.87
sz000883	-64085	-30031	-19685	0	-2038.84	210952	4.76	4.60	4.55	4.76	-3.16
sz000881	-7314	0	0	0	-1221.04	38016	12.75	12.30	12.15	12.95	-4.35
sz000887	-5371	-2216	0	0	-2421.21	63434	18.09	17.79	17.60	18.15	-1.60
sz000888	-6750	2546	0	0	-193.76	80654	10.55	10.34	10.24	10.57	-1.99
sh601636	-137805	-89441	-89994	0	-4731.86	895775	7.10	6.85	6.66	7.11	-3.52
sh601633	-7905	0	0	0	-1766.54	79995	12.25	12.12	12.08	12.30	-0.98
sh600727	-17787	-6147	-4005	0	-1263.47	88038	8.37	8.09	7.99	8.42	-3.23
sh600723	-815	0	0	0	8.49	16258	8.42	8.25	8.25	8.44	-2.25
sz000333	-20582	4252	1513	0	575.40	367225	61.32	61.16	61.00	62.66	0.59
sh600872	-7762	-1464	0	0	1655.87	62988	27.46	27.08	26.31	27.53	0.59
sh601137	-3194	0	0	0	33.70	31901	11.88	11.81	11.62	11.93	-0.51
sz002410	-14101	-1016	0	0	-4005.26	126633	20.21	19.53	19.30	20.25	-5.01
sh603098	-804	0	0	0	-93.45	11667	17.65	17.09	17.01	17.87	-2.95
sh603096	0	0	0	0	-363.69	7401	62.22	61.22	60.60	63.43	-2.55
sz002385	-3511	9148	17193	0	-764.82	306977	6.46	6.56	6.45	6.65	0.92
sz002491	-2945	3001	0	0	1023.37	66480	12.63	12.36	12.24	12.63	-2.29
sh603466	-1748	0	0	0	-1756.31	36306	53.08	52.42	51.04	53.50	-2.94
sz002499	-458	0	0	0	245.66	8031	19.96	19.60	19.60	20.10	-1.80
sh600993	-8021	0	0	0	-2791.13	59836	20.95	20.39	20.25	21.06	-2.77
sh600995	-12283	-3427	-2400	0	-988.88	47516	9.10	8.90	8.86	9.11	-2.31
sh600997	-60747	-27297	-18353	0	-2231.97	193613	6.37	6.09	6.07	6.38	-4.25
sh600510	-2298	0	0	0	-17.39	29119	7.02	6.82	6.81	7.03	-3.12
sh601111	-61492	-13692	479	0	5023.10	798259	11.85	12.05	11.84	12.21	0.67
sz000055	-10648	-640	0	0	-676.68	60105	6.28	6.07	6.05	6.28	-3.50
sz300009	-34434	-7793	-831	0	-11424.90	212137	25.10	23.82	23.75	25.30	-6.81
sz002238	-9395	-2470	0	0	-713.95	30496	10.00	9.64	9.60	10.05	-4.08
sz002645	-4816	0	0	0	-976.11	44786	20.46	20.10	19.70	21.24	-3.09
sz000756	-2601	0	0	0	-180.37	44970	13.80	13.85	13.70	14.23	-0.29
sz300652	0	0	0	0	-134.11	7441	27.50	26.65	26.51	27.61	-3.86
sh600987	-5681	5	0	0	-59.05	43125	11.47	11.30	11.26	11.54	-1.22
sh600856	-20203	-3192	2689	0	734.95	238612	12.85	12.74	12.61	12.96	0.55
sh600859	1720	660	2044	0	2644.24	132662	20.82	21.66	20.51	21.87	3.24
sh603727	-1458	0	0	0	899.00	54287	24.34	24.88	23.69	25.58	2.22
sh603722	-1576	-1024	0	0	-425.17	46471	37.11	39.45	37.00	40.50	1.23
sh603721	0	0	0	0	57.81	9197	27.50	26.53	26.02	27.51	-3.42
sh600297	-2546	3663	941	0	-639.00	183141	7.76	7.91	7.76	7.94	0.76
sz002828	2401	-141	0	0	891.37	60383	24.25	25.48	23.51	26.58	5.46
sh601107	-10187	516	2563	0	72.01	47665	4.19	4.15	4.12	4.19	-1.19
sh600674	-52900	-30766	-17900	0	225.21	179851	9.95	9.89	9.84	9.97	-1.10
sh600676	-18014	0	0	0	-834.70	51292	6.59	6.38	6.36	6.59	-3.19
sh600701	-39437	-4192	3026	0	-2144.04	166048	9.90	9.38	9.30	9.96	-4.67
sh600703	-143292	-72138	-36733	0	-22520.80	726466	24.90	23.15	23.11	24.98	-7.07
sh600763	-1319	0	0	0	401.06	44354	36.50	35.75	35.55	37.10	-2.24
sz300014	-80692	-20474	-8958	0	-15877.81	321690	19.30	17.83	17.56	19.35	-8.19
sz300307	-11705	-5194	0	0	-1013.00	40675	8.20	7.96	7.92	8.21	-2.81
sz300271	-8671	0	0	0	-3794.27	84526	15.57	15.25	15.16	15.70	-2.68
sz002324	2362	2725	0	0	418.11	20924	23.35	22.13	21.50	23.35	-5.83
sz002323	-34922	-16063	-5073	0	-2688.58	173701	6.68	6.23	6.15	6.74	-8.11
sh603396	-274	0	0	0	-349.42	20205	44.00	41.82	41.68	44.00	-4.13
sh603393	393	0	0	0	658.27	42540	36.98	37.70	36.80	38.78	1.64
sh603717	-716	0	0	0	-397.75	24276	28.30	26.80	26.75	28.30	-5.27
sz002789	-488	0	0	0	-741.88	8386	40.02	38.67	38.41	40.21	-4.07
sz300568	-1240	0	0	0	133.51	22623	26.55	25.69	25.69	26.75	-4.11
sh603203	0	0	0	0	-61.89	3746	39.74	38.83	38.79	39.97	-2.29
sh603888	-1457	0	0	0	-816.70	19614	23.44	22.75	22.66	23.50	-3.40
sh603977	-1181	0	0	0	-160.67	12958	13.55	12.87	12.70	13.65	-4.67
sh600064	-13197	-3844	-2844	0	-1480.30	47714	14.60	14.31	14.28	14.65	-1.99
sh603861	-480	0	0	0	-33.61	9591	16.90	16.68	16.56	17.05	-1.24
sz002815	-200	0	0	0	-898.58	11645	30.50	29.77	29.60	30.77	-2.39
sz300689	0	0	0	0	-703.67	10751	42.70	40.65	40.40	42.70	-5.36
sh600663	-2179	0	0	0	-322.03	30134	20.26	20.00	19.88	20.37	-1.62
sh601007	-400	0	0	0	-2.95	11600	10.79	10.73	10.70	10.84	-0.56
sh600717	-27921	-9037	-6811	0	-1355.29	92864	10.64	10.40	10.39	10.65	-2.62
sz300065	-14525	-5173	-2008	0	-1249.56	79934	16.78	15.23	15.15	16.78	-9.29
sz300208	-12233	0	0	0	-1518.08	47661	12.06	11.52	11.45	12.06	-4.08
sz300209	-3091	0	0	0	-652.27	46626	18.18	17.30	17.27	18.18	-5.15
sh603416	0	0	0	0	-68.23	5624	31.74	30.79	30.51	31.74	-3.21
sz300519	-401	0	0	0	368.70	36169	20.40	21.13	20.31	21.70	3.88
sz300510	-34	0	0	0	-42.90	8110	26.68	26.20	26.11	27.10	-2.78
sz300516	0	0	0	0	-457.17	4232	45.95	43.54	43.53	45.95	-5.02
sz002791	-1982	0	0	0	-32.72	12773	19.31	18.70	18.63	19.31	-2.35
sz002029	-8184	-3159	0	0	194.25	48332	8.30	8.20	8.17	8.30	-1.32
sz002247	-4799	0	0	0	-164.38	16319	12.59	12.36	12.32	12.80	-2.75
sh603890	-1737	0	0	0	-1271.55	51182	38.90	39.26	37.77	39.69	0.15
sz000666	-10068	-1051	0	0	-1695.71	56697	19.98	19.92	19.79	20.10	-1.19
sz000669	-5045	0	0	0	109.38	52985	14.05	13.76	13.67	14.09	-2.20
sh600018	-117544	-61595	-44167	0	2846.14	582914	7.16	7.05	7.02	7.21	0.43
sz002801	0	0	0	0	77.06	5616	36.56	35.57	34.80	36.56	-2.01
sz002807	-32564	-12603	-7737	0	-2491.96	145410	8.14	7.92	7.90	8.16	-2.58
sz002809	-767	0	0	0	181.81	27402	30.09	30.48	29.52	31.05	0.83
sh600477	37411	-2313	-17152	0	-11034.86	210999	10.00	9.78	9.78	10.00	-10.03
sh600475	-2781	0	0	0	-402.49	19936	14.39	13.90	13.87	14.39	-3.41
sh600120	-4505	0	0	0	-3079.52	49762	24.71	23.61	23.55	24.71	-4.49
sh600121	-27851	-4600	-129	0	-1100.24	79742	6.39	6.16	6.11	6.40	-3.90
sh600655	-13197	-1665	-2696	0	-33.26	98600	11.63	11.32	11.24	11.65	-2.25
sh600491	-16797	-6265	-2664	0	-1196.43	63121	9.80	9.66	9.49	9.89	-1.93
sh601019	-15872	-2351	0	0	-2057.51	122780	12.44	12.09	12.06	12.47	-2.97
sz000062	-2672	0	0	0	-1797.08	27679	23.50	22.82	22.71	23.51	-2.93
sz000069	-68975	-34728	-52793	0	4675.40	820733	9.53	9.67	9.47	9.86	1.47
sz000089	-4072	-3946	-3584	0	1372.66	120218	8.60	8.65	8.54	8.68	0.23
sh600729	-3221	0	0	0	1787.38	56149	26.33	25.38	25.33	26.33	-3.42
sz002412	-462	0	0	0	-89.26	5493	16.58	16.50	16.38	16.66	-0.42
sz002140	-11588	-1023	0	0	-393.56	52021	11.25	10.75	10.75	11.25	-4.78
sz002493	-53501	-17146	-9360	0	-2783.64	193618	15.85	15.20	15.15	15.97	-3.49
sz300509	0	0	0	0	-88.88	8332	25.46	24.15	23.97	25.80	-5.77
sz002657	-5207	11824	9150	0	-6532.43	210527	25.18	25.07	24.92	26.16	-6.49
sz300503	-1982	0	0	0	-387.29	19373	12.85	12.16	12.05	12.85	-5.66
sz300507	0	0	0	0	68.35	14354	28.16	27.67	27.67	28.66	-3.45
sz300506	-2161	0	0	0	-927.53	26020	22.90	21.80	21.50	22.90	-3.63
sz300505	-508	0	0	0	-279.26	11961	30.90	30.49	30.06	30.90	0.33
sh600867	-5912	0	0	0	-1033.13	106792	24.03	24.16	24.01	24.85	0.54
sz300446	-1000	0	0	0	-318.33	9719	21.95	20.93	20.82	21.95	-4.21
sz300447	-1223	0	0	0	-867.15	15866	18.68	17.46	17.38	18.68	-6.43
sh603260	-2783	1587	2027	0	-3278.42	119076	60.54	59.69	59.33	62.63	0.54
sz300445	0	0	0	0	164.03	7843	15.88	15.25	15.20	15.88	-3.48
sh603266	0	0	0	0	-99.59	5093	25.77	25.10	25.06	25.99	-2.60
sh603268	0	0	0	0	-56.32	3673	27.54	27.10	26.63	27.65	-2.45
sh603269	6103	0	0	0	724.70	24222	25.67	25.31	24.86	25.67	-1.44
sh603060	-457	0	0	0	-14.41	8802	22.35	21.62	21.60	22.35	-3.22
sz002014	-472	0	0	0	12.69	12979	11.74	11.43	11.41	11.76	-2.22
sh603063	-949	0	0	0	-350.54	14554	18.40	17.81	17.75	18.40	-3.31
sh603067	-566	0	0	0	-123.10	10694	12.80	12.38	12.35	12.82	-3.51
sz002019	-32477	-8296	-3055	0	-3623.54	170233	20.94	20.49	20.33	20.94	-2.43
sh603288	-997	0	0	0	-1620.71	25296	57.73	57.87	56.73	58.88	1.33
sh600266	-12274	-4720	0	0	2799.21	158856	13.78	13.48	13.40	13.93	-1.89
sh600269	-15035	-13308	-3815	0	279.48	102587	5.19	5.14	5.13	5.19	-0.96
sh603286	204	0	0	0	1484.54	23099	43.44	44.20	42.05	45.30	1.56
sz002277	-23500	-2902	-1414	0	271.72	150975	6.00	6.01	5.86	6.01	-0.17
sz002275	-4009	0	0	0	-709.82	18597	16.32	15.99	15.93	16.34	-2.14
sh603602	568	0	0	0	-1158.59	28374	49.80	47.19	46.85	49.89	-6.63
sz002472	-6602	0	0	0	-632.55	35204	9.25	9.05	9.02	9.25	-2.16
sh603609	791	0	0	0	-6.02	17246	9.02	8.88	8.85	9.12	-1.22
sz002477	-84169	-43630	-12579	0	-3284.93	352195	4.54	4.42	4.41	4.55	-2.86
sh600007	-1427	0	0	0	-932.73	23425	17.36	16.80	16.75	17.45	-3.23
sh600004	3667	10249	3352	0	-173.86	339365	14.90	15.40	14.83	15.59	3.01
sz000650	-20298	-9917	-5324	0	-537.65	77473	5.38	5.31	5.30	5.44	-1.30
sz002588	-9898	-4582	0	0	-101.48	74358	6.68	6.72	6.66	6.80	0.90
sz002875	-410	0	0	0	-37.32	9900	27.30	26.87	26.84	27.56	-2.40
sh603848	1734	1184	0	0	767.33	93648	20.62	21.50	20.41	22.09	2.09
sz002879	-4363	-4752	-2002	0	-1539.93	39894	52.00	47.60	47.07	52.00	-8.99
sh600398	5215	4035	-1800	0	504.63	165357	9.70	9.94	9.66	10.11	2.16
sh600466	9736	40286	13667	0	10368.60	875870	12.20	12.64	12.02	13.20	5.33
sh600461	-17834	-8993	-3000	0	-371.61	40264	6.32	6.19	6.18	6.33	-2.37
sh600463	-4743	-1130	0	0	-133.48	33936	11.90	11.58	11.51	11.93	-3.66
sh603110	-1167	5447	2217	0	4323.28	107634	27.00	30.12	26.58	30.12	10.01
sh603113	-3291	0	0	0	-500.01	35990	22.95	22.26	22.21	23.06	-3.55
sh603116	-485	0	0	0	-82.65	14062	15.42	15.10	15.06	15.44	-2.52
sh600138	-2887	-1294	-2491	0	6452.71	147994	22.20	22.50	21.93	22.98	0.94
sh600649	-35616	-7146	-5114	0	-2000.68	141062	9.25	8.92	8.91	9.25	-3.57
sh600648	509	0	0	0	805.84	21697	18.67	18.72	18.21	18.75	-0.21
sh600132	-2204	0	0	0	-630.34	39974	22.14	21.88	21.79	22.97	-1.93
sh600640	-2809	0	0	0	-251.46	30537	14.82	14.43	14.19	14.86	-3.09
sh600643	-40654	-18799	-8623	0	-2763.71	250429	10.92	10.71	10.60	10.97	-2.37
sh600642	-48259	-24670	-2521	0	-2281.94	152978	5.87	5.85	5.83	5.89	-0.34
sz002901	-1951	0	0	0	-1668.22	46063	37.70	36.13	35.50	37.79	-4.90
sh600480	-11114	0	0	0	-2272.87	75863	16.17	15.38	15.27	16.26	-4.89
sh600487	1729	10705	2388	0	1832.00	369745	40.26	40.49	39.86	41.50	0.42
sh600486	-1464	0	0	0	-784.40	30428	54.48	53.33	52.85	55.10	-0.32
sz002907	-9338	-169	1934	0	4114.18	241296	33.95	39.60	33.68	39.60	10.00
sh603500	8	0	0	0	707.46	46736	26.20	27.10	25.56	27.20	2.96
sz002242	-3975	0	0	0	381.07	65379	17.73	17.82	17.72	18.18	0.06
sh601601	7712	23780	22346	0	22818.50	699731	40.50	42.45	40.50	42.54	5.23
sh601607	-18399	-538	0	0	-5680.88	274440	25.38	25.40	25.26	25.98	1.11
sz000501	-12342	-2634	0	0	-2673.60	69558	16.99	16.43	16.40	16.99	-3.30
sh600737	-36862	-3353	0	0	-1302.54	131612	8.05	7.88	7.87	8.06	-2.23
sh600208	-176209	-131812	-92626	0	-7558.96	739282	5.45	5.17	5.11	5.48	-4.96
sz300042	1645	1315	0	0	24.05	12423	32.30	32.10	31.61	33.20	0.22
sz300043	-31497	-8842	-7589	0	-1071.24	134426	6.35	6.23	6.22	6.48	-4.01
sz300046	-7644	0	0	0	-3162.83	78450	21.00	19.45	19.20	21.00	-8.43
sh600015	-37194	-26779	-12624	0	1108.60	527823	9.35	9.40	9.32	9.50	0.43
sh601515	-3419	0	0	0	-257.86	17545	9.87	9.72	9.70	9.89	-1.62
sh600012	-2340	0	0	0	-327.93	29172	11.21	10.91	10.88	11.27	-2.15
sz300194	-8249	-3436	-2368	0	-164.19	40904	5.84	5.75	5.71	5.92	-1.71
sz300195	-1623	0	0	0	-297.77	10442	14.16	13.99	13.85	14.16	-1.20
sz300196	-6669	-2025	0	0	147.07	21987	13.57	13.35	13.20	13.69	-2.13
sh603878	-556	0	0	0	-166.19	16679	16.73	16.12	16.06	16.73	-3.88
sh600382	-5654	-1854	0	0	-265.51	21856	12.98	12.71	12.67	12.98	-2.08
sz300221	-5003	0	0	0	-186.25	46386	17.04	16.70	16.67	17.38	-2.45
sz300227	283	0	0	0	365.18	22761	21.25	21.23	20.90	21.46	-0.79
sh603477	-13670	-6619	0	0	-784.39	121332	15.69	15.24	15.05	15.83	-4.93
sz002317	-10387	1020	0	0	-153.79	56039	12.28	12.20	12.18	12.41	-0.89
sz002311	-3605	-1089	0	0	669.42	57408	22.10	21.89	21.58	22.27	-1.66
sz002310	-44004	-16076	-17480	0	-15864.50	472116	19.27	18.58	18.16	19.29	-4.23
sz300536	-5305	-1165	0	0	-1978.39	75608	20.85	20.01	19.83	21.48	-3.57
sz300537	-492	0	0	0	-148.62	10539	15.59	15.13	15.00	15.59	-3.14
sz002649	-37305	-11018	-5837	0	-2497.86	205175	12.41	12.02	11.92	12.58	-4.53
sz300535	-856	0	0	0	-1059.07	10817	35.93	34.14	34.01	36.11	-5.46
sz300532	-1119	0	0	0	-433.29	16948	23.89	23.05	22.79	23.90	-3.56
sz300533	0	0	0	0	-504.30	9157	51.51	49.63	49.56	51.51	-5.12
sz300530	0	0	0	0	-240.06	3156	36.61	34.28	34.01	36.68	-6.54
sh600816	-21137	2979	7891	0	-2736.16	157766	13.04	12.91	12.85	13.05	-1.22
sz300452	0	0	0	0	-149.69	7129	27.24	27.10	26.92	27.55	-0.37
sz002009	-8483	-1136	0	0	-1168.33	34779	17.33	16.64	16.64	17.55	-4.37
sz002008	-22900	-6276	-3234	0	-1105.90	250735	54.50	53.92	53.41	56.11	-0.77
sz002003	-9827	-2128	0	0	-944.75	58294	12.37	11.96	11.81	12.43	-3.31
sz002002	-18993	-7938	-4625	0	-993.38	96392	7.16	7.03	7.01	7.16	-1.54
sh603076	1333	0	0	0	-28.67	23384	37.39	36.93	36.20	37.56	-0.30
sz002050	-42375	-14048	-5997	0	-7638.26	244493	20.04	19.21	19.15	20.15	-4.43
sh600926	-8764	4767	-2009	0	-683.95	201906	11.66	11.69	11.58	11.84	0.17
sz002267	-13421	2542	0	0	-1712.81	149378	8.45	8.36	8.34	8.73	-1.07
sz002262	-20824	-3695	0	0	-3140.27	77967	15.17	14.83	14.71	15.35	-3.01
sh603617	940	0	0	0	5.47	13934	25.50	25.63	25.20	25.88	-0.85
sz002468	-3552	0	0	0	412.73	24002	24.76	24.48	24.21	24.90	-1.17
sz002466	-62135	-23164	-11244	0	-47133.60	378910	54.20	50.57	49.69	54.20	-7.38
sh603619	-7397	-5027	-4685	0	8050.39	156421	42.50	48.16	42.16	48.16	10.00
sz002464	-1030	0	0	0	-868.50	19536	31.62	30.28	30.23	31.62	-3.84
sz002866	0	0	0	0	358.24	13466	36.81	37.41	35.90	37.59	1.63
sz002864	-4344	-1263	0	0	-1053.66	89020	35.03	36.84	34.01	38.06	1.24
sz002862	0	0	0	0	75.93	4460	27.58	26.88	26.11	27.81	-3.38
sz002861	0	0	0	0	-514.66	13282	26.68	25.35	25.18	26.68	-5.06
sz002860	-233	0	0	0	-683.96	8843	40.50	39.23	39.01	40.90	-4.27
sz002869	0	0	0	0	-398.56	8454	30.06	28.76	28.71	30.19	-4.83
sh603103	-1206	0	0	0	-564.34	30889	27.76	26.18	26.12	27.76	-6.00
sh600106	-15494	2031	2168	0	-357.12	76136	4.51	4.50	4.42	4.54	-0.44
sz002910	-9993	-4267	-2798	0	-1578.61	120733	22.87	21.86	21.30	22.87	-6.98
sh600038	-10979	-1128	0	0	-13143.55	167014	43.55	41.39	40.69	44.30	-5.59
sh600033	-6212	2979	7930	0	158.75	78576	3.68	3.67	3.67	3.69	-0.54
sh600746	-3736	-1177	0	0	27.48	24193	8.25	7.95	7.91	8.25	-3.40
sh600742	-12514	0	0	0	-1685.08	70022	17.26	16.70	16.64	17.35	-4.30
sz000429	-8543	97	0	0	-353.68	40073	8.08	7.97	7.92	8.10	-1.36
sz300054	-18018	-636	0	0	-1003.12	124300	12.03	12.01	11.83	12.24	0.08
sz002127	4695	1065	0	0	2451.79	131765	11.79	12.35	11.79	12.70	2.75
sz300237	-5229	0	0	0	-715.59	37468	16.13	15.61	15.45	16.42	-4.29
sz300231	-36867	-13164	-8180	0	-2305.90	169191	11.05	10.54	10.42	11.15	-5.89
sz300230	-4937	-2620	-2620	0	66.07	31366	12.69	12.39	12.33	12.77	-3.05
sz300233	-1392	0	0	0	-182.59	26677	17.81	17.34	17.05	17.95	-2.91
sz000701	-9999	-3010	-4121	0	-616.78	45502	10.15	9.80	9.77	10.15	-3.07
sz300494	-6101	-1061	0	0	-1066.46	46030	17.04	16.60	16.51	17.13	-4.76
sz002126	-23865	-13342	-2508	0	-2025.17	80750	9.40	9.12	9.07	9.44	-3.08
sz002672	-10949	-2897	0	0	-991.53	52018	15.91	15.59	15.50	16.04	-2.32
sh603331	-258	0	0	0	28.16	11130	19.69	19.28	19.20	19.83	-2.82
sh600482	-2885	0	0	0	-2014.21	52510	24.48	23.63	23.52	24.51	-3.51
sh600809	16435	10826	3639	0	1071.00	134577	59.20	61.31	59.03	62.00	3.39
sh600803	-13099	4012	-2161	0	912.70	171183	14.58	14.75	14.35	14.83	1.24
sz002581	-5786	0	0	0	-980.39	23917	18.76	18.19	18.10	18.92	-3.50
sz002078	-31371	527	-7098	0	-2293.77	564819	10.07	10.17	10.07	10.50	0.99
sh603042	-1228	0	0	0	-996.08	23885	27.55	26.27	26.00	27.65	-5.50
sh603043	-344	0	0	0	-155.51	15684	19.07	18.67	18.66	19.16	-2.35
sh603599	-5003	0	0	0	254.13	47601	19.80	18.95	18.80	19.98	-3.76
sh603916	5342	2288	0	0	2007.15	205748	17.79	18.45	17.37	19.49	3.54
sh603917	124	0	0	0	1028.66	105810	28.30	28.80	28.08	29.79	2.06
sh603919	2153	0	0	0	541.26	36751	18.55	18.60	18.46	19.10	0.27
sz002292	-48769	-16926	-10409	0	-6991.66	313380	14.20	12.93	12.91	14.20	-9.83
sz002293	-9008	0	0	0	-178.89	63914	14.05	13.85	13.53	14.05	-1.91
sz002294	-5319	0	0	0	-1928.84	81104	43.65	42.96	42.90	44.58	-1.47
sz002100	-2270	0	0	0	-180.66	29171	8.35	8.35	8.25	8.45	-0.48
sz002101	-365	0	0	0	-1108.74	18662	20.30	19.96	19.90	20.30	-2.01
sz002456	-53386	-19716	-1780	0	-8517.10	435721	19.57	19.00	18.70	19.79	-3.06
sz002454	-6323	0	0	0	-705.06	30830	12.16	11.78	11.73	12.20	-2.97
sz002450	-27030	-8277	5295	0	3112.78	264342	21.52	21.66	21.49	22.10	0.28
sz002859	-3825	0	0	0	-2237.29	37875	34.00	32.19	31.99	34.19	-5.96
sz002853	-941	0	0	0	-320.74	28019	32.84	32.45	32.02	33.77	-1.22
sz002850	-495	0	0	0	-1041.85	12234	61.02	57.85	57.00	61.02	-5.04
sz002857	0	0	0	0	-49.74	3134	28.36	27.09	26.72	28.36	-3.90
sh601992	-145368	-80598	-64021	0	-5533.39	778017	6.06	5.83	5.82	6.07	-2.35
sh603826	-8201	-1018	0	0	-563.18	47648	15.00	14.51	14.38	15.00	-4.35
sh603136	0	0	0	0	-364.68	7422	42.62	41.67	41.43	43.17	-2.96
sh600240	-18902	-3805	-2000	0	-1107.90	88104	9.19	8.92	8.85	9.25	-2.94
sh603131	0	0	0	0	310.00	13720	20.14	20.23	19.80	20.80	0.10
sh600115	-176002	-119323	-53443	0	-84.30	1159212	8.20	8.25	8.13	8.42	0.86
sh600114	-1906	0	0	0	268.38	43559	15.14	15.10	14.91	15.25	-0.40
sh600118	-17451	-5651	-2222	0	-5766.13	88839	25.00	24.20	24.14	25.12	-2.89
sz000988	-48556	-16818	-6348	0	-6149.15	177960	16.70	16.00	15.95	16.70	-4.65
sh600029	54975	65763	62173	0	3951.70	1059716	11.21	11.32	11.21	11.52	0.71
sh600026	-41119	-20727	-11720	0	-849.64	124073	6.21	6.09	6.08	6.22	-2.09
sz000631	-62798	-29950	-18795	0	598.42	285458	4.63	4.66	4.62	4.83	-1.69
sz000985	0	0	0	0	-108.25	7107	20.24	19.68	19.61	20.29	-2.77
sh601377	-49208	-23272	-9109	0	-2951.07	307456	7.40	7.29	7.28	7.44	-1.35
sh600757	-21992	-8312	-4286	0	-738.55	66761	7.05	6.90	6.88	7.05	-1.99
sh600758	-24441	-7033	0	0	-1003.26	106887	7.54	7.27	7.26	7.59	-3.96
sz002778	-291	0	0	0	96.93	10269	24.75	24.89	24.32	25.79	0.36
sz002223	-2895	1509	0	0	437.46	78605	20.50	20.72	20.39	20.91	1.07
sz002222	-25511	-672	0	0	-5548.89	164307	17.85	16.72	16.53	17.87	-6.90
sh603567	-89	0	0	0	102.41	11134	14.50	14.14	14.06	14.53	-2.48
sz002677	-3908	-2005	0	0	-8.78	29992	17.63	17.20	17.00	17.66	-2.44
sz300522	-2294	0	0	0	-481.64	17302	20.40	19.22	19.15	20.49	-6.47
sz300527	-2459	0	0	0	590.45	16814	23.10	22.43	22.02	23.26	-3.65
sz300088	-117342	-80716	-65806	0	-7617.69	608387	7.75	7.18	7.06	7.77	-7.59
sh600170	-74009	-40223	-33363	0	-1700.30	202984	3.78	3.75	3.74	3.78	-0.53
sz000685	-9714	-1984	-2045	0	-290.46	64636	10.37	10.19	10.17	10.37	-1.83
sz000686	-36832	-14010	-4221	0	-2734.16	146232	8.68	8.48	8.47	8.69	-2.19
sz002669	-1428	0	0	0	24.81	18372	24.78	25.15	24.62	25.23	1.00
sz002664	-2166	0	0	0	-632.14	19743	26.84	26.20	26.02	26.93	-2.28
sz300554	-233	0	0	0	928.73	7614	60.00	59.03	58.40	60.68	-2.06
sz300557	0	0	0	0	-2.09	4149	36.95	36.44	36.21	36.97	-2.12
sz300550	0	0	0	0	-158.90	4317	30.45	29.95	29.75	30.90	-3.32
sz300558	-1786	0	0	0	-1504.48	22220	61.79	59.40	59.09	62.00	-4.19
sz300559	0	0	0	0	262.96	3038	39.30	38.36	38.30	39.54	-2.89
sh600831	-9987	-1791	0	0	-411.46	30462	8.20	8.01	7.98	8.22	-2.67
sh600837	-43513	-15849	-5522	0	1323.00	308290	13.24	13.04	13.01	13.26	-1.44
sh600835	-61112	-17998	-5903	0	-9896.94	254147	24.77	22.85	22.36	24.77	-7.83
sz002597	-19337	-3294	-3043	0	-2007.87	126315	25.60	25.57	24.99	25.94	-0.97
sz300433	-7481	-1923	0	0	-2515.63	67378	29.51	28.89	28.57	29.76	-2.10
sz002067	-33790	-8663	-2449	0	-1857.16	169409	6.07	5.94	5.91	6.11	-1.82
sz002065	22488	43011	29474	0	7564.20	1272645	8.89	9.25	8.88	9.47	4.28
sh603055	-2266	-9	0	0	-683.05	128516	17.14	17.89	16.90	18.39	2.76
sz002061	-9191	-3241	-2456	0	-106.40	96638	15.30	15.00	14.95	15.44	-1.96
sh603585	-734	0	0	0	-330.89	7293	32.19	30.84	30.70	32.24	-3.20
sh603589	-3441	-1201	0	0	-1340.83	50744	49.91	49.28	48.65	50.85	-1.24
sh603903	0	0	0	0	-66.32	13398	38.70	37.50	37.45	38.70	-3.62
sh603906	0	0	0	0	78.79	9194	15.14	14.80	14.78	15.30	-2.25
sz300722	-1678	0	0	0	-604.12	32316	34.30	34.48	33.70	35.47	-1.20
sh603637	-278	0	0	0	-401.93	22350	24.20	24.50	23.79	25.00	1.20
sh603633	-730	0	0	0	-55.49	8390	17.61	17.34	17.21	17.99	-2.80
sz002111	-1444	1179	0	0	379.10	63066	14.69	14.76	14.68	15.63	2.22
sz002110	-70249	-34873	-26054	0	-9951.70	460975	22.52	21.16	20.92	22.58	-8.95
sz002117	-19691	-8101	-1915	0	-5421.46	140066	21.44	21.06	20.68	22.00	-6.61
sz002116	-3848	0	0	0	-307.84	24388	10.65	10.21	10.11	10.65	-4.13
sz002448	-7317	0	0	0	-1276.45	42551	9.05	8.78	8.76	9.05	-3.09
sz002119	-1879	0	0	0	-566.73	22299	18.56	17.53	17.52	18.56	-5.75
sh601628	4865	18891	9104	0	24286.40	507898	30.39	31.44	30.26	31.57	3.46
sz000050	-34324	-14709	-7404	0	-6536.45	196987	19.58	19.11	18.96	19.80	-2.55
sz002533	-1970	0	0	0	34.18	27417	6.81	6.68	6.67	6.84	-2.20
sz000915	-14270	-2890	0	0	-1248.90	85546	31.05	29.60	29.28	31.05	-4.67
sz000997	-38815	-10297	-4084	0	-6345.02	161665	19.41	18.74	18.71	19.55	-4.19
sh600708	-17646	-1362	-763	0	1203.47	175411	7.72	7.63	7.61	7.87	-1.42
sz300662	-1185	0	0	0	187.38	20260	25.27	25.83	25.05	25.97	0.70
sh600843	-1611	0	0	0	-208.41	16744	10.54	10.31	10.26	10.61	-2.46
sz300463	-13115	0	0	0	-931.84	59204	22.10	21.22	21.18	22.23	-3.98
sh600284	-4317	0	0	0	-369.63	26219	9.60	9.36	9.35	9.64	-2.40
sh603663	-306	0	0	0	183.29	7084	20.08	19.68	19.63	20.18	-2.04
sh603869	-718	0	0	0	78.26	15732	21.62	21.50	20.96	21.81	-0.32
sh600661	-1426	0	0	0	112.41	12985	24.41	24.00	23.90	24.73	-2.44
sz000789	-69911	-29174	-36596	0	-4255.50	575810	12.71	12.39	12.19	12.86	-2.67
sh601390	-42735	-8167	-3698	0	-5970.28	313395	8.49	8.40	8.39	8.50	-1.06
sh601000	9093	29294	27565	0	1119.55	301222	4.87	4.91	4.81	4.93	1.24
sz300514	-920	0	0	0	-309.16	11751	27.48	25.89	25.88	27.48	-5.51
sh603386	-29571	-2182	-6483	0	-437.19	286199	20.73	20.32	20.20	21.77	2.68
sh600271	-35720	-6159	4571	0	-4937.96	229918	21.70	21.30	21.21	21.77	-3.05
sz000060	-58051	-18830	-8903	0	5334.64	409977	11.43	11.21	11.12	11.48	-1.92
sh603879	-1899	0	0	0	-448.97	25999	19.95	18.49	17.96	20.07	-7.32
sh603066	-599	0	0	0	-321.27	23662	12.53	12.12	12.08	12.53	-3.35
sh600261	-21779	-13790	-9998	0	-787.59	49625	5.44	5.35	5.34	5.46	-1.65
sh600260	-15669	-4658	-2089	0	-4473.49	88096	30.88	29.55	29.35	30.90	-4.21
sz002271	-534	0	0	0	-2523.33	52617	40.49	40.08	40.00	41.40	-0.55
sh603607	-914	0	0	0	107.84	47230	43.06	43.82	40.81	45.08	1.18
sh603608	-2280	0	0	0	-27.97	19959	11.13	10.71	10.64	11.13	-4.20
sh600009	852	1734	0	0	-925.88	120640	44.38	45.65	44.00	46.44	3.89
sz002878	-326	0	0	0	-105.73	9534	35.75	34.35	33.84	35.84	-3.92
sh600137	-455	0	0	0	-268.94	23210	24.15	22.88	22.81	24.15	-4.94
sz002908	-15793	-6708	-2831	0	-8876.51	195082	37.00	38.71	33.97	41.48	2.57
sz002909	-9711	-1688	0	0	-1078.87	112390	23.67	24.03	22.90	25.37	-0.74
sz002900	-623	-1733	0	0	1326.34	74554	30.48	31.66	29.80	32.50	2.83
sz002906	-19864	-4198	-1667	0	-4371.12	138215	24.93	24.01	23.67	25.15	-6.21
sh600736	-20218	-4751	0	0	-749.38	63973	6.35	6.23	6.17	6.40	-2.81
sh600739	7975	4835	398	0	2697.39	89974	17.82	17.98	17.64	18.10	0.50
sz002561	-5497	-1744	0	0	-806.78	26554	12.04	11.69	11.64	12.04	-2.58
sz300197	-49557	-18274	-16466	0	-3922.77	186493	11.30	10.91	10.90	11.35	-3.62
sz002315	-778	0	0	0	-544.89	15651	22.10	21.40	21.36	22.13	-3.56
sh603277	-3494	0	0	0	589.56	75360	18.59	19.19	18.01	19.49	2.51
sz002007	-5091	-1075	0	0	-3672.86	69158	28.11	27.67	27.60	28.58	-1.18
sh600479	-1994	0	0	0	-411.90	26800	13.94	13.73	13.60	14.00	-1.29
sz002867	500	0	0	0	-73.70	13052	29.20	28.85	28.73	29.56	-1.10
sh603858	-3371	0	0	0	-1756.14	29256	51.07	49.64	49.49	51.09	-2.69
sh600101	-6753	-1286	0	0	-377.83	35500	9.27	8.97	8.95	9.27	-3.24
sh600031	-29854	-9354	-13521	0	-20972.40	1275591	9.30	9.21	9.10	9.43	-1.39
sh600745	-6981	2489	2489	0	-922.43	52561	32.22	30.79	30.65	32.39	-4.20
sh600741	-18163	-1732	0	0	-4088.77	134604	27.82	27.37	27.21	27.86	-1.62
sz300183	-7504	1724	0	0	-1904.62	62185	19.03	18.42	18.31	19.90	-3.41
sz300236	-5628	-1016	0	0	-3301.14	67795	30.30	28.46	28.09	30.30	-6.90
sh603488	40545	37281	31958	0	-917.13	152592	18.31	18.91	17.40	19.68	3.28
sz300428	-1979	0	0	0	-293.29	26225	18.90	18.10	18.03	19.00	-4.59
sz300429	-201	0	0	0	-119.32	10956	23.63	23.33	23.13	23.81	-1.35
sh600804	-34779	-21082	-10626	0	-4084.76	100110	17.18	16.57	16.48	17.18	-3.55
sz002071	-7557	-2796	0	0	-95.46	35937	9.95	9.71	9.56	9.99	-2.22
sh603041	485	0	0	0	-73.78	11228	22.16	21.72	21.55	22.49	-3.60
sh603912	-20719	-7598	-7644	0	-1013.93	167257	28.46	30.58	26.90	31.00	2.89
sh603809	-713	0	0	0	-410.69	37283	37.44	36.98	36.50	37.73	-2.68
sh600933	-10392	0	0	0	-1088.50	146912	16.41	16.56	16.10	16.79	-1.60
sz002852	-266	0	0	0	-565.95	11115	32.70	31.62	31.51	32.90	-3.66
sh601998	11210	33225	52833	0	4810.70	979828	6.85	6.97	6.83	7.11	1.75
sh601999	-6169	-2000	-2000	0	-429.21	26951	7.64	7.40	7.33	7.71	-3.65
sh603829	-15503	-3923	-3027	0	-4721.04	201357	20.99	20.00	19.62	22.00	-0.65
sh601199	-14900	-4859	-3000	0	-287.99	39364	5.65	5.51	5.50	5.65	-2.48
sh600023	-39186	-21330	2520	0	-485.92	238220	5.53	5.46	5.46	5.59	-1.27
sz000568	-14878	304	-2278	0	5308.20	172051	71.60	72.78	71.60	74.40	2.48
sh600754	6407	0	0	0	4736.30	76451	35.39	37.22	34.93	37.69	6.04
sh601579	-944	0	0	0	-156.22	9964	11.96	11.74	11.64	12.03	-2.09
sz002063	-104900	-70220	-73329	0	-2299.50	769956	12.60	12.75	12.52	13.30	-1.70
sz000338	-78032	-7328	15238	0	-1783.70	925865	8.74	8.59	8.51	8.86	-0.92
sz002668	-3600	0	0	0	-533.68	26573	20.08	19.52	19.29	20.08	-2.59
sh603456	-1673	0	0	0	270.82	15421	15.25	15.22	15.19	15.43	-0.65
sz002661	-653	0	0	0	-103.18	12160	14.34	14.13	14.00	14.40	-1.46
sh603555	7342	8892	11313	0	366.02	35752	17.90	18.18	17.70	18.24	1.56
sz300439	-1169	0	0	0	-464.64	15611	18.83	18.24	18.23	18.83	-3.08
sh603586	-954	0	0	0	-31.81	11098	23.85	23.12	23.00	23.87	-3.02
sh603580	0	0	0	0	-44.97	6820	30.09	29.22	29.00	30.39	-3.34
sh603909	0	0	0	0	1.58	1415	31.65	31.65	31.07	31.86	0.00
sz002502	-7294	-3361	0	0	-454.46	57407	8.50	8.29	8.20	8.51	-2.59
sz300720	-957	0	0	0	-182.23	49129	32.01	32.68	30.61	33.83	0.21
sz002449	-15827	-1200	0	0	-5010.33	150141	16.97	15.93	15.73	17.01	-6.18
sh600340	-44748	-20395	-3141	0	3756.00	599155	39.59	40.31	39.40	41.38	1.26
sh600346	-60223	-15279	-6750	0	-2988.70	265244	14.28	13.78	13.51	14.39	-2.68
sh601988	-288421	-167937	-140220	0	25360.70	3977639	4.10	4.18	4.09	4.20	2.20
sz000960	-52094	-10431	-2979	0	-4323.02	217986	13.44	13.03	12.89	13.53	-2.98
sz000963	-9584	-3529	0	0	-2253.70	54650	57.37	55.85	55.51	57.86	-2.36
sh603127	0	0	0	0	-508.86	10592	56.50	52.03	52.00	56.99	-8.24
sh603129	6	0	0	0	189.03	25063	26.95	27.49	26.38	28.50	1.59
sh603128	-34548	-5629	0	0	-2034.58	185686	8.68	8.28	8.25	8.73	-5.80
sh600230	-1443	0	0	0	1223.95	113208	47.27	47.50	46.82	48.95	1.02
sh600233	-658	0	0	0	153.16	20627	16.88	16.82	16.81	17.11	-0.36
sh600697	-875	0	0	0	-233.67	13836	25.35	24.97	24.88	25.35	-1.50
sh600694	-761	0	0	0	-424.09	13352	34.52	33.97	33.70	34.52	-1.45
sh600160	-38946	-19493	-16187	0	-3216.39	209021	10.96	10.79	10.71	11.12	-2.09
sh601188	-6232	-1000	0	0	-77.37	24194	4.15	4.08	4.05	4.17	-1.69
sh600690	-37656	6582	8385	0	733.50	1038854	21.81	22.05	21.81	23.20	2.56
sh600168	-9612	-3480	-3480	0	-349.05	30714	8.40	8.20	8.20	8.40	-2.50
sh603368	-853	0	0	0	-1839.32	12918	47.69	45.07	45.00	47.69	-5.53
sz000999	-3340	1122	0	0	502.31	57647	26.00	26.34	25.91	26.57	0.77
sh600585	-11142	246	-2175	0	-11662.00	492915	31.59	31.37	31.03	31.87	-0.60
sz000627	-11449	8687	3411	0	-54.50	319997	8.25	8.36	8.21	8.44	1.33
sz000620	-2548	0	0	0	151.38	46397	6.40	6.38	6.30	6.50	-1.09
sh601366	-1959	1070	0	0	503.49	90757	10.45	10.55	10.45	10.74	2.13
sh600761	-22242	-11161	-2011	0	-2545.86	85164	10.63	10.24	10.20	10.71	-3.76
sh600569	-210383	-205651	-204666	0	-15839.51	1290671	5.15	4.97	4.88	5.16	-5.69
sh600562	-16468	-1267	0	0	-4552.74	99160	22.85	21.00	20.63	23.04	-8.38
sh600565	-73655	-31322	-11577	0	-275.16	391860	4.57	4.45	4.44	4.63	-3.05
sz001979	-19691	13485	8467	0	1370.10	392673	21.89	21.75	21.60	22.33	0.55
sh601966	3100	4866	3695	0	787.64	50834	17.86	18.00	17.63	18.02	0.78
sh601965	-4773	-1000	0	0	-433.70	26645	8.63	8.54	8.47	8.68	-1.73
sz300097	-4405	0	0	0	-1381.27	46541	26.28	25.08	24.81	26.75	-4.86
sz002615	16769	16950	1317	0	4278.17	156564	10.29	10.50	10.18	10.59	4.58
sz300547	-219	0	0	0	877.05	9521	51.77	51.51	50.22	51.77	0.33
sz300546	-283	0	0	0	-182.77	9266	21.66	20.30	20.28	21.66	-3.20
sz300545	0	0	0	0	-93.05	3168	61.04	60.10	59.06	61.04	-1.23
sz000049	-3276	0	0	0	-4150.32	30853	39.60	38.46	38.24	39.60	-2.95
sz300403	-2201	0	0	0	-404.14	20246	15.99	15.54	15.39	16.09	-2.20
sz300408	-30247	-1493	2004	0	-10271.20	164885	21.98	20.50	20.38	22.19	-6.69
sz002051	-10757	-3349	-2140	0	-2063.27	49091	18.43	18.08	17.98	18.52	-2.01
sz002056	-93255	-32614	-8769	0	-8434.14	387978	10.88	10.52	10.41	10.89	-4.62
sz002728	-450	0	0	0	-135.62	10671	18.97	18.37	18.25	18.99	-2.91
sh603026	-3008	0	0	0	-861.88	29424	24.26	23.31	23.13	24.26	-4.19
sz002627	-1753	0	0	0	-303.61	8464	18.28	18.04	18.00	18.28	-1.04
sh601818	-120960	41005	79799	0	11098.90	3183995	4.16	4.21	4.15	4.23	1.20
sh603936	-1330	-1630	0	0	-41.19	10341	24.45	23.77	23.00	24.57	-2.74
sh603937	-10853	-2174	0	0	-2980.77	215573	26.02	26.33	25.11	27.74	-0.64
sz300716	-2597	-1229	0	0	-21.61	55808	27.09	27.41	26.13	28.36	0.88
sz300715	-891	0	0	0	-36.70	35568	33.90	35.62	33.13	36.50	4.18
sh603336	-892	0	0	0	-211.16	20047	21.64	20.71	20.60	21.65	-5.43
sh603339	-1041	0	0	0	-567.46	17110	23.06	22.09	22.03	23.06	-4.08
sz002128	-64810	-18898	-4333	0	-4080.85	283689	11.12	10.64	10.60	11.17	-4.32
sh600354	-25317	405	854	0	-1722.15	105372	7.02	6.78	6.71	7.04	-4.24
sh600516	-107396	-66515	-47500	0	-105238.00	1790585	33.83	31.12	30.81	33.84	-9.09
sh601800	-24716	-7010	-2500	0	-3718.59	128846	13.26	12.96	12.90	13.35	-2.34
sh600298	4800	3669	2702	0	3969.14	157596	33.52	34.59	33.52	34.79	3.16
sh600452	-3082	0	0	0	-358.69	13987	35.21	34.42	34.00	35.21	-2.27
sz300569	480	0	0	0	-29.96	9569	22.63	22.20	21.80	22.63	-1.99
sz002036	-14124	-3121	-2057	0	-1837.07	71182	16.05	15.45	15.45	16.05	-4.16
sh600280	-17783	-4318	-4624	0	-515.29	76245	8.16	7.83	7.80	8.16	-4.04
sz000895	13045	17691	2506	0	5883.30	358490	28.18	29.23	28.18	29.65	3.76
sz000889	4647	1000	0	0	-786.67	37507	13.19	13.03	12.80	13.25	-1.59
sh600873	-33838	-19314	-8847	0	-1446.62	154699	5.39	5.21	5.20	5.39	-3.34
sh603283	-24448	-16674	-14433	0	15012.26	273199	34.09	34.08	32.56	35.29	-0.61
sh603605	-3143	0	0	0	-1187.81	43291	28.45	27.15	26.91	28.73	-5.20
sh600133	-34008	-14365	-13784	0	-3368.18	206581	10.13	9.79	9.75	10.13	-3.55
sh601020	-3018	0	0	0	-696.35	33558	20.30	19.37	19.17	20.43	-4.68
sh601288	-43989	23173	-40966	0	17215.00	5515164	4.02	4.12	4.01	4.17	2.74
sz300041	-6721	3001	0	0	-588.79	49094	10.00	9.75	9.72	10.06	-2.50
sz300190	-4341	0	0	0	-676.30	32014	11.70	11.21	11.19	11.70	-4.35
sz300222	-3958	0	0	0	-389.33	52058	20.08	19.44	19.32	20.15	-2.70
sh600826	-1304	0	0	0	-230.47	17202	13.50	13.04	13.02	13.51	-3.41
sz300450	-3971	0	0	0	-7884.47	44798	59.92	56.21	55.86	59.92	-6.57
sz002001	-29957	-1905	-4996	0	-8857.70	432549	44.02	43.72	43.06	45.33	-0.11
sh603299	-79076	-22481	6322	0	6259.21	273950	10.42	11.01	10.42	11.01	9.99
sz002462	-1982	0	0	0	315.27	26449	26.60	25.86	25.80	26.73	-2.75
sz002865	1027	1027	0	0	-205.60	12184	22.35	22.20	21.67	22.35	-0.45
sz002868	-452	0	0	0	-462.43	9846	24.16	22.99	22.98	24.16	-4.92
sh603101	-702	0	0	0	-125.27	8740	13.29	12.89	12.82	13.32	-3.01
sh600109	-82109	-32815	-8268	0	-7014.16	293868	9.62	9.26	9.23	9.63	-3.94
sz002911	16511	25479	22683	0	16026.69	191484	28.71	32.23	28.71	32.23	10.00
sh600499	-104116	-53466	-26507	0	-9840.03	548125	11.13	10.34	10.22	11.43	-7.93
sh600036	-60258	589	-1523	0	10819.70	673146	31.48	31.94	31.30	32.40	1.36
sz300182	-43216	-13561	-2677	0	-733.67	164499	9.43	9.24	9.21	9.45	-2.22
sz300180	-1031	0	0	0	177.32	6556	24.52	24.41	24.24	24.63	-1.01
sz002537	-29455	-10328	-7019	0	358.66	143036	10.70	10.51	10.47	10.95	-5.82
sh600808	-234722	-188759	-166957	0	-14445.95	1283096	4.23	4.07	4.04	4.24	-4.46
sz002120	0	0	0	0	-615.75	13294	44.17	42.35	42.30	44.75	-4.01
sh603139	-200	0	0	0	-331.02	11112	26.22	25.20	25.10	26.30	-3.71
sz000635	-2337	0	0	0	-253.09	37870	15.92	15.61	15.45	16.33	-1.70
sh600755	-95198	-59816	-48732	0	-5717.18	601234	10.84	10.58	10.52	10.92	0.00
sh600750	-1371	0	0	0	-1158.81	34405	26.35	26.38	26.23	26.82	-0.15
sh603197	-253	0	0	0	-330.64	7189	51.00	49.83	49.70	51.38	-2.50
sz300083	-54402	-17945	-13286	0	-4625.17	242882	7.21	6.92	6.91	7.22	-4.68
sz300553	-578	0	0	0	-4.22	5911	40.79	42.03	39.49	43.55	2.99
sz002595	-2847	0	0	0	-856.66	25217	18.47	18.04	17.96	18.47	-2.33
sz002068	-11297	974	2002	0	-473.13	83801	10.13	9.89	9.76	10.15	-1.98
sh603900	-1307	0	0	0	-452.23	17067	31.20	30.31	30.18	31.70	-3.59
sz002283	-10121	-698	0	0	-89.10	49508	5.75	5.65	5.65	5.76	-1.91
sz002287	-224	0	0	0	-379.04	9261	36.18	35.00	34.75	36.23	-3.21
sh600231	-102137	-49703	-24333	0	-4986.82	479205	5.08	4.98	4.95	5.10	-3.86
sh601186	-51042	-11406	-1570	0	-9754.85	322474	11.48	11.25	11.22	11.51	-1.75
sh600581	-84083	-32404	-23709	0	-11967.35	382879	13.71	13.15	13.00	13.72	-6.07
sz000626	-7843	0	0	0	-481.27	36947	13.04	12.67	12.52	13.04	-3.28
sz000625	-45012	-15922	-4392	0	-1567.64	174298	12.99	12.77	12.74	12.99	-1.77
sh600768	-1715	0	0	0	-39.26	15136	14.28	13.58	13.50	14.28	-4.90
sh601368	-7219	-1515	0	0	-323.06	25992	8.88	8.67	8.63	8.94	-2.36
sz300338	-560	0	0	0	11.68	13118	20.19	19.82	19.50	20.19	-1.29
sh601567	1837	0	0	0	452.64	28440	9.57	9.63	9.38	9.65	0.63
sh600827	-7549	-2547	-2547	0	-905.84	54093	13.24	13.04	12.92	13.24	-1.66
sz300407	-9498	-3560	0	0	-1109.72	79026	12.12	12.04	11.72	12.43	-1.07
sz300409	-5935	-1000	0	0	-6246.10	67328	54.29	50.50	49.87	55.55	-7.20
sh600828	-6861	0	0	0	-124.96	32896	6.33	6.23	6.16	6.33	-1.74
sz002057	-10433	0	0	0	-445.91	34385	12.48	12.05	12.03	12.58	-3.68
sz002727	-3918	0	0	0	-1361.04	29442	20.94	20.40	20.18	20.94	-3.04
sh603027	-1545	0	0	0	402.78	24423	19.02	18.85	18.58	19.26	-2.28
sh603938	-500	0	0	0	-368.95	25694	37.38	37.50	37.20	38.86	0.24
sz002434	-27135	-9075	-7788	0	-2369.60	111242	10.33	9.92	9.89	10.36	-4.06
sh603806	-601	0	0	0	3.00	8890	34.22	34.29	33.59	34.47	0.06
sz002108	-39554	-8966	-6612	0	-2957.26	176951	11.93	11.37	11.20	11.97	-4.69
sh603157	-6947	-140	0	0	-1097.96	127026	18.79	18.84	18.12	19.47	-0.05
sz002541	-1650	0	0	0	-429.21	16922	13.94	13.44	13.41	13.94	-3.66
sh600293	-18376	-6140	0	0	-1313.61	84217	8.28	8.09	8.05	8.37	-3.23
sz002820	0	0	0	0	14.61	6044	25.30	24.41	24.00	25.30	-4.27
sh600459	-10653	-2438	0	0	-2199.34	72793	22.99	22.00	21.81	23.29	-4.39
sz000411	-7997	0	0	0	283.25	23619	20.08	20.16	20.08	20.57	-1.95
sz000524	-941	0	0	0	-178.76	12563	11.50	11.12	11.07	11.50	-3.22
sz000531	-1150	3465	0	0	-452.03	27964	7.95	7.76	7.74	7.98	-2.27
sz300502	-7895	-1000	0	0	-3401.57	59724	25.03	23.47	23.10	25.18	-4.59
sz002273	-31419	-6237	-1098	0	-7654.52	186512	22.10	21.15	20.99	22.15	-3.99
sz000657	-9366	-3009	-3009	0	39.11	39933	12.49	12.21	12.01	12.51	-2.55
sh600000	-17201	17844	-2517	0	1038.50	613206	12.88	13.02	12.85	13.08	0.85
sh600395	-35971	-11702	-4303	0	-1275.97	127515	7.10	6.84	6.82	7.10	-3.80
sz002902	-3685	-1253	0	0	-1823.66	44928	41.30	40.30	39.68	41.47	-3.47
sh600380	-54832	-15538	-20853	0	-4370.56	639707	12.61	12.41	12.40	12.91	-0.64
sz002313	-2939	1171	0	0	-435.79	41367	30.84	30.65	30.48	31.26	0.33
sh600820	-22781	-6337	-2094	0	-169.70	131645	8.37	8.21	8.20	8.40	-1.91
sh603278	-674	0	0	0	238.06	92511	24.02	24.31	23.70	24.91	-0.29
sh603100	-1928	0	0	0	-59.48	17397	9.99	9.79	9.76	10.03	-2.00
sh603106	-14020	-4787	-3681	0	-1991.99	226552	26.00	27.90	25.42	29.50	-1.20
sh600037	-8825	98	0	0	-1802.10	62332	13.00	12.61	12.57	13.00	-3.22
sh600743	-173669	-134067	-96886	0	-4109.32	709196	4.34	4.14	4.05	4.39	-5.91
sz002675	-11124	-1678	0	0	-722.73	66769	11.30	10.66	10.65	11.30	-5.66
sz002673	-57695	-18286	-4686	0	-16049.14	347957	12.38	11.89	11.85	12.42	-3.96
sh600801	-37993	-17198	-10228	0	-4898.20	267151	14.06	13.87	13.77	14.18	-1.77
sz002856	12310	12344	11302	0	9547.65	63485	44.98	46.99	44.54	46.99	4.47
sh603825	-267	0	0	0	-224.44	10145	30.83	28.87	28.11	30.83	-6.27
sz000567	-6139	-1000	0	0	-878.10	26284	25.25	24.05	23.94	25.25	-5.13
sz300082	-9350	-2527	0	0	-665.92	38723	6.98	6.67	6.65	6.98	-4.44
sh603708	-2021	1203	0	0	-631.60	31077	21.33	20.60	20.50	21.50	-3.42
sz002440	4991	9591	-295	0	-2577.21	168753	19.32	19.52	19.00	19.90	0.10
sh600580	-14609	-3114	0	0	-515.74	163349	8.64	8.58	8.51	8.79	-0.12
sh600566	-6037	-1655	0	0	-932.76	53399	41.00	40.76	40.44	41.58	-2.09
sz300549	0	0	0	0	-39.62	7006	21.41	20.42	20.38	21.72	-5.16
sz300401	2497	1000	0	0	952.16	40661	47.89	48.25	47.33	49.40	0.33
sz002053	-3432	-47	0	0	-345.57	61145	11.47	11.50	11.38	11.64	0.44
sz002726	-28261	-2524	0	0	-3110.44	87261	11.60	10.89	10.75	11.66	-6.04
sh603025	0	0	0	0	-337.26	12110	29.80	30.34	29.64	30.84	0.90
sz002626	-15420	-946	0	0	-1345.83	123132	21.51	20.89	20.68	21.55	-2.84
sh600917	-20960	-5336	0	0	-1078.88	238099	10.83	10.82	10.50	11.50	-0.82
sz300712	-97	2605	3000	0	848.87	94395	24.70	26.19	24.26	27.50	4.47
sz300710	-312	0	0	0	-602.10	14326	41.80	39.81	39.70	41.80	-5.03
sz300718	-442	0	0	0	-108.05	17797	39.00	38.49	38.17	39.19	-2.33
sz002124	-8807	-3588	-2388	0	-551.74	32346	8.81	8.49	8.48	8.84	-3.52
sh600352	24532	20087	-1371	0	547.20	850032	12.08	12.41	11.95	12.48	2.06
sh603808	-4281	0	0	0	-767.81	26214	20.96	20.43	20.32	20.99	-2.67
sh600229	-7010	-1663	0	0	-233.81	22815	7.66	7.50	7.42	7.68	-2.34
sz002540	-7266	1123	1123	0	303.35	53640	7.56	7.55	7.51	7.70	-0.66
sz002543	-724	0	0	0	150.72	24929	21.38	21.81	21.32	22.07	2.01
sh603159	0	0	0	0	-113.75	11933	25.50	24.59	24.55	25.50	-4.21
sh600173	-52925	-11999	6642	0	-3194.06	351731	6.59	6.43	6.40	6.70	-6.27
sh600171	-51912	-1760	-955	0	-5361.01	409342	14.91	14.11	13.93	14.94	-6.49
sh601888	-3892	-1779	0	0	2080.61	142230	46.58	47.74	46.22	48.39	3.94
sz000967	-7411	-1443	0	0	-610.51	37185	9.32	9.09	9.08	9.38	-2.68
sh600771	3518	0	0	0	1498.25	35057	43.30	43.90	42.90	44.24	1.36
sh600688	-1210	13419	1007	0	2474.41	730633	6.98	7.09	6.82	7.10	2.16
sh601952	-23937	-4754	0	0	-3025.50	120390	13.14	12.60	12.56	13.15	-3.96
sh601799	-861	0	0	0	91.51	7224	50.90	50.04	49.30	50.93	-1.59
sz000811	-15300	-3508	-2000	0	-1060.01	47501	8.01	7.71	7.69	8.01	-3.62
sz000813	-2739	4248	2771	0	-217.34	130814	9.10	9.08	8.86	9.39	-0.66
sz300393	0	0	0	0	45.86	8950	37.08	36.83	36.40	37.45	-1.63
sz300395	-2394	0	0	0	-703.75	20250	15.83	15.49	15.32	15.83	-1.96
sz002603	-18129	2400	6202	0	-3129.42	242632	17.29	16.88	16.66	17.63	2.93
sz002601	-31459	-2089	0	0	-4852.94	204320	17.25	16.60	16.46	17.45	-3.77
sz300575	0	0	0	0	237.24	5801	39.66	39.04	38.98	40.04	-2.67
sz300378	-6439	0	0	0	-1002.41	50117	14.60	14.03	14.00	14.62	-5.52
sh600985	-1495	2829	0	0	-352.15	98463	14.60	14.55	13.90	14.65	0.69
sz300371	-505	0	0	0	-213.01	7929	19.22	18.32	18.20	19.28	-4.33
sz300376	-21447	-4321	-4375	0	-691.30	135827	7.27	7.04	7.01	7.27	-3.16
sz300501	0	0	0	0	-21.72	3019	34.90	34.12	33.83	35.15	-2.29
sz002733	-6705	-3179	0	0	6.77	37743	17.10	16.52	16.51	17.10	-3.22
sz002732	7	0	0	0	-91.69	12835	27.87	27.36	27.15	27.87	-2.39
sz002731	-507	0	0	0	51.17	9863	18.08	17.70	17.60	18.18	-2.37
sz002043	-33139	-6061	-3175	0	-978.55	151122	12.28	11.73	11.67	12.38	-4.32
sh603033	-221	0	0	0	-51.53	5892	18.75	17.69	17.63	18.75	-4.38
sz002048	-21590	-6667	0	0	-7647.54	100213	23.66	22.59	22.27	23.90	-5.52
sh600966	-84616	-39825	-19961	0	-3238.61	264269	6.15	6.03	6.01	6.24	-2.11
sz300705	-839	-1058	0	0	45.57	38097	29.80	30.30	28.52	30.60	0.33
sz300707	-484	0	0	0	-1460.95	15810	44.24	42.02	41.93	44.56	-6.50
sz002139	-25540	-3865	-2302	0	-3380.41	135206	10.88	10.50	10.45	10.89	-4.20
sz002138	-15064	-1996	0	0	657.79	96686	16.43	16.00	15.89	16.44	-2.74
sh603323	-9442	8045	0	0	696.66	131304	8.44	8.47	8.36	8.59	0.12
sh603326	0	0	0	0	28.59	7963	18.88	18.52	18.35	18.99	-2.17
sh603496	0	0	0	0	-264.87	8701	33.01	31.66	31.58	33.18	-4.35
sh603328	-3808	0	0	0	-706.51	37865	14.94	14.30	14.29	14.98	-4.54
sh603819	-442	0	0	0	-33.43	10337	16.81	16.40	16.39	17.15	-3.98
sz002080	-11045	0	0	0	-2649.86	78185	24.64	23.69	23.38	24.99	-3.70
sh603928	-400	0	0	0	-34.50	9153	15.10	14.70	14.61	15.14	-2.58
sz002551	-2084	0	0	0	-300.17	35399	9.33	9.14	9.10	9.33	-2.25
sh601166	6572	35140	22868	0	-7240.00	2237324	17.87	18.00	17.86	18.33	0.39
sh601169	911	36926	33022	0	4451.20	762771	7.30	7.35	7.27	7.38	0.82
sz000605	-1381	0	0	0	124.71	23341	18.75	18.18	18.13	18.77	-2.78
sz000975	1713	4393	4222	0	300.44	167926	14.95	14.78	14.57	15.47	-0.07
sz000609	-3196	2500	0	0	-406.14	44624	11.44	11.00	10.95	11.52	-5.01
sz000608	-6039	-864	0	0	-307.10	50248	6.86	6.63	6.53	6.88	-3.21
sh600782	-126821	-91725	-85204	0	-9214.65	775675	6.76	6.46	6.38	6.84	-7.58
sh600785	0	0	0	0	21.00	1475	21.24	20.88	20.86	21.24	-1.74
sh600549	-67187	-6603	-2234	0	-12293.24	308212	25.75	24.43	24.08	25.94	-5.60
sh600180	-4887	0	0	0	193.81	38875	10.51	10.26	10.15	10.57	-2.66
sz000151	-2456	0	0	0	-131.40	21452	12.58	12.20	12.12	12.61	-3.33
sh601788	-25839	-4993	-4980	0	-2641.09	125105	13.72	13.49	13.45	13.78	-1.53
sz000980	-27215	-11569	-8505	0	-2975.48	144814	12.16	11.64	11.64	12.16	-4.82
sz000559	-33765	-10482	356	0	-3398.38	148718	10.00	9.65	9.52	10.00	-3.98
sz300385	-598	0	0	0	123.29	6699	24.43	23.88	23.85	24.70	-2.97
sz300384	-451	0	0	0	-155.36	5726	28.75	27.10	27.01	28.75	-5.90
sz002153	-11633	-1072	0	0	-1889.87	74459	26.61	25.85	25.68	26.85	-3.90
sz002016	2695	8459	-4715	0	3403.13	303011	11.82	12.43	11.70	12.62	5.43
sz002636	-10418	-1042	0	0	-1264.02	62873	15.60	15.02	14.91	15.60	-3.96
sz300565	-575	0	0	0	-228.33	21207	20.70	19.85	19.76	20.72	-5.02
sz300560	-1182	0	0	0	-679.00	21426	33.20	31.50	31.33	33.43	-5.91
sz300360	-4730	0	0	0	-325.74	26622	10.55	10.31	10.31	10.60	-2.83
sz300365	-5376	0	0	0	-2622.06	48313	33.83	32.98	32.51	33.90	-4.38
sh603798	-834	0	0	0	-41.41	7843	17.18	16.72	16.60	17.26	-2.85
sh603001	-2613	0	0	0	-504.82	26145	14.63	14.07	14.02	14.73	-4.67
sz002701	-37404	-22634	-13844	0	-1440.20	123344	6.08	5.88	5.79	6.08	-2.97
sz002092	-80979	-37704	-22273	0	-5321.44	414521	14.55	14.15	14.01	14.70	-2.82
sz002090	-175	0	0	0	612.59	12448	22.55	22.28	21.85	22.64	-0.71
sh600979	-14959	-1007	0	0	154.17	48489	5.25	5.15	5.15	5.26	-1.72
sh600976	-984	0	0	0	344.10	19724	24.50	24.39	24.16	24.94	-0.69
sh600971	-93781	-41578	-20589	0	-5602.83	301784	10.92	10.31	10.26	10.95	-5.41
sh600970	-83118	-28812	-11065	0	-8566.28	476023	10.12	9.58	9.53	10.13	-5.24
sz002419	7	-197	0	0	-885.07	110495	16.52	16.54	16.32	17.20	-0.18
sz002146	67038	108970	97725	0	11232.90	1415871	11.05	11.54	11.02	11.76	4.43
sz002416	-10453	-1691	-2691	0	-1446.17	63439	9.31	8.87	8.80	9.37	-5.03
sz002142	19229	31356	22706	0	12107.20	502407	18.37	19.17	18.37	19.46	3.57
sz002143	-564	2872	-2294	0	-1603.73	137100	14.33	14.48	14.25	14.76	0.14
sh603311	-471	0	0	0	111.71	6933	15.95	15.65	15.62	15.95	-2.00
sz002380	-288	0	0	0	-95.70	6556	16.89	16.53	16.46	16.89	-2.07
sz002384	-11394	-1000	0	0	-4584.06	101886	31.30	29.13	28.95	31.30	-6.36
sz002893	-13584	-4730	248	0	-427.15	197640	34.50	38.75	34.05	40.00	6.57
sz002890	0	0	0	0	-173.16	5745	33.16	31.87	31.80	33.23	-4.84
sz002898	-6075	-3618	-2268	0	-265.23	82290	22.79	23.85	22.30	24.45	-0.33
sh603178	-1181	0	0	0	-39.20	12097	14.67	14.45	14.39	14.69	-1.70
sh603955	0	0	0	0	-963.51	19431	40.92	38.47	38.30	40.92	-6.58
sh603776	-532	0	0	0	-2653.11	23798	59.95	54.23	54.23	59.95	-9.99
sh601155	-38409	-5438	-665	0	-3725.00	248777	34.47	34.89	34.12	36.00	0.29
sz002479	1101	7585	2016	0	-58.18	89958	9.98	10.00	9.76	10.11	-0.10
sz300577	-220	0	0	0	113.06	4803	67.00	65.40	65.07	67.00	-1.36
sh600379	4798	0	0	0	84.50	24251	11.60	11.56	11.22	11.64	-0.43
sh600377	-1022	4803	7233	0	-121.30	67476	9.98	10.00	9.90	10.02	0.40
sh600376	-13515	-5632	1056	0	-77.59	100833	10.31	10.16	10.09	10.36	-1.26
sz000498	-18344	-8692	-4615	0	-1175.54	60192	6.76	6.52	6.50	6.76	-3.55
sh600153	-39840	-22825	-12595	0	-1735.90	185739	11.86	11.55	11.53	11.86	-2.61
sh600419	-548	0	0	0	-925.32	12093	44.46	42.69	42.65	44.59	-4.48
sz300170	-48384	-16032	-7379	0	-2672.52	203199	12.40	12.02	11.58	12.42	-3.45
sz002877	-2129	0	0	0	154.91	15672	22.58	21.89	21.89	22.58	-2.97
sz002871	-322	0	0	0	-56.53	7627	34.48	33.33	33.31	34.76	-3.84
sz300282	-4306	-2594	-2594	0	58.41	43540	17.37	17.96	17.22	18.60	3.34
sz002624	-1082	0	0	0	-308.69	24669	31.42	30.93	30.60	31.66	-2.86
sz000951	-8973	0	0	0	-1883.30	73768	17.20	16.31	16.27	17.27	-5.67
sh603787	550	0	0	0	102.80	11771	14.17	14.23	14.03	14.35	-0.77
sh603010	-2694	0	0	0	-1516.39	26603	25.80	24.83	24.70	25.89	-4.09
sh603018	349	0	0	0	122.60	8921	27.80	27.32	27.27	27.89	-1.73
sz002081	-29041	-4467	-3721	0	-1474.98	177931	15.65	15.63	15.52	15.90	0.26
sz002085	-7245	-1517	0	0	-231.25	41810	16.21	15.89	15.78	16.28	-1.79
sz002087	-26026	-10048	-5192	0	-1156.49	70431	5.84	5.71	5.69	5.87	-2.73
sz002088	-1080	0	0	0	113.01	27154	13.55	13.50	13.31	13.75	-0.52
sz002047	-24830	-9211	-5575	0	-887.85	96792	7.48	7.33	7.25	7.56	-3.04
sz002883	390	0	0	0	241.47	36891	55.38	53.82	53.05	56.29	-6.24
sz002406	-5439	0	0	0	-407.54	30138	7.20	7.02	7.00	7.20	-2.50
sh603305	-1243	0	0	0	-1346.39	26354	37.01	34.29	34.01	37.02	-8.00
sz002152	-91572	-19804	8788	0	-7191.64	892231	7.97	7.80	7.71	8.07	-4.88
sz002394	1350	1501	0	0	-95.09	16612	12.38	12.24	12.21	12.43	-1.05
sz002391	503	0	0	0	197.67	44531	15.44	15.44	15.27	15.68	0.39
sz002393	-698	0	0	0	-570.55	10432	31.95	31.00	31.00	31.95	-3.00
sz002572	-664	1102	0	0	-150.92	53635	37.90	38.02	37.90	39.18	-0.05
sh600415	-49186	-26898	-12879	0	-1769.02	135619	5.95	5.78	5.77	5.95	-2.86
sz000957	-36594	-9376	-5539	0	-2804.43	146260	11.50	11.14	11.12	11.60	-4.54
sz002889	-1791	0	0	0	-999.26	23108	28.34	27.30	27.13	28.56	-4.58
sh600308	-20835	101	0	0	-1005.85	129144	6.63	6.48	6.43	6.69	-2.26
sz002882	-316	117	0	0	471.69	74372	13.98	14.01	13.61	14.90	1.37
sz002886	-904	0	0	0	-398.57	17667	35.21	33.10	33.00	35.21	-5.40
sh600521	-17310	-3107	0	0	-3204.81	114233	28.98	27.37	27.27	28.98	-5.62
sh600528	-15170	-2600	-2063	0	539.74	102862	12.30	12.10	12.09	12.51	-0.90
sh600529	-2213	0	0	0	-698.15	34679	21.33	21.52	21.33	22.10	0.23
sz002903	-1949	0	0	0	-405.06	79976	42.32	42.92	41.30	46.32	1.39
sz002905	-429	0	0	0	-719.47	15088	34.86	33.28	33.28	34.88	-4.81
sz000717	-133234	-77661	-44077	0	-12605.80	915889	8.51	8.22	8.10	8.51	-5.41
sh601211	-40388	-18212	-10167	0	-4380.42	279113	19.11	18.86	18.81	19.23	-1.51
sh600639	-924	0	0	0	-75.87	14461	17.11	16.97	16.95	17.37	-1.85
sh600630	-10820	0	0	0	-838.05	48866	10.42	10.18	10.15	10.50	-3.23
sh600633	-20343	-1580	0	0	-2626.09	116349	15.37	15.03	14.95	15.41	-2.84
sz000823	-28666	-11001	-1232	0	-1113.60	139642	14.64	14.00	13.90	14.65	-4.44
sh601328	-89457	-22860	-58555	0	23167.20	2458837	6.38	6.48	6.37	6.50	1.73
sz000826	-18923	-6098	-2134	0	-5275.12	98420	32.75	31.49	31.40	32.75	-4.11
sz300160	-9814	-4317	0	0	100.98	38505	7.58	7.50	7.45	7.60	-1.32
sz300295	-12498	0	0	0	-2458.50	66063	18.91	17.77	17.76	18.95	-6.77
sh600848	-6971	0	0	0	-1733.81	69768	24.01	23.44	23.30	24.23	-3.26
sz300342	137	0	0	0	47.32	9860	15.30	14.95	14.93	15.37	-2.67
sz002424	-4608	374	2020	0	-144.29	115152	15.60	15.74	15.57	16.39	0.25
sz002422	-5007	249	0	0	520.27	85470	26.90	26.51	26.48	27.67	-0.34
sz000505	-7473	0	0	0	-276.48	40211	8.80	8.33	8.33	8.80	-6.19
sz002766	-13778	-2665	0	0	-367.31	126649	15.60	14.88	14.60	15.60	-6.36
sz002781	-222	0	0	0	-130.01	14404	23.51	22.15	22.00	23.60	-5.78
sh600887	-76778	-20467	-11183	0	-10786.10	669248	35.02	34.39	34.19	35.53	-1.23
sh603688	-7742	-4742	-6462	0	-1352.73	60466	15.32	14.15	13.72	15.32	-7.15
sz002166	-5768	-640	-1232	0	-1250.59	224710	10.96	11.07	10.88	11.65	3.94
sz002367	-8099	-3134	0	0	-124.01	36832	8.60	8.40	8.37	8.61	-1.98
sz002182	-36401	-11377	-4620	0	-2784.79	151254	9.06	8.61	8.56	9.06	-5.18
sz002183	-111930	-68604	-47402	0	-2324.64	347184	7.60	7.35	7.29	7.65	-3.92
sz002186	0	0	0	0	246.09	16755	17.93	17.99	17.91	18.21	0.45
sh601100	-4930	0	0	0	1292.93	68782	32.50	30.71	29.88	32.50	-5.25
sz300626	0	0	0	0	-76.01	1874	28.37	27.35	27.18	28.40	-4.04
sz300620	-681	0	0	0	-1155.14	13852	36.50	34.35	34.12	36.58	-7.74
sh603198	-1438	0	0	0	-98.03	35836	17.81	17.75	17.69	18.19	-0.73
sh603970	-2817	0	0	0	-129.85	44325	28.80	29.07	28.52	29.74	-0.48
sh603976	0	0	0	0	-181.23	14902	28.30	27.87	27.58	28.40	-1.45
sh603979	-3533	1061	0	0	-39.55	43749	10.81	10.61	10.59	10.85	-2.12
sh600400	-2889	280	0	0	-284.09	40298	7.17	7.15	7.05	7.17	-0.42
sh600406	-130010	-51248	-21622	0	-10168.91	553943	17.43	16.73	16.32	17.45	-4.51
sh603990	0	0	0	0	-70.31	4517	37.80	36.13	36.01	38.04	-5.05
sh603991	0	0	0	0	-16.79	4306	28.05	27.09	26.70	28.23	-4.17
sz000928	-69723	-28747	-19671	0	-2456.00	172596	6.60	6.27	6.26	6.60	-5.14
sh600089	-98544	-54465	-34158	0	-10910.48	416988	9.84	9.66	9.62	9.85	-2.42
sz000921	-16705	-6936	-4411	0	744.06	190678	15.20	15.19	15.11	15.94	0.73
sh600081	-2597	0	0	0	-254.26	20360	12.53	12.20	12.12	12.54	-2.32
sz000822	-59310	-23667	-14326	0	-4890.12	219133	9.33	8.94	8.88	9.34	-4.39
sz002215	-18139	-7953	-5333	0	-816.38	69569	7.00	6.86	6.76	7.00	-2.00
sz000030	-12679	0	0	0	-367.60	39505	8.12	7.92	7.88	8.13	-2.70
sz000039	-52223	-25167	-14637	0	-4513.40	205862	22.25	21.51	21.45	22.37	-3.33
sh601919	-140445	-80379	-59849	0	-11521.60	635405	6.93	6.63	6.61	6.97	-4.88
sz000722	-737	0	0	0	-139.70	15777	8.98	8.69	8.66	9.00	-3.12
sz000726	-10381	-1137	0	0	-130.12	42744	11.12	10.93	10.91	11.13	-1.80
sz000729	-7463	5296	-2098	0	1866.29	288908	7.31	7.30	7.22	7.59	0.14
sh601595	-1082	0	0	0	-620.59	17030	20.66	19.61	19.60	20.68	-5.22
sh600629	-1884	0	0	0	-63.66	12810	15.03	14.75	14.70	15.16	-2.38
sh600628	-12420	-1975	0	0	-1694.99	51630	10.48	10.00	9.98	10.51	-4.31
sh603517	804	0	0	0	-5.60	8537	39.20	38.90	38.56	39.21	-1.14
sz300400	-415	2231	2231	0	-186.46	30840	13.39	13.21	13.21	13.70	-2.15
sh601688	-84105	-17420	1031	0	-1060.50	728066	19.67	19.41	19.26	20.02	-1.77
sh601689	-5941	0	0	0	-2486.67	56014	24.85	23.73	23.47	24.85	-4.28
sz300023	547	0	0	0	237.33	33364	11.21	11.39	11.11	11.55	1.61
sz300027	-66128	-17788	-7899	0	-4968.45	373045	9.22	9.08	9.03	9.28	-1.63
sz300335	-2320	1609	0	0	-140.79	57939	16.46	16.37	16.12	16.60	-1.39
sz300336	-15618	-1012	0	0	-181.85	80545	11.45	11.00	10.91	11.45	-4.43
sh600650	-2374	0	0	0	-644.11	23659	15.22	14.68	14.50	15.22	-3.10
sh603568	1764	-1	0	0	706.79	43634	22.30	22.57	21.98	22.59	1.07
sz002777	-965	0	0	0	-849.13	9523	33.45	31.80	31.69	33.67	-4.90
sz002776	-2218	0	0	0	104.75	13504	20.13	19.36	19.28	20.13	-3.30
sz002810	319	0	0	0	-879.88	15741	26.31	25.43	25.18	26.31	-3.31
sh600657	-12232	10028	3380	0	295.24	350467	6.16	6.24	6.07	6.44	-0.48
sh603699	1228	0	0	0	-618.38	24811	20.15	19.59	19.56	20.17	-2.92
sz002179	-12821	-1168	0	0	-8954.90	101560	38.00	36.22	35.90	38.06	-4.68
sz002370	-1670	-1137	0	0	50.20	6303	14.27	14.17	14.06	14.27	-0.42
sz002376	-2601	3511	-1747	0	3798.34	225719	12.31	12.60	12.25	13.15	2.44
sz002191	-26783	-9749	-6937	0	-1747.41	77774	9.02	8.77	8.70	9.05	-2.77
sz300438	-1899	0	0	0	-1900.99	32436	28.95	27.96	27.81	28.95	-3.98
sz300638	-412	0	0	0	-414.49	14069	40.13	39.34	39.00	40.55	-3.77
sz300631	-883	0	0	0	256.90	16114	23.47	23.75	23.47	24.23	1.32
sz300633	-1627	0	0	0	-799.83	17007	26.02	25.28	25.01	26.20	-3.51
sz300632	367	0	0	0	-133.98	12544	22.13	20.97	20.90	22.13	-5.58
sz300636	0	0	0	0	-110.24	8114	31.83	31.30	31.28	31.88	-2.34
sh603181	-2142	0	0	0	97.91	49115	23.92	24.04	23.40	24.86	-0.66
sh603960	764	1055	0	0	-290.67	6711	28.01	26.95	26.80	28.10	-4.23
sh603963	0	0	0	0	495.20	30030	31.25	30.71	29.83	31.48	-1.88
sz002590	-3090	0	0	0	-350.76	33345	12.95	12.66	12.62	12.95	-2.76
sz002518	-4250	0	0	0	-1268.51	32616	17.15	16.66	16.56	17.47	-3.25
sz000603	-1261	1037	0	0	-200.61	34859	12.39	12.03	12.00	12.42	-2.51
sz000937	-69763	-38669	-18459	0	-1593.97	250623	6.11	5.94	5.87	6.15	-2.78
sz000932	-69412	-39206	-43025	0	-8187.39	588658	8.60	8.28	8.28	8.60	-5.05
sh600326	-45905	-4938	-23	0	-4445.66	251389	9.99	9.67	9.58	10.05	-3.40
sh600327	-8709	-489	0	0	-157.80	28488	7.58	7.41	7.39	7.58	-2.24
sz002203	-8587	0	0	0	-266.71	47314	7.89	7.63	7.60	7.92	-2.80
sz002206	-8343	-2001	0	0	-537.03	38086	6.06	5.95	5.92	6.07	-1.65
sh600980	-1508	0	0	0	-240.55	20137	15.38	14.87	14.86	15.49	-3.00
sh603238	0	0	0	0	28.46	9135	22.05	21.99	21.50	22.05	-0.05
sh603099	-445	0	0	0	59.56	8092	12.07	11.75	11.69	12.07	-2.65
sz300443	-731	0	0	0	-83.25	13871	16.16	15.77	15.59	16.25	-2.95
sh603179	-22	4384	4384	0	-2446.10	37101	36.01	32.89	32.61	36.20	-9.22
sh603108	-1806	0	0	0	-186.39	29270	12.56	12.12	12.11	12.56	-3.73
sh600030	128002	212433	161773	0	28621.00	2241354	19.25	19.45	18.98	19.69	0.62
sz000423	-438	0	0	0	-3597.87	56954	64.08	63.37	63.18	64.08	-1.11
sz300521	59	0	0	0	219.98	17752	15.42	15.05	14.91	15.80	-2.27
sh603823	-1470	0	0	0	-424.03	16386	16.04	15.31	15.25	16.04	-4.25
sz002594	-13642	-2609	0	0	-11335.10	151890	67.25	65.14	64.88	68.10	-2.89
sh600900	-14693	3038	-1045	0	2459.03	256612	16.28	16.37	16.13	16.46	0.55
sh600236	-4469	-459	0	0	269.01	35511	5.65	5.64	5.61	5.68	-0.53
sz000623	-9846	-1145	0	0	-931.55	92485	22.36	22.20	22.16	22.63	-0.72
sz000990	-4320	0	0	0	-522.22	32742	17.52	17.17	17.17	17.65	-1.94
sh600765	-26091	-9304	-2000	0	-3288.03	91800	12.20	11.68	11.65	12.24	-4.73
sh600563	-1503	0	0	0	-1580.51	39193	47.32	46.54	44.93	47.50	-2.04
sz002617	-3155	0	0	0	-406.25	17708	15.71	15.64	15.60	15.75	-0.45
sz300548	0	0	0	0	-1611.89	14639	47.23	43.35	43.00	47.50	-8.74
sh600823	-108520	-73048	-43264	0	-1203.95	997673	6.30	6.17	6.09	6.36	-2.22
sh603020	-3015	0	0	0	-345.56	15939	12.15	11.72	11.70	12.15	-3.78
sz002620	-7876	-1210	0	0	-381.73	41077	9.64	9.29	9.18	9.68	-3.43
sh603933	-489	0	0	0	-1841.95	19931	50.10	46.88	46.68	50.28	-7.15
sz300717	-625	0	0	0	-209.25	37604	37.08	38.04	36.09	38.99	0.40
sz300711	-8984	-2388	-605	0	-561.18	102751	28.00	28.40	26.56	29.07	-2.51
sz002123	-15622	-4741	-2234	0	-807.41	58235	10.32	10.07	10.03	10.32	-2.89
sh600356	-4313	0	0	0	317.20	21372	8.38	8.18	8.14	8.40	-2.62
sh600176	-24496	5381	-4933	0	3464.30	449900	17.19	17.27	16.85	17.73	0.94
sz000761	-83179	-53034	-33248	0	-2434.36	262240	5.35	5.14	5.11	5.35	-4.10
sh600179	-2805	729	0	0	1713.65	82103	28.12	27.93	27.81	28.95	-1.83
sz000612	-12205	-1091	0	0	-1714.30	83069	8.96	8.48	8.48	8.96	-5.25
sh600596	61888	57820	28958	0	5243.60	738848	11.80	12.20	11.80	12.72	5.54
sh600779	1602	-579	0	0	11505.19	144310	47.76	51.03	47.76	51.10	6.87
sh600572	-25237	-3594	-3041	0	-1124.67	111052	7.17	7.05	7.02	7.23	-1.54
sh601088	-59308	-21980	-12637	0	-11921.90	391945	24.35	23.52	23.41	24.35	-3.45
sh600681	-5544	0	0	0	-154.49	46743	13.87	13.53	13.50	13.98	-2.59
sh601229	25823	39081	36288	0	2865.80	415597	14.81	14.94	14.73	15.04	1.08
sz000548	-9434	-3386	0	0	-467.34	40419	6.69	6.41	6.40	6.70	-3.75
sz000544	-259	-2500	-2500	0	549.44	24893	14.78	14.68	14.20	14.78	-0.94
sz300396	-1357	0	0	0	-310.05	15060	43.72	41.70	41.70	43.72	-4.69
sz300158	-8590	-1074	0	0	-1494.97	62792	13.98	13.14	13.05	14.01	-6.21
sz000541	-19036	-2441	0	0	-2055.05	89538	9.20	9.08	9.04	9.22	-1.41
sz002714	-11517	-4801	-2404	0	-3879.39	62965	59.00	57.05	56.73	59.57	-3.24
sz300572	0	0	0	0	126.66	2997	61.32	62.44	61.32	64.08	0.02
sz300573	0	0	0	0	54.58	5579	24.82	24.09	23.85	25.15	-3.99
sz300571	-965	0	0	0	-939.50	14464	47.99	46.42	46.00	47.99	-4.01
sz002602	-511	0	0	0	86.39	11878	35.10	34.82	34.44	35.15	-0.80
sz300375	-11194	-1394	-645	0	-4425.15	87459	17.06	16.02	16.02	17.27	-10.00
sh603499	-1975	0	0	0	-401.12	56879	25.00	25.51	24.68	26.70	1.43
sh603818	-3186	0	0	0	-506.71	22932	13.74	13.30	13.14	13.98	-3.41
sh603811	0	0	0	0	-180.42	8111	31.60	30.41	30.35	31.60	-3.92
sz000601	-16462	-8291	-2020	0	-649.65	39473	7.28	7.10	7.10	7.28	-2.61
sh600548	-6080	-1400	0	0	-52.27	20976	9.00	8.91	8.88	9.01	-0.89
sh601098	-20567	24	0	0	-2082.79	71830	13.90	13.43	13.32	13.97	-3.87
sz000779	-632	0	0	0	-31.64	13250	13.69	13.20	13.11	13.69	-3.44
sz000778	-98872	-47867	-16314	0	-2396.26	292183	5.43	5.26	5.24	5.48	-3.31
sh601766	-95863	-70470	-34163	0	-47845.60	1827783	12.08	11.83	11.74	12.08	-2.63
sh600141	-1101	0	0	0	752.94	180319	17.95	18.19	17.95	18.79	1.39
sh601231	-3036	237	0	0	56.86	96162	14.48	14.50	14.14	14.52	0.42
sz000983	-142218	-83829	-63187	0	-5229.52	531524	10.48	10.01	9.88	10.48	-4.48
sz000981	-1305	335	2145	0	24.40	47886	8.79	8.70	8.64	8.80	-1.25
sh600020	-33046	-28259	-17460	0	-819.35	127753	5.03	4.94	4.92	5.04	-1.79
sz002155	-1796	31919	29799	0	2355.76	297680	9.95	9.76	9.70	10.00	-0.81
sz300144	-10758	2120	0	0	-2167.84	58398	18.17	17.82	17.81	18.20	-1.98
sz002637	-3261	0	0	0	-173.88	13961	10.78	10.56	10.46	10.82	-2.40
sh603797	-4419	0	0	0	171.32	50944	20.78	20.18	20.16	20.91	-2.93
sh603007	-2285	0	0	0	-317.06	20349	12.68	12.11	12.04	12.72	-3.89
sh600977	-6342	1340	0	0	-1308.86	62838	15.06	14.84	14.80	15.13	-1.85
sz002411	-400	0	0	0	155.99	12425	26.53	26.33	26.28	26.73	-0.98
sh603316	-499	0	0	0	103.65	13808	14.10	13.80	13.67	14.19	-2.95
sh603313	-987	0	0	0	-30.95	13247	26.52	26.28	26.03	26.71	-1.31
sh603319	0	0	0	0	92.59	7747	29.10	28.53	28.37	29.49	-2.19
sz002895	-2605	3470	0	0	8341.49	80668	25.47	27.45	25.10	27.45	10.02
sz002891	-1114	0	0	0	-21.93	11434	34.18	32.95	32.90	34.32	-3.94
sz002899	211	0	0	0	-471.27	26197	29.60	29.05	28.48	29.60	-2.84
sh601878	-26512	-4688	0	0	-3942.13	194588	16.27	15.49	15.46	16.27	-4.97
sh600201	-19695	-1762	0	0	-1113.27	89626	30.22	30.63	30.20	31.05	1.06
sh603959	-849	0	0	0	41.05	8323	32.80	31.67	30.81	32.80	-1.65
sz000026	-2962	-1142	0	0	-235.65	18883	10.82	10.55	10.54	10.85	-2.85
sz300576	-300	0	0	0	-67.10	6281	16.99	16.28	16.00	16.99	-3.67
sh600897	-2516	0	0	0	-20.63	12758	22.64	22.51	22.50	22.80	-0.49
sz000011	-6485	0	0	0	-1091.39	67619	17.83	17.30	17.12	17.97	-2.59
sz000012	-22363	-7034	-8593	0	-1312.69	264719	8.70	8.72	8.67	8.90	0.23
sz000018	-27152	-1599	-2025	0	-1226.70	111140	6.20	6.02	5.97	6.20	-3.22
sh600551	-3570	0	0	0	272.12	24379	12.06	11.83	11.74	12.15	-2.55
sh600557	-5040	1010	0	0	-709.33	69701	13.84	13.86	13.80	14.22	0.58
sh600559	-5950	-1942	0	0	-2666.77	62894	30.25	30.25	30.22	30.99	-0.23
sh601939	-69992	-64594	-42339	0	16385.90	1612480	7.88	8.07	7.85	8.09	2.28
sh601200	-5786	1745	0	0	-3359.06	68532	23.80	23.24	23.07	23.88	-2.72
sh601336	-17186	7085	2020	0	52735.80	414423	64.98	67.85	64.97	68.00	4.58
sz000830	-74092	-11152	-12497	0	-9500.82	440299	18.00	17.76	17.60	18.48	-2.04
sz002872	-371	0	0	0	-395.62	14024	32.29	31.29	31.17	32.40	-3.49
sz300286	-108	0	0	0	-276.49	8176	18.01	17.40	17.32	18.01	-3.65
sz002873	-1320	0	0	0	962.63	47871	45.50	45.12	43.58	47.20	0.02
sz300357	-205	0	0	0	-562.48	9123	47.86	46.87	46.83	48.15	-2.66
sz300355	-107953	-63848	-48489	0	-14734.58	532386	12.47	11.97	11.90	12.58	-4.85
sz300351	-2409	0	0	0	-435.06	23592	14.28	13.89	13.88	14.28	-2.53
sz002718	0	0	0	0	-156.26	3299	45.10	43.97	43.90	45.45	-3.53
sz002083	-9804	-1457	0	0	-185.87	35357	6.82	6.70	6.68	6.85	-2.47
sz002396	-29110	-6054	-2615	0	-1739.65	178266	20.60	20.01	19.83	20.75	-3.33
sh603168	-15241	0	0	0	-1654.10	83966	14.82	13.80	13.76	14.82	-6.69
sh603165	-1187	0	0	0	-2265.39	20817	56.50	53.42	53.18	56.80	-5.43
sh600895	-12574	0	0	0	-1338.12	47931	15.10	14.57	14.50	15.10	-3.38
sz002573	-30806	-6697	-2519	0	-4744.62	160569	21.02	20.21	20.18	21.08	-3.85
sz002407	-22049	-1301	-2191	0	-5898.90	146074	20.30	19.76	19.57	20.38	-3.28
sh600094	-26425	-11560	-4005	0	-392.80	77456	7.32	7.18	7.13	7.41	-1.91
sz000952	-9261	-2591	0	0	-983.48	35149	15.12	14.66	14.66	15.15	-3.04
sz002888	-219	0	0	0	186.99	10144	27.10	26.29	26.01	27.10	-2.99
sz002881	-791	0	0	0	-150.75	13454	28.00	26.70	26.68	28.00	-5.18
sh600305	-9962	-2173	-2000	0	192.08	111760	11.35	11.35	11.30	11.65	-0.44
sz000002	9904	42561	4837	0	26056.00	757186	35.84	37.09	35.61	38.00	4.33
sz000488	-68073	-19898	-6429	0	-6415.20	392807	17.89	17.66	17.42	18.14	-0.56
sz000711	-10238	-2175	0	0	-1250.69	56025	12.69	12.19	12.14	12.69	-4.24
sh600638	-2969	0	0	0	-635.60	20950	15.62	15.23	15.06	15.79	-3.36
sz000828	-15879	0	0	0	-1009.76	48914	11.23	10.96	10.93	11.23	-2.49
sz300703	0	0	0	0	-90.59	7704	32.99	32.30	32.20	32.99	-2.97
sz300298	-8149	0	0	0	-11.63	38635	20.30	19.50	19.42	20.66	-4.55
sz300294	-2480	0	0	0	472.94	31786	31.42	31.60	31.24	33.00	0.64
sz300581	0	0	0	0	-306.51	6166	30.48	28.99	28.80	30.49	-4.07
sz300343	-403	0	0	0	-62.89	38860	12.84	12.34	12.30	12.84	-4.71
sz300349	0	0	0	0	-3269.90	26723	40.40	39.68	39.68	41.16	-1.15
sz002768	-1352	0	0	0	522.45	25057	27.08	26.36	25.89	27.98	-4.08
sz002762	-2333	0	0	0	-735.47	21290	16.40	16.04	15.91	16.60	-3.55
sz002763	-2734	0	0	0	-353.07	12874	13.68	13.26	13.20	13.73	-2.86
sz002187	256	0	0	0	-11.06	13531	10.47	10.21	10.17	10.47	-2.02
sz300621	-2835	-1363	0	0	-409.41	40368	21.20	20.53	20.30	21.25	-4.42
sh603199	-910	0	0	0	-350.04	6446	29.70	28.20	28.04	29.79	-5.08
sh600886	-117357	-69622	-61538	0	-5397.40	392020	7.25	7.19	7.18	7.26	-1.51
sh603757	0	0	0	0	-725.19	11423	57.23	54.24	53.90	57.35	-5.88
sh600409	-65420	-28517	-30581	0	-8883.79	375035	9.82	9.50	9.43	9.85	-3.26
sh603997	945	0	0	0	488.90	25687	11.05	11.03	10.80	11.05	-0.18
sz000038	-3939	0	0	0	-604.55	30480	20.15	19.69	19.30	20.49	-3.00
sh600535	-1527	0	0	0	568.85	38616	37.42	37.12	37.10	37.64	-0.80
sh603518	-257	0	0	0	-22.12	6921	19.90	19.01	18.81	19.90	-3.99
sz000728	-74753	-35670	-9199	0	-8690.52	313657	10.79	10.35	10.32	10.80	-3.99
sz002558	-7058	-1051	0	0	-1278.40	45481	36.30	35.43	34.80	36.30	-4.35
sh603885	-5179	-1094	0	0	-580.43	48352	15.44	15.20	14.78	15.58	-1.62
sz300113	-44095	-14741	-4247	0	-7916.61	167806	18.60	17.70	17.52	18.60	-6.45
sh601668	-141313	-13096	60223	0	12406.90	3070418	9.49	9.53	9.45	9.64	0.42
sh601669	-24604	-13326	-29426	0	-1113.70	225422	7.54	7.37	7.35	7.55	-1.86
sz002779	-1625	0	0	0	-511.76	15265	21.46	20.47	20.40	21.46	-4.61
sz002817	-1055	0	0	0	623.50	8208	30.95	31.10	30.70	31.33	0.00
sz002775	-8791	2013	0	0	-2592.86	55698	19.51	19.12	19.09	19.75	-4.97
sz002772	-3626	0	0	0	-780.47	24369	10.88	10.54	10.52	10.88	-3.13
sz300246	-635	0	0	0	-245.98	15578	20.17	19.51	19.51	20.37	-4.32
sz002172	-10788	-1200	0	0	-420.78	36874	6.09	5.89	5.88	6.12	-3.44
sh603367	-5938	-2046	-7723	0	772.74	185577	21.26	21.91	20.68	22.71	0.92
sz002375	-17283	-6313	-2569	0	-614.49	71819	7.81	7.61	7.55	7.81	-2.69
sz300435	0	0	0	0	20.10	3477	15.69	15.58	15.45	15.69	-1.08
sh603188	-1786	0	0	0	183.58	25886	16.33	16.27	16.18	16.35	0.12
sh600436	-2491	0	0	0	-2958.90	64443	74.16	72.94	72.31	74.98	-1.47
sh603989	-1453	0	0	0	-1624.56	43746	41.80	39.22	39.01	41.87	-5.72
sh603987	-2184	0	0	0	-322.87	21717	12.22	11.83	11.80	12.29	-3.51
sz000933	-152919	-77363	-32922	0	-18153.40	995788	10.23	9.60	9.55	10.38	-5.70
sh600323	-21861	-12059	-4946	0	-3118.47	100418	15.58	15.16	15.00	15.58	-2.70
sh600325	-58075	7788	25678	0	4778.70	1203052	8.48	8.55	8.40	8.85	1.79
sz002202	-98358	-51439	-21671	0	-10291.70	531567	18.10	17.48	16.90	18.33	-4.22
sh600509	-10488	-2674	0	0	-94.89	54554	6.86	6.72	6.62	6.86	-1.75
sh600053	-1375	0	0	0	-204.19	15534	25.45	24.26	24.20	25.45	-3.08
sh600054	-7505	-1008	0	0	-513.01	33970	14.14	13.78	13.77	14.14	-2.41
sh600057	-8080	13254	15306	0	1654.90	196230	8.06	8.22	7.97	8.70	2.37
sh601900	763	1431	0	0	18.66	17054	11.50	11.23	11.22	11.50	-1.92
sh600185	-17569	2371	6682	0	58.75	266756	6.23	6.24	6.11	6.49	-0.32
sz000733	-12666	-1500	0	0	-2158.07	64173	14.45	13.93	13.90	14.48	-4.00
sz000732	-244809	-221261	-203859	0	-6221.20	293849	33.53	33.53	32.58	33.53	10.01
sh600612	-2024	0	0	0	487.17	17489	43.03	42.30	41.90	43.20	-0.75
sz000598	-55972	-42897	-22949	0	-1568.24	173478	5.43	5.33	5.31	5.43	-1.84
sz000596	-137	0	0	0	-2844.34	45520	70.78	70.93	70.78	72.99	0.47
sz000021	-16445	-5947	20926	0	4818.40	1531766	11.11	11.73	10.95	12.18	4.73
sh601699	-166153	-67355	-53827	0	-18199.60	1105978	11.97	11.22	11.02	11.99	-6.81
sz000848	-16785	-1752	0	0	-1530.07	143671	10.22	10.15	10.12	10.47	-0.88
sh601678	-52105	-13455	-13347	0	-5165.26	253305	8.62	8.32	8.24	8.75	-5.02
sz300727	-2479	-942	2515	0	8291.95	89938	28.59	32.03	28.40	32.03	9.99
sh603758	-433	0	0	0	-7.65	17012	13.78	13.36	13.33	13.80	-2.98
sz300033	-9045	-4231	0	0	-5853.22	63694	51.75	49.90	49.50	51.91	-4.30
sz300039	-10577	-1544	-151	0	-345.83	146665	6.56	6.63	6.56	6.80	1.22
sz300326	-4628	0	0	0	-149.78	26058	8.63	8.46	8.44	8.67	-2.42
sz300323	-9794	-1775	0	0	-1346.92	111134	15.40	15.15	15.11	15.56	-0.85
sz002748	-3483	0	0	0	-101.21	18608	14.82	14.37	14.35	14.82	-3.04
sz002749	0	0	0	0	328.72	3565	64.40	63.97	63.97	65.08	-0.67
sz002285	-92717	-43160	-23160	0	-10339.92	440776	11.60	11.16	11.15	11.69	-5.02
sz300252	-3184	-1201	0	0	-598.76	39446	16.12	15.21	15.15	16.15	-5.88
sz002521	-6486	0	0	0	-26.85	26901	9.45	9.27	9.20	9.46	-1.70
sz002527	-6117	-1400	0	0	-198.47	29226	9.98	9.72	9.70	9.98	-2.41
sh600908	-18166	-4701	0	0	-1144.10	130340	8.03	7.91	7.90	8.09	-1.49
sh603357	-16266	-4340	-2394	0	-4918.60	123254	23.50	22.65	22.50	23.68	-6.37
sh603359	-1297	0	0	0	-679.87	18248	34.19	32.75	32.50	34.32	-4.82
sz002695	-5132	0	0	0	-1227.38	48615	17.13	16.70	16.62	17.16	-2.51
sz002444	-24087	-3102	-3220	0	-3599.75	119102	13.79	13.25	13.18	13.87	-4.26
sz300340	251	0	0	0	-1700.09	28138	54.00	53.40	53.01	55.30	-1.57
sz300647	-204	0	0	0	-92.78	12973	19.39	18.44	18.12	19.39	-4.95
sz300640	-263	0	0	0	-40.59	6412	24.90	24.16	24.00	25.10	-3.67
sz300488	-281	0	0	0	-50.60	12128	31.49	31.89	31.29	32.89	3.20
sz300481	-1448	0	0	0	338.91	15953	22.20	22.56	22.20	22.76	-0.88
sz300484	-208	0	0	0	-327.44	9144	20.76	19.91	19.87	20.84	-3.68
sh603360	585	0	0	0	370.30	18613	21.95	22.25	21.90	23.19	0.91
sz000906	-4844	0	0	0	-109.78	27528	7.58	7.42	7.42	7.60	-2.11
sh600295	-23924	-6819	0	0	-4286.34	175051	14.72	13.93	13.68	14.92	-6.70
sh600710	-28164	-20698	-12871	0	-3001.40	123961	6.69	6.39	6.37	6.69	-4.63
sz300677	-267	0	0	0	-1909.34	23821	56.92	55.40	55.25	58.00	-3.01
sz002670	-18088	-10338	-7207	0	-3903.53	123521	19.70	19.49	19.49	20.28	-2.70
sz300430	-189	0	0	0	-322.66	8283	19.44	18.80	18.68	19.50	-2.99
sh603557	283	0	0	0	290.51	50451	15.78	15.93	15.36	16.28	0.63
sh600567	-42286	4648	-5026	0	-10822.34	1255570	4.71	4.58	4.55	4.74	0.66
sz002612	-3012	0	0	0	-155.91	25235	12.05	11.65	11.61	12.05	-3.00
sz002435	9510	0	0	0	2721.40	55713	16.91	18.07	16.90	18.50	5.73
sh603158	821	0	0	0	465.07	12457	18.18	18.24	17.88	18.65	-0.11
sh600177	-6854	3015	2002	0	-747.06	121963	9.47	9.44	9.42	9.55	-0.74
sh601225	-207936	-138760	-95070	0	-4947.30	835140	9.10	8.65	8.56	9.18	-4.42
sh601555	-44772	-24169	-15877	0	-2745.02	152957	9.61	9.42	9.40	9.64	-2.38
sh600986	-3580	0	0	0	-100.92	30514	11.00	10.74	10.68	11.00	-3.16
sz002653	1304	0	0	0	-91.41	8976	11.50	11.38	11.33	11.53	-1.39
sz300374	-3425	0	0	0	-959.04	42505	15.76	15.40	15.25	15.90	-3.14
sz300701	-438	0	0	0	-488.20	16962	38.88	37.70	37.53	39.00	-3.13
sz300702	-214	0	0	0	-568.85	14297	43.40	42.00	41.77	43.40	-3.27
sh603320	-299	0	0	0	90.19	24662	28.34	27.81	27.41	28.48	-2.86
sh600211	0	0	0	0	165.15	5885	35.20	34.37	34.32	35.34	-2.55
sh603920	-4466	0	0	0	-1643.72	58670	18.82	17.72	17.50	19.03	-6.59
sh603926	-200	0	0	0	-229.20	9344	26.39	25.45	25.39	26.50	-3.49
sh601163	-3474	0	0	0	-902.84	34146	20.39	19.84	19.82	20.45	-3.08
sh600787	-30003	-12253	-2005	0	950.84	171509	11.38	11.30	11.05	11.52	-0.79
sh600547	-13017	2959	1184	0	8749.40	419307	33.30	32.99	32.81	33.62	1.23
sz000639	-5459	0	0	0	63.77	27851	19.44	19.29	19.07	19.56	-0.98
sz000553	-1899	616	2425	0	489.39	145321	16.90	16.90	16.71	17.47	0.06
sz300387	-4518	0	0	0	-838.39	31946	17.28	16.56	16.48	17.35	-5.26
sz300146	-57139	-25082	-13682	0	-2161.85	302781	15.26	15.06	14.94	15.52	-1.63
sz002706	-5641	0	0	0	-480.74	45234	12.66	11.82	11.74	12.67	-6.71
sh603556	0	0	0	0	-399.90	7501	35.82	35.11	34.99	36.10	-2.53
sz002896	-161	0	0	0	-572.61	14281	39.20	37.35	37.29	39.43	-4.70
sz002562	-22642	-3539	-2086	0	-4541.27	102716	17.04	16.22	16.09	17.23	-6.19
sh603777	-442	0	0	0	-309.66	14598	26.22	25.79	25.60	26.69	-3.44
sh600793	-3759	0	0	0	441.39	21647	26.40	25.39	24.80	26.66	-4.04
sz002475	-27860	-10162	-10679	0	-2578.37	188624	23.38	22.45	22.17	23.45	-3.61
sz000709	-294417	-196954	-160883	0	-6619.85	886958	4.04	3.94	3.92	4.05	-3.19
sz000651	-29561	-1813	-15873	0	7905.00	969441	53.19	54.60	52.99	55.15	2.44
sz300178	-21481	-10925	-4372	0	-1911.48	67826	13.81	13.22	13.18	13.85	-5.64
sz002876	-200	0	0	0	-2208.63	15139	60.45	57.73	57.61	60.89	-5.27
sz300284	-5620	0	0	0	-1366.33	29668	16.29	15.74	15.60	16.33	-3.67
sz002716	-16372	-5821	-299	0	-1032.03	147248	22.07	21.15	21.12	22.39	-2.08
sh603767	-1000	0	0	0	-502.39	18843	15.08	14.53	14.50	15.08	-3.90
sh600641	-55757	-24699	-17821	0	-5570.53	214961	14.13	13.27	13.20	14.20	-6.29
sz000959	-9548	-1234	0	0	-62.76	70624	6.05	5.90	5.87	6.06	-2.32
sz002885	0	0	0	0	-640.55	13544	35.38	33.98	33.71	35.68	-4.95
sh600523	-2189	0	0	0	-396.29	19331	16.15	15.61	15.43	16.19	-3.34
sh601928	-7713	946	2567	0	-809.63	59165	8.19	8.05	8.03	8.19	-1.83
sz000825	-253166	-152248	-98892	0	-6277.59	825317	5.15	4.99	4.96	5.15	-3.67
sz300296	-23281	-5818	0	0	-163.81	145860	20.21	19.49	19.31	20.23	-3.18
sz300347	-3876	0	0	0	-1632.37	31818	33.89	33.87	33.20	34.97	-0.38
sh600362	19941	22486	12803	0	-567.60	597417	20.22	20.33	19.75	20.53	1.14
sz002188	279	379	0	0	-1000.58	75248	13.75	13.11	13.05	13.75	-4.93
sz300625	-476	0	0	0	-781.05	19761	24.98	23.96	23.91	24.99	-4.35
sz300622	-260	0	0	0	-29.29	7585	25.00	24.31	24.13	25.20	-3.80
sh600348	-112455	-57802	-37720	0	-2825.77	338389	7.54	7.35	7.29	7.55	-3.03
sh603996	-1083	0	0	0	59.22	19993	17.95	17.96	17.63	18.21	0.06
sh600085	-7222	0	0	0	-3074.56	69609	33.09	32.48	32.37	33.20	-2.11
sz000923	-809	0	0	0	-415.59	57377	24.11	24.34	23.90	24.87	1.37
sz300119	-606	0	0	0	-27.43	11999	11.90	11.54	11.38	11.97	-3.35
sz000676	-4237	0	0	0	-405.53	22045	11.33	10.99	10.97	11.33	-2.74
sh603569	-228	0	0	0	-94.14	8278	24.89	23.92	23.90	25.06	-3.86
sz002173	-354	0	0	0	-28.63	8199	12.89	12.42	12.30	12.93	-3.94
sh603365	-2530	0	0	0	27.56	36200	23.36	22.69	22.61	23.40	-2.83
sz002373	-31415	-6168	-2212	0	-5117.06	167445	14.70	14.01	13.88	14.73	-4.11
sz002372	-7275	-1001	0	0	-425.89	62469	20.92	20.55	20.35	21.30	-1.77
sh603183	-817	0	0	0	-416.04	26646	42.07	40.88	40.51	42.07	-3.81
sh603968	-1150	0	0	0	-487.83	17499	19.10	18.61	18.46	19.24	-2.82
sh603980	-1309	3457	0	0	2579.10	137301	21.20	21.67	21.05	22.20	4.23
sh600508	-7757	0	0	0	-796.73	58582	12.72	12.42	12.35	12.76	-2.51
sh600507	-73295	-26026	-13175	0	-4863.36	432140	14.44	13.84	13.71	14.49	-6.11
sh600618	-2167	1230	0	0	-77.52	51608	11.48	11.41	11.32	11.73	-1.38
sh600619	-1984	0	0	0	112.90	36316	11.50	11.33	11.25	11.55	-1.48
sz000028	672	0	0	0	-70.46	12071	60.95	60.90	60.81	61.44	-0.49
sz000780	-19669	-4802	0	0	-530.68	59581	5.06	4.89	4.85	5.09	-4.31
sz000023	-1011	0	0	0	-96.43	8589	20.62	19.86	19.85	20.74	-3.69
sz000027	-23433	-6214	-2050	0	-873.79	65447	6.15	6.04	6.04	6.15	-1.47
sz000783	-78800	-54573	-32174	0	-4848.46	267686	7.90	7.76	7.70	7.92	-2.02
sz300031	-3554	0	0	0	-675.23	27018	15.60	14.96	14.87	15.80	-5.56
sz300037	-11445	-3190	0	0	-2321.25	69369	21.64	20.12	19.87	21.85	-7.02
sz300324	-14744	-2237	-2380	0	-3185.85	168521	15.50	15.18	15.06	16.09	1.95
sz300723	-6554	-1700	0	0	114.52	149885	40.30	43.37	39.80	44.36	7.54
sz300721	-525	0	0	0	-160.05	29852	36.25	36.88	35.10	37.36	0.90
sh603519	-610	0	0	0	14.88	6806	20.93	20.21	20.20	20.93	-3.39
sz300726	-2989	-1351	0	0	-1001.97	63734	28.98	28.18	27.96	29.28	-4.96
sh603355	-2001	0	0	0	-416.04	23631	44.06	40.31	39.80	44.06	-7.99
sz002696	-420	0	0	0	-83.30	5457	17.50	17.06	17.03	17.64	-2.46
sz002690	-2609	1520	0	0	-1341.07	42096	17.92	17.45	17.30	17.92	-1.52
sz002343	-2427	0	0	0	-2275.93	42583	33.50	32.10	31.68	33.50	-3.72
sz002699	784	0	0	0	666.34	15768	17.57	17.50	17.25	17.57	-0.11
sz300648	0	0	0	0	-421.99	3723	63.10	60.20	60.18	63.10	-4.60
sz300641	-785	0	0	0	-320.57	12895	14.46	13.93	13.90	14.61	-4.13
sz300485	-345	0	0	0	-472.00	8106	28.89	27.65	27.65	28.90	-4.06
sh603225	-3654	0	0	0	-4293.50	67840	39.20	37.57	37.01	39.20	-4.26
sh603229	-5966	-1063	0	0	-659.21	50963	18.65	18.06	17.87	18.72	-4.49
sz000070	-23262	-554	0	0	-892.41	155257	9.66	9.83	9.63	10.26	-0.10
sh600874	-21499	-3309	-2527	0	-1564.16	193522	14.20	13.77	13.71	14.29	-3.23
sz300526	-944	0	0	0	-188.69	14488	18.21	17.60	17.50	18.26	-3.61
sz300497	-647	0	0	0	644.90	12805	35.80	36.43	35.50	36.50	1.76
sh601985	-59865	-36533	-29369	0	-4249.49	223511	7.35	7.25	7.23	7.37	-1.36
sh601566	-5770	-1000	0	0	-752.79	36890	14.18	13.93	13.90	14.18	-1.76
sh603803	-1607	0	0	0	-358.88	18679	18.28	17.63	17.60	18.41	-4.34
sh601886	-4834	99	0	0	245.51	36274	9.10	9.01	8.89	9.10	-0.88
sh600598	-97299	-48422	-35401	0	-4332.46	325474	11.18	10.82	10.80	11.20	-4.33
sh601311	-6120	-1341	0	0	-253.23	60077	13.31	12.84	12.79	13.31	-3.53
