sh600340	-553	718	5920	1265	923.07	160770	30.89	30.98	30.89	31.40	0.55
sz300497	-388	0	0	0	-286.14	5981	33.60	33.23	32.93	33.65	-0.84
sz002849	-107	0	0	0	2.11	4082	28.35	27.58	27.31	28.35	-1.85
sz000157	1106	-4017	-1384	8041	-117.82	260596	4.26	4.27	4.25	4.31	0.47
sz002845	-3435	-2141	-600	0	-729.48	29309	28.50	27.75	27.42	28.87	-4.21
sz002847	-1119	-851	0	0	-416.70	13850	25.72	24.87	24.19	25.96	-3.34
sz002846	-7048	-3931	-1738	-1121	-521.99	58337	17.25	16.48	16.01	17.25	-4.74
sz300281	-434	-254	0	0	32.67	4018	12.40	12.22	12.11	12.50	-1.69
sz300282	326	302	0	0	140.72	5025	17.07	16.96	16.80	17.07	-0.64
sh601985	-17258	-14257	-8272	-380	-499.84	160248	7.26	7.25	7.20	7.27	-0.14
sz000090	-4771	-4491	-1623	-1675	-475.30	43425	10.01	9.88	9.86	10.08	-1.10
sh601988	-106693	-108232	-102136	-99579	7467.80	1471469	3.90	3.92	3.90	3.94	0.51
sh603839	-402	499	0	0	37.62	12861	23.68	23.63	23.10	23.82	0.13
sz300289	-4966	-3788	-2477	-3143	-23.23	30870	9.62	9.53	9.46	9.70	-1.75
sz000902	2487	2652	1648	0	487.39	48947	9.44	9.64	9.39	9.76	1.90
sz002536	-290	901	0	0	157.26	20755	13.72	13.75	13.62	13.84	0.22
sh603320	-725	0	0	0	-100.74	12178	25.15	24.49	24.03	25.15	-1.88
sh600168	5255	4883	3148	1204	320.65	33225	8.32	8.40	8.29	8.45	0.60
sh601588	14325	12371	15736	10185	355.56	111703	5.46	5.57	5.46	5.58	1.46
sh600518	27600	24033	14458	12590	1325.98	195528	21.73	22.18	21.73	22.20	1.79
sh603648	-4029	-3087	-3249	-1001	-846.10	66796	18.31	18.64	18.15	18.78	-0.80
sh600993	-14329	-9941	-2972	-2831	-2855.89	52990	20.91	20.47	20.26	20.91	-2.10
sh600995	-4136	-1838	-1585	-1000	-47.87	23818	9.07	9.07	9.02	9.15	-0.77
sz000096	-2523	-1279	-637	0	-303.01	14761	14.06	13.54	13.51	14.17	-4.24
sh600997	-45821	-43218	-24722	-17071	-1367.88	122913	6.11	5.94	5.93	6.14	-3.26
sh603129	-639	-192	0	0	34.30	10904	25.17	25.00	24.26	25.17	-0.68
sh600998	-2463	-1622	0	0	-588.59	16754	18.96	18.58	18.52	19.05	-2.00
sz002233	-3860	-518	-1838	-1870	-234.01	72076	11.60	11.52	11.52	11.79	-0.60
sh600233	1420	1687	560	0	140.44	16381	16.80	16.75	16.55	16.90	-0.30
sh600048	-3507	-1483	-6615	-5250	9505.50	1868339	13.33	13.55	13.33	13.94	3.59
sh601188	-422	-235	-557	0	-58.94	14032	4.07	4.05	4.04	4.08	-0.49
sh600690	-5204	-4673	-3269	-2407	3153.55	345686	19.19	19.40	19.19	19.67	0.57
sh600516	31976	31370	28244	26202	20340.90	1656379	27.25	28.88	27.11	28.91	7.28
sh600511	-1775	-2877	-1551	-1551	819.69	38869	27.32	27.45	26.98	27.58	0.44
sh600510	-1017	-1075	0	0	-54.27	11989	6.59	6.54	6.50	6.68	-0.76
sz002620	-2769	-1703	523	0	-297.45	28189	9.64	9.23	9.15	9.64	-4.25
sh600379	1139	490	0	0	22.10	9218	10.19	10.36	10.05	10.38	1.77
sz300214	-45731	-37068	-25336	-17180	-1822.55	160962	5.21	4.92	4.87	5.21	-5.38
sh603369	24794	19058	12193	4351	2293.86	156220	14.72	15.18	14.72	15.28	3.41
sh600629	-308	-200	0	0	-6.05	6756	15.09	15.11	15.06	15.42	-1.24
sh600196	-2835	-1376	-2162	-3272	-5396.80	214027	46.69	46.69	45.96	47.58	-0.02
sh600094	-3401	-2946	-1194	1159	-41.26	19117	6.98	6.91	6.89	7.00	-1.00
sh601111	-28569	-28966	-28158	-30909	-5686.30	638576	12.25	12.14	12.09	12.72	-1.14
sh601116	-1694	-1004	0	0	-721.06	69740	21.74	20.94	20.65	21.98	-3.46
sz000626	-5006	-3134	0	0	-403.41	31663	13.70	13.27	13.23	13.70	-3.42
sh603757	-1299	-1000	-600	0	-448.28	8509	57.46	55.70	55.20	57.59	-3.06
sh600589	4026	5680	8907	5404	-30.53	26617	6.09	6.09	6.00	6.17	0.33
sh603167	-2658	-1648	-972	0	-178.10	42802	11.80	11.83	11.77	11.95	-0.25
sz002896	-423	173	-31	0	-1105.53	17626	42.78	41.72	40.48	42.98	-2.30
sh600600	-1875	-3533	620	2286	-1512.90	129840	38.78	40.78	38.78	42.20	5.13
sh600603	-4861	-3502	-1403	0	-146.09	19260	6.80	6.69	6.64	6.80	-0.89
sz002496	-19346	-6601	-7002	1516	-1022.69	134672	5.22	5.10	5.06	5.22	-1.92
sh600606	-3763	-6290	-8976	-14999	7941.90	1026546	7.09	7.19	7.09	7.33	1.84
sh603466	-326	-304	0	0	-1736.34	29894	50.51	49.56	48.50	50.79	-2.63
sz002499	1020	-616	-2356	-2577	-770.72	39175	19.30	20.24	18.20	20.33	4.33
sh600565	-32244	-31479	-25815	-16425	470.03	163371	3.96	3.94	3.93	3.98	-0.51
sh600567	-8224	-18442	-43700	-44738	-7797.56	490666	4.38	4.29	4.27	4.43	-2.28
sz002889	-47	-250	0	0	-118.22	11960	26.05	25.75	25.31	26.30	-1.15
sz000878	-2002	-905	-3055	-3585	1011.13	186089	13.12	12.94	12.92	13.25	0.15
sz002301	6161	5681	764	-829	-79.52	25622	18.19	17.77	17.76	18.21	-1.71
sz002658	-3357	-1165	-541	0	-469.02	28388	13.36	12.96	12.85	13.37	-3.07
sz300502	-3996	-2253	-1454	0	-1465.68	34752	30.80	30.01	29.42	30.80	-0.17
sz002891	-741	-415	0	0	-408.22	6403	35.33	34.50	34.25	35.35	-2.40
sz000877	998	591	-1852	-3171	-349.38	128588	10.25	10.26	10.10	10.41	-0.10
sh600626	-12781	-9271	-4452	-1000	-591.07	39349	7.72	7.49	7.48	7.82	-3.35
sz000055	-14033	-11608	-5829	-3761	54.62	43696	6.02	5.92	5.90	6.02	-1.66
sz002081	-594	-1515	-1655	-4208	-764.61	164201	15.06	15.05	14.91	15.42	-0.07
sz300136	-14346	-15207	-11400	-4654	-4281.50	131904	52.31	51.44	50.50	52.68	-2.21
sz002087	-36060	-33957	-23100	-13462	-1646.35	124792	6.02	5.79	5.78	6.04	-3.82
sz002088	-7557	-4554	-945	0	-623.80	32442	13.11	12.65	12.58	13.12	-3.51
sh600883	-2457	-929	0	0	-86.76	14450	9.62	9.27	9.17	9.62	-3.64
sh601100	-7	-181	197	0	-419.20	49407	28.02	27.01	26.80	28.39	-3.02
sh600693	-13757	-13848	-7203	-1806	-1132.42	47825	10.35	10.19	9.95	10.48	-1.74
sh600093	-23756	-12202	-6746	-6073	-1131.11	84930	10.70	10.47	10.41	10.79	-3.06
sh600306	-6774	-4248	-1315	0	-152.76	39362	10.89	10.67	10.52	10.93	-2.65
sh600867	-14593	-15802	-11331	-8140	-4298.18	102336	23.97	23.34	23.15	24.40	-2.71
sh603309	-698	-205	0	0	-62.21	4937	18.26	17.78	17.50	18.26	-2.63
sh603266	-361	0	0	0	-161.17	3989	25.19	24.83	24.60	25.34	-1.59
sz002043	25174	19465	2573	2652	983.58	143178	11.98	12.13	11.97	12.22	1.34
sz002155	34003	21367	8608	2792	1112.51	186505	9.22	9.32	9.13	9.36	2.19
sh603269	0	0	0	0	-56.36	5651	22.59	22.54	22.36	22.94	-1.44
sh600122	-13550	-8177	7044	5031	-780.62	96066	9.83	9.71	9.64	9.96	-1.32
sz002016	32262	25679	7677	3822	1201.89	169448	9.95	10.41	9.95	10.48	4.94
sh603063	-1100	-406	0	0	-172.08	9811	17.41	17.35	17.15	17.55	-1.20
sz002394	-7582	-6023	-4012	-2803	-792.77	24633	12.14	11.96	11.90	12.19	-1.81
sh600303	-11588	-11077	-7097	-2000	-589.82	34677	9.13	9.01	9.00	9.17	-1.31
sz002390	-14825	-8929	-6403	-13103	-1576.67	120865	8.19	8.08	7.94	8.20	-1.22
sz002393	-823	-500	-500	0	-299.37	6958	31.85	31.31	31.31	31.90	-1.70
sz002019	-11496	-8340	-394	-1922	-2883.59	242042	22.55	22.53	22.36	23.18	1.08
sh603289	9840	7311	1735	0	488.72	104189	17.58	18.51	17.09	18.85	4.16
sh600260	-8693	-7741	-3545	0	-1240.79	44616	28.83	28.56	28.38	29.19	-1.72
sh600266	-1538	387	-2263	0	4584.16	128384	13.00	12.84	12.80	13.21	-1.46
sh600269	-13771	-14239	-10955	-7506	-255.48	58243	5.06	5.03	5.02	5.07	-0.40
sz002482	-8735	-3595	-2955	-3357	-714.99	46298	7.99	7.78	7.71	8.01	-2.02
sh600138	-4700	-3897	-936	0	-223.93	29709	19.60	19.53	19.45	19.66	-0.56
sz300001	57	356	955	0	218.93	24741	13.31	13.25	13.14	13.40	-1.05
sz000301	-22289	-19787	-13626	-9309	-761.93	82781	5.30	5.21	5.20	5.32	-1.70
sz300611	-1199	-200	0	0	-84.01	8979	14.34	14.15	14.00	14.45	-0.98
sz002279	-11151	-10815	-7310	-6615	-697.05	81893	10.60	10.26	10.17	10.61	-3.75
sz300615	-2835	-2052	-890	0	-820.54	16563	31.95	31.30	30.82	31.98	-2.98
sz300619	-357	-231	0	0	-137.86	12529	43.89	43.48	42.02	44.75	-1.90
sz002271	5633	3891	1707	47	4512.67	68670	38.54	39.85	38.48	40.49	3.40
sh600337	-18839	-16940	-6940	-5467	-381.73	63897	5.97	5.77	5.76	5.97	-2.53
sh603605	1303	10	520	0	966.64	53171	26.79	27.26	26.08	27.65	1.38
sz002572	225	-653	106	0	475.91	69710	36.99	36.10	36.00	37.47	-1.88
sh603603	-857	0	0	0	-437.70	20169	35.16	33.91	33.80	35.31	-3.88
sz000429	-10144	-8375	-6517	-2220	-325.66	49323	8.20	8.08	8.03	8.21	-0.74
sz002472	8452	6170	4279	2996	468.09	37619	9.88	9.95	9.81	10.05	0.40
sh603767	-21	-324	0	0	-188.39	15475	14.88	14.88	14.53	14.95	1.22
sh600007	-270	-399	0	0	-43.08	6285	16.98	17.08	16.80	17.29	0.89
sz000657	-3750	-2131	-500	0	-230.30	17650	12.20	12.05	11.99	12.28	-0.33
sh603127	-28	228	0	0	325.04	18025	52.09	54.87	52.09	55.50	4.30
sh600419	-464	0	0	0	-157.56	4635	46.60	45.37	44.80	46.91	-2.58
sh603178	314	473	0	0	-28.99	8838	14.23	14.15	13.91	14.25	0.28
sz002875	-138	-284	0	0	131.37	4747	26.33	25.88	25.61	26.33	-1.33
sh600395	-20874	-16629	-7459	-1297	-639.73	69617	6.71	6.57	6.55	6.71	-1.79
sz002877	-160	0	0	0	-145.50	10848	23.17	22.70	22.43	23.36	-2.03
sh600392	-4011	-4142	619	4908	-3351.50	634068	16.14	16.53	15.85	16.68	3.83
sz002878	-618	-334	0	0	168.72	7767	34.69	35.01	34.18	35.07	1.33
sh603012	-1425	-523	0	0	45.47	9162	7.54	7.32	7.32	7.54	-2.40
sz000959	-11074	-8679	-7222	-7539	446.44	53963	5.88	5.78	5.75	5.88	-1.87
sh600098	-17613	-14810	-9348	-3368	-2146.58	123309	7.13	7.00	6.90	7.13	-1.55
sz300094	-12657	-10266	-6004	-4787	-639.02	51142	6.83	6.66	6.62	6.90	-3.20
sz300097	-1946	-900	-574	0	-1843.74	30019	32.10	30.98	30.80	32.40	-4.15
sz000951	-4726	-2689	-4403	-3540	848.60	81196	16.70	16.55	16.55	17.10	0.00
sz300098	-18040	-9660	-6952	-1500	-676.98	91036	13.50	13.17	13.11	13.54	-2.95
sz000952	907	654	1065	1010	160.32	35463	14.59	14.64	14.56	14.89	0.07
sz000957	-10049	-6048	-1851	-1414	-601.48	41213	10.62	10.39	10.36	10.66	-2.07
sh600231	-12239	-11194	-8208	-1260	-3214.11	310788	5.19	5.04	5.04	5.20	-3.82
sh603118	-12656	-9519	-3432	-1000	-499.43	42205	8.76	8.54	8.50	8.77	-2.29
sz002888	-605	-228	0	0	-228.18	5762	26.88	26.16	26.11	27.24	-3.89
sh600308	-36080	-16015	-203	-2234	199.09	114508	6.54	6.29	6.28	6.55	-3.68
sh600463	-1465	-1068	-600	0	-62.51	10411	11.26	10.99	10.92	11.30	-1.52
sz002881	-1155	-919	0	0	-98.05	16345	30.51	30.60	29.50	30.92	-1.29
sz002880	-113	0	0	0	-420.39	8176	53.41	52.59	51.80	53.62	-1.92
sz002883	-309	0	0	0	-65.64	4856	42.30	42.11	41.40	42.77	-0.80
sh603113	-1476	-518	0	0	-90.65	15055	21.72	21.52	21.33	21.90	-1.69
sz002885	123	0	0	0	-138.87	8506	33.49	32.52	31.83	33.49	-2.69
sz002886	-1139	-134	-719	0	-1286.34	36835	39.16	38.25	37.00	39.16	-2.65
sz000002	-13441	-9158	-9474	-10775	3165.20	506382	30.30	30.37	30.27	31.33	1.74
sz300535	-101	0	0	0	-197.92	8047	36.00	34.90	34.54	36.18	-3.16
sh600926	13138	9014	9894	13319	1413.61	135179	11.05	11.19	11.03	11.21	0.90
sh600648	-1108	-542	-107	0	51.85	19880	17.79	17.61	17.43	17.82	-1.07
sh600133	-12112	-9248	-4761	-1000	-955.91	53361	9.00	8.83	8.83	9.04	-1.78
sh600644	-8299	-5751	-3963	-3634	-402.83	65326	7.21	7.11	7.02	7.31	-3.00
sh600131	-6389	-4523	-2245	-1179	-55.41	26135	7.13	6.91	6.90	7.13	-3.09
sh600136	2596	3169	3514	1351	311.84	87736	13.38	14.08	13.14	14.32	5.07
sh600642	-42166	-40996	-32907	-29756	-1840.72	202777	5.95	5.88	5.88	6.00	-1.51
sh603507	3117	2192	541	0	587.64	38988	38.49	40.00	37.72	40.08	2.83
sz002757	-103	0	0	0	15.22	3078	36.26	36.06	35.51	36.27	-0.55
sh600167	46	-864	-618	0	-1490.72	21549	26.86	24.21	24.21	26.86	-10.00
sz002619	13078	12986	14626	14435	1355.46	93732	6.40	6.47	6.33	6.48	0.94
sh600522	-3417	-4287	-5354	-9895	-14914.07	522229	14.87	14.54	14.35	14.99	-2.22
sh603508	-218	4	0	0	-228.28	7172	39.20	37.91	37.60	39.28	-2.94
sh600483	-6810	-5649	-4586	-2897	-200.11	14928	7.52	7.39	7.35	7.53	-1.47
sz002901	5776	1959	622	0	824.43	69925	35.78	37.65	35.00	38.00	4.93
sz002902	-2457	-1575	-774	0	-770.92	54015	39.48	37.91	36.23	39.48	-4.00
sh600577	-15880	-13109	-5848	-3970	-41.28	53436	3.81	3.78	3.77	3.83	-1.05
sh600487	-18934	-20180	-14950	-12993	-26240.50	309800	42.72	41.25	40.81	42.89	-3.33
sh600486	-43	706	0	0	-1941.90	15588	48.79	48.83	47.80	49.30	0.08
sz000756	754	-779	511	0	65.86	34873	13.85	14.18	13.85	14.25	1.94
sz300545	0	0	0	0	-301.28	2381	68.80	68.89	67.50	69.73	-0.79
sz300543	-601	-65	0	0	227.77	18469	30.81	29.65	29.25	30.82	-4.32
sz300269	-5568	-5355	-4191	-1373	-566.02	42452	12.56	12.22	12.13	12.56	-2.94
sz002611	739	997	800	0	133.42	31674	12.87	12.92	12.77	13.13	0.54
sz300118	-4455	-3655	-529	0	-53.16	32435	12.47	12.37	12.29	12.54	-0.80
sz000715	-1295	-788	-540	0	10.47	4961	9.43	9.43	9.35	9.55	-1.15
sh603500	-1955	-633	0	0	-428.09	18349	24.42	24.01	23.48	24.58	-2.48
sh601928	-9904	-8164	-5481	-4627	-827.27	39437	8.24	8.10	8.09	8.26	-1.94
sh603183	184	0	0	0	263.20	18308	36.02	36.21	34.97	36.72	-1.23
sz000758	-41829	-40225	-27922	-16857	-2796.81	146230	6.34	6.17	6.15	6.36	-2.68
sz000049	-10896	-9319	-2549	0	-6904.32	65859	40.80	38.30	37.88	40.89	-5.87
sz000507	-16034	-12366	-6158	-3003	-1888.66	91012	9.92	9.81	9.73	9.95	-1.60
sh601607	-5153	-6028	-5668	-2147	224.11	82376	24.90	24.88	24.52	25.02	0.24
sz000501	-4521	-4830	-3491	1010	-1669.78	48976	16.21	16.03	15.95	16.36	-0.80
sh600638	-165	-250	0	0	15.54	6345	15.30	15.16	15.15	15.43	-1.43
sz300401	-3834	-3074	-2089	0	-388.45	18035	44.64	43.68	43.40	44.85	-2.15
sh600737	-13838	-10988	-1451	0	-1085.44	70112	8.05	7.91	7.90	8.09	-1.74
sh600736	-5531	-5913	-4470	-2280	-664.06	44859	6.12	5.99	5.94	6.13	-2.12
sz300409	663	927	510	0	-169.81	32251	44.70	45.12	44.70	46.00	3.25
sh600828	-2674	-1756	-606	0	-15.78	23982	6.23	6.24	6.22	6.27	0.00
sh603345	-502	-461	0	0	-91.19	9240	23.53	23.09	23.02	23.58	-1.87
sz002721	16821	14966	12097	11063	-1441.61	89552	16.26	16.09	16.02	16.49	-0.74
sz002050	-15074	-11799	-9196	-7079	-3898.90	337609	19.27	18.86	18.52	19.80	-2.53
sz002724	-5281	-3312	-1106	0	-146.28	19884	9.56	9.25	9.23	9.61	-3.55
sz002057	-2784	-2678	-570	0	-196.04	21777	12.96	12.87	12.79	13.09	-1.38
sh600415	-28354	-22380	-18411	-14099	-1247.01	126789	5.89	5.77	5.76	5.93	-2.20
sh601669	-6342	-3900	4213	9658	2273.24	140633	7.23	7.33	7.23	7.36	0.96
sh603026	-909	-348	0	0	-540.58	18233	24.69	24.06	23.96	24.69	-2.55
sh601666	-39527	-39067	-36592	-28099	-6128.69	369120	6.12	5.93	5.91	6.14	-3.26
sh600684	660	-44	-666	-249	-197.12	39716	5.93	5.94	5.93	6.04	-0.34
sz002684	578	1971	2190	1180	-119.87	13857	17.87	17.52	17.50	17.87	-0.57
sz002682	-1840	-1488	0	0	-96.75	17665	10.99	10.86	10.82	11.09	-1.00
sz000826	-10681	-6656	-2839	0	-3926.56	53290	34.50	33.59	33.50	34.58	-2.52
sz000828	-6886	-3622	-703	8	-437.52	28188	11.29	11.03	10.93	11.35	-2.65
sh601326	-28325	-27199	-19825	-7691	-1420.54	155629	5.57	5.45	5.39	5.57	-2.33
sh601288	-37092	-39989	-42428	-43458	-979.60	2035946	3.68	3.68	3.67	3.71	0.27
sh600969	-2136	-375	0	0	-95.32	10756	12.50	12.33	12.25	12.53	-1.36
sz300043	-13175	-11587	-5861	5	-809.92	67514	6.42	6.08	6.05	6.44	-5.44
sz300041	-5072	-4325	-2200	-2200	-192.01	18418	9.91	9.88	9.83	9.96	-0.90
sz300046	-6374	-5926	-1351	-1351	-2296.38	66646	22.70	22.19	22.03	22.76	-3.18
sz300160	368	898	0	0	-224.60	21182	7.64	7.56	7.52	7.66	-0.92
sh603939	-570	-200	0	0	112.84	10551	43.66	45.62	43.66	45.93	4.42
sh600919	-41542	-38064	-34092	-13845	-4804.82	299563	7.51	7.41	7.40	7.53	-1.59
sz300658	117	0	0	0	-115.15	2679	29.50	29.34	28.90	29.76	-1.51
sz300655	-225	0	0	0	-207.57	6721	28.68	28.15	27.98	28.83	-1.61
sz300654	-1334	-1226	-1584	-1034	-69.92	21887	29.45	30.40	29.00	30.66	3.19
sz300653	-155	0	0	0	-185.87	5834	34.80	34.18	33.75	34.93	-2.20
sz300652	-117	0	0	0	67.43	7520	26.70	26.55	26.10	26.87	-0.23
sz300651	0	0	0	0	-0.64	1919	33.50	33.02	32.80	33.51	-1.11
sz300650	-753	-616	0	0	-480.22	8871	35.02	34.12	33.50	35.25	-3.48
sh603238	-384	0	0	0	-12.56	7850	22.48	21.97	21.70	22.55	-2.40
sz002900	4087	-6	-1374	-1374	827.74	49827	26.69	28.85	26.05	29.40	7.73
sz300669	-514	0	0	0	-204.11	6413	23.50	23.14	22.88	23.58	-2.03
sh600854	-10728	-10416	-5094	-2489	454.82	48929	5.29	5.33	5.27	5.34	0.00
sh603233	-187	-50	0	0	925.25	18269	50.12	51.99	49.12	52.55	3.22
sh603232	-188	0	0	0	-19.25	3390	47.89	47.05	46.51	48.26	-2.37
sz300493	-5727	-3203	-2020	1160	-1481.55	55294	14.84	14.07	13.91	14.95	-5.57
sz002126	-3986	-1619	296	0	-113.18	51928	9.60	9.39	9.23	9.60	-1.37
sz002127	-11701	-2487	-866	2000	237.90	67589	12.44	12.33	12.02	12.48	-1.60
sh603725	29	-498	0	0	197.27	28751	19.64	19.82	18.81	19.90	0.05
sz002431	-24249	-17293	-11712	-9997	-1057.09	127641	8.44	8.23	8.22	8.48	-2.49
sh603721	-187	8	0	0	-83.45	11441	26.42	25.54	25.25	26.54	-3.91
sz002121	-9419	-6615	-2326	-3719	-913.79	45878	8.94	8.79	8.76	8.98	-1.57
sh603303	-820	-23	0	0	-2.74	16512	13.70	13.38	13.21	13.70	-2.48
sh603728	2601	1552	500	0	345.01	18889	23.31	23.61	23.02	23.65	1.55
sh600352	-40686	-37662	-34549	-29188	-11499.70	732399	12.22	11.95	11.92	12.35	-1.73
sh600298	-8724	-7152	-3559	-1086	-2312.21	55501	34.75	34.31	33.99	34.90	-1.10
sh600299	-1711	-1283	-1500	-1000	-102.78	9488	10.19	10.15	10.12	10.25	-0.68
sh600356	131	844	848	0	16.95	11525	8.34	8.15	8.13	8.34	-1.57
sh600293	-1165	-541	-1276	0	-78.61	42947	7.89	7.92	7.87	8.05	0.25
sz000786	-1811	-6630	939	-4260	3911.00	433595	23.25	23.33	23.00	23.95	2.46
sh603801	-280	0	0	0	-311.46	9827	54.20	52.88	52.62	54.68	-2.62
sz000153	-9335	-7455	-5765	-2231	-343.66	29604	7.81	7.76	7.67	7.85	-0.77
sh600297	-13344	-9267	-7128	-1920	1594.98	134145	7.77	7.70	7.66	7.84	-1.28
sh600295	-20611	-19462	-13036	-11160	-4038.91	163759	14.25	14.05	13.88	14.30	-3.64
sz300463	160	-162	0	0	1934.31	25285	23.52	23.78	23.35	23.85	0.93
sz002581	-1337	-1221	929	1517	-849.94	29678	18.02	18.05	17.50	18.15	0.06
sz300195	1409	1837	500	0	15.19	9472	14.00	14.00	13.84	14.00	-0.14
sz300197	-20799	-16923	-11475	-8838	-2046.99	163805	11.76	11.44	11.36	11.80	-2.39
sz000910	-6449	-4427	-1280	-2035	2951.37	68924	23.54	22.93	22.84	23.70	-1.29
sh600213	-789	-710	0	0	-89.80	17090	9.65	9.54	9.46	9.69	-1.55
sz000919	-2175	-1621	-633	0	-294.51	14929	8.77	8.65	8.59	8.79	-1.14
sz300199	-2214	-1445	440	0	-1039.93	34624	16.47	16.45	16.26	16.59	-0.54
sz002221	7128	9918	10357	12195	-4499.33	342384	12.70	12.83	12.51	12.88	0.47
sh603157	3011	2458	796	0	312.55	42213	15.32	15.78	14.93	16.02	2.60
sh603305	-206	737	0	0	-1364.12	20301	37.64	36.25	35.90	37.95	-4.08
sh603158	-138	-240	0	0	-81.18	1660	18.83	18.70	18.61	18.85	-0.69
sh603159	-262	0	0	0	-21.31	7751	25.47	24.58	24.53	25.47	-3.49
sh600221	-22999	-22693	-24431	-19415	577.67	393606	3.13	3.13	3.12	3.18	0.00
sh600848	-9579	-7522	-5017	-796	-4585.03	86069	22.81	21.51	21.11	22.93	-6.40
sh600173	530	1726	0	0	-39.34	17531	5.79	5.81	5.77	5.88	-0.34
sz002807	7010	7377	2332	156	910.55	113034	7.94	7.98	7.91	8.07	0.38
sh600079	702	744	-236	0	-121.54	50849	18.16	18.17	18.00	18.23	0.06
sz000685	-5155	-5179	-2390	-2423	-661.20	34506	10.26	10.15	10.11	10.28	-1.07
sh600073	-14015	-12043	-6276	1020	-681.68	52763	8.21	8.05	8.02	8.26	-1.83
sh601888	-4928	-3709	-2387	0	-366.65	50160	43.57	43.53	43.38	44.39	-0.16
sz300450	-1233	-866	0	0	-1556.52	32614	61.64	59.20	59.12	61.70	-4.21
sz300221	-16492	-13587	-7379	-2071	-357.31	51112	16.20	15.78	15.66	16.20	-2.11
sh601882	-4241	-2415	0	0	-340.61	24888	10.01	9.69	9.66	10.12	-3.77
sz300341	-3991	-3706	-1130	0	-181.08	15359	6.81	6.60	6.60	6.85	-3.51
sz300343	2589	2746	1814	0	616.48	30151	12.45	12.41	12.14	12.45	0.08
sz300347	1851	-69	-678	0	191.12	31781	33.80	34.35	33.50	34.40	2.72
sz002105	-2582	-2379	0	0	-139.29	20871	6.40	6.35	6.23	6.42	-0.47
sh603963	-3163	-1249	-454	0	2269.72	25699	25.00	27.54	24.50	27.54	9.98
sz000960	-3556	-4868	-5671	-3332	136.72	100630	12.38	12.28	12.27	12.46	-0.08
sz000961	-28655	-19912	-13078	-3596	1984.95	240714	6.05	6.11	6.04	6.29	0.99
sh601107	-7168	-5820	-860	1000	71.20	24091	4.11	4.06	4.06	4.12	-1.46
sh600581	-14307	-15200	-11480	-8742	-6956.61	324711	13.46	12.97	12.93	13.47	-5.12
sh600459	-1143	280	912	0	-464.75	23113	21.73	21.37	21.21	21.75	-0.88
sh600586	-23135	-19983	-11361	-2931	-404.32	63422	4.50	4.42	4.42	4.53	-2.43
sh600452	-2021	-904	0	0	-1499.83	24979	36.48	34.70	33.95	36.51	-5.04
sh600779	-3989	-2043	-383	-1033	-4392.68	97537	46.35	45.28	44.00	47.25	-2.60
sh601311	-2985	-977	1462	0	-169.15	20580	12.92	12.82	12.78	13.02	-0.85
sh603496	-300	0	0	0	-36.78	7462	34.31	33.77	33.40	34.47	-1.92
sh600674	90	4497	5709	10762	2870.73	174266	10.19	10.12	10.09	10.38	-0.69
sh601086	8142	7093	3979	1450	783.69	124445	7.54	7.73	7.51	7.80	1.98
sz002769	306	237	0	0	-134.43	9531	14.49	14.40	14.21	14.60	0.35
sh600673	-15529	-15391	-12281	-7208	-1469.51	128172	6.87	6.71	6.66	6.88	-1.90
sh603378	-1280	-2100	-600	0	-274.16	67072	22.90	23.87	22.41	24.00	2.62
sz002766	-1614	-1197	0	0	-151.84	38038	13.68	13.28	13.20	13.88	-2.35
sh600439	9030	11121	10620	1120	201.37	43414	5.58	5.58	5.54	5.59	-0.18
sh601088	-5246	-5184	-3286	-1714	747.12	175189	23.19	23.11	22.80	23.27	-0.09
sz002763	-3257	-1779	0	0	-273.65	17831	13.94	13.40	13.38	13.94	-3.60
sz002643	-10024	-9943	-3348	0	-79.19	44742	11.21	11.13	11.09	11.37	-1.50
sz002317	-10679	-8441	-4042	0	-607.88	44031	12.84	12.72	12.60	12.84	-0.93
sz002164	-6800	-5104	-2688	-1200	-369.59	30810	8.85	8.68	8.53	8.91	-2.03
sz002645	-327	201	0	0	-118.76	11233	18.31	17.91	17.72	18.48	-2.29
sz300539	203	0	0	0	41.35	6309	10.82	10.55	10.42	10.82	-1.68
sz300536	-4326	-1897	0	0	-317.52	32799	16.33	15.61	15.50	16.48	-5.11
sz300537	-2749	-1282	-882	0	136.24	20854	15.31	15.40	14.31	15.40	0.65
sz002648	4567	2630	2085	105	2092.52	209242	15.96	16.35	15.84	16.48	2.96
sz002527	-6669	-3650	-18	0	-400.68	29992	10.01	9.72	9.72	10.05	-2.80
sh603989	1539	951	0	0	554.00	15034	36.96	37.49	36.01	37.57	1.43
sh603578	-29	0	0	0	-224.75	11929	31.50	31.26	29.58	31.90	-1.48
sh600688	-1388	-3700	-3699	-4398	94.72	109276	6.35	6.36	6.30	6.38	-0.31
sh603197	199	312	0	0	-41.00	6390	53.20	53.48	52.70	53.70	0.49
sh601811	-796	-200	0	0	-71.25	12652	13.06	12.86	12.82	13.18	-1.76
sh600681	1542	5855	1870	184	398.54	120556	14.51	14.65	14.24	15.10	0.83
sh601996	-18141	-13337	-8083	-4263	-286.66	75838	4.98	4.87	4.84	5.02	-2.21
sz000042	-748	-230	0	0	-17.68	5774	16.35	16.65	16.35	16.75	1.03
sh600887	14014	6736	4291	-918	-7863.40	458941	33.18	33.06	32.74	33.59	-0.30
sz002002	-15426	-15673	-15959	-7631	-524.31	104855	6.90	6.79	6.67	6.94	-2.02
sh600823	5108	1112	-2897	-5609	-259.23	113635	4.83	4.85	4.82	4.93	0.41
sh601225	14238	16884	19223	-15650	-2467.82	410839	7.95	7.89	7.88	7.99	-0.88
sh600708	-4291	-2730	1021	4000	-550.24	59922	6.71	6.67	6.65	6.79	-0.60
sh601799	0	0	0	0	311.90	4551	49.73	49.05	48.82	49.88	-1.37
sh603688	-332	-387	-535	0	-260.81	15646	15.94	15.56	15.45	16.10	-2.20
sh600814	-6521	-4665	-2124	0	-320.65	32941	8.86	8.80	8.76	8.98	-1.35
sh600701	-15530	-12394	-5474	-5309	-896.01	55474	10.21	10.01	9.99	10.29	-2.63
sz300452	297	139	0	0	10.98	11965	26.47	26.89	26.40	27.13	1.43
sz300457	-3153	-2116	-19	0	-1436.43	26141	27.66	26.59	26.50	27.66	-3.87
sz002008	-14082	-14833	-10567	-2676	-30319.00	289790	54.50	51.99	51.60	54.53	-4.02
sh603277	-2994	-400	574	0	-542.75	35751	17.77	17.80	17.39	17.93	-2.47
sz002166	-5014	-2235	0	0	-236.33	20518	10.13	10.07	10.01	10.14	-0.49
sh603803	-587	-300	0	0	-2.05	10501	17.80	17.45	17.21	17.98	-1.97
sz002001	14505	13078	5054	2128	-6828.30	358859	39.10	41.16	38.81	41.40	4.71
sz002169	-16162	-14428	-6132	-5381	-293.98	45862	5.04	4.98	4.89	5.04	-0.99
sh600635	-32071	-32256	-28902	-18008	-1864.65	342879	4.92	4.84	4.80	4.98	-2.22
sz000818	-8915	-7555	-252	-1871	-183.75	47479	12.18	11.94	11.83	12.18	-1.16
sz000548	-4096	-2203	0	0	12.18	19018	6.32	6.26	6.22	6.37	-1.42
sz002363	-4063	-2636	-516	0	-159.90	13239	8.69	8.53	8.50	8.70	-1.84
sh603076	-476	-486	0	0	-224.41	13099	32.00	32.67	31.60	33.00	-1.42
sz002367	-7790	-6682	-481	0	-390.18	29917	8.47	8.25	8.22	8.54	-2.48
sh603299	-9088	-5065	-2016	-1702	-598.48	50296	9.55	9.20	9.17	9.63	-4.66
sz002042	-8166	-6571	-2408	-2497	-451.15	43194	12.89	12.78	12.76	12.92	-1.46
sz300394	-316	-430	0	0	-169.52	7592	22.45	22.18	22.05	22.51	-1.42
sh600251	-19319	-16431	-8343	-3121	-970.87	75121	7.62	7.47	7.38	7.64	-2.10
sz300017	29635	32387	29867	38501	8899.07	539620	9.22	9.49	9.16	9.54	4.63
sh600371	-917	-791	0	0	-9.03	18435	10.43	10.51	10.39	10.66	1.35
sh603813	2149	1292	0	0	499.16	19168	27.50	28.84	27.15	28.95	3.30
sz002725	-1159	-1112	-500	0	201.67	11395	14.05	13.66	13.51	14.08	-2.78
sz300626	0	0	0	0	13.77	654	27.54	27.73	27.37	27.89	-0.64
sz300627	0	0	0	0	-299.97	5459	44.66	43.40	43.10	44.66	-2.21
sz300625	-921	-543	0	0	-401.47	11522	24.77	24.15	24.02	24.77	-1.75
sz300620	-499	-128	0	0	51.04	20902	38.91	40.28	38.91	41.42	2.70
sz002493	-20027	-18443	-10830	-1835	-3985.70	367258	15.20	14.70	14.35	15.62	-3.54
sz300058	61234	44673	18363	2203	-10118.34	482988	6.03	5.50	5.45	6.06	-9.24
sz002262	-5503	-5878	-840	0	-955.38	32514	14.55	14.46	14.31	14.60	-0.96
sh603617	-100	311	0	0	196.31	10336	23.63	23.63	23.38	24.18	-0.67
sh600886	-15006	-28353	-33384	-37728	-935.83	201499	7.46	7.41	7.40	7.51	-0.80
sh603615	-436	117	0	0	130.85	11166	13.70	13.85	13.70	14.14	0.29
sh603976	525	0	0	0	-119.39	9877	26.07	26.45	25.35	26.45	0.99
sh603758	-1525	-665	0	0	-179.43	16278	13.33	13.13	13.02	13.34	-1.35
sz002463	-21306	-21864	-6832	-7695	722.09	326658	5.81	5.79	5.70	5.84	0.17
sz002462	-1825	-1095	0	0	-202.83	17309	27.54	26.85	26.85	27.84	-2.47
sz002461	2483	-1421	-1800	-5496	-2847.47	104121	11.63	11.98	11.34	12.10	2.13
sh603619	-256	1412	1208	0	-1313.24	86115	34.96	35.23	34.69	36.95	-0.98
sz002446	-6365	-3157	-1305	-2200	-104.48	74834	10.32	10.13	10.08	10.54	-4.34
sh603776	-117	448	0	0	-1567.63	23266	60.92	58.08	56.95	61.20	-4.97
sh600409	-18771	-15003	-14994	-4177	-991.81	137308	9.50	9.40	9.35	9.54	-0.95
sh600791	-6898	-8571	-5628	-4418	-396.81	43087	6.90	6.83	6.77	6.93	-1.44
sh603021	-4137	-3323	-537	1020	-401.15	17631	10.21	9.89	9.87	10.21	-3.32
sz002867	-993	-400	0	0	-173.45	8084	27.25	26.80	26.71	27.25	-0.45
sz002866	152	0	0	0	89.65	7799	36.05	36.52	36.05	36.80	0.30
sh600790	-10135	-10621	-10792	-6088	-361.64	61243	5.93	5.94	5.81	5.96	0.00
sz002863	-11747	-14767	-7373	-2709	-3148.54	154681	13.45	12.78	12.68	13.60	-9.30
sz002862	0	0	0	0	-7.58	2284	27.61	26.51	26.30	27.61	-3.67
sz002861	-767	-727	-501	0	-321.38	9260	25.53	25.07	24.67	25.79	-2.30
sz002860	-1009	-407	0	0	-119.99	11572	41.43	41.21	40.43	41.97	-1.41
sz300305	-1744	-1593	-2008	-1208	-63.39	12566	7.55	7.51	7.44	7.58	-0.79
sh603991	26	0	0	0	-32.81	4193	27.68	26.89	26.52	27.68	-2.00
sz300303	-17824	-16691	-16258	-13101	-1034.57	73530	3.73	3.61	3.60	3.74	-3.22
sz002868	64	-242	0	0	67.24	10646	23.01	23.50	22.75	24.54	1.25
sz000928	-82180	-74329	-66378	-64942	3777.18	387840	5.99	6.42	5.97	6.42	9.93
sh600089	-11367	-14848	-14825	-11915	-5951.93	350382	9.92	9.80	9.73	9.99	-0.91
sz000921	-12441	-6755	-5036	-2801	-1774.11	86118	14.27	14.06	14.00	14.49	-2.02
sh600081	3063	1696	600	0	183.28	17488	11.77	11.95	11.66	11.96	1.44
sz000923	-2263	-1347	-565	0	-645.80	19563	22.30	22.05	22.03	22.44	-1.52
sh603103	1455	-35	0	0	6.91	25138	25.92	26.43	25.51	26.66	1.15
sz002716	4010	5477	7758	10179	-561.67	55436	18.85	18.88	18.42	18.97	0.37
sh603106	4033	3152	1150	0	1017.99	64202	23.81	24.49	23.21	24.51	2.86
sh600988	44524	40247	36793	46409	13413.10	832046	5.99	6.51	5.92	6.51	9.97
sz000030	-3502	-1969	0	0	204.34	21641	7.94	7.90	7.86	7.97	-0.50
sh603005	-1215	-1976	0	0	12.30	44334	35.98	36.15	34.77	36.25	-0.03
sz002300	-13154	-8952	-3730	-1128	-521.33	71183	8.92	8.56	8.51	8.96	-4.14
sh600101	-4400	-2494	0	0	-132.74	14932	9.18	8.94	8.94	9.18	-1.43
sz300578	-89	-200	0	0	11.28	3240	35.43	35.73	35.22	36.76	0.85
sz002609	-1240	-816	-816	0	-78.58	4987	14.86	14.85	14.80	14.92	-0.47
sh603535	-1482	-297	0	0	-172.32	16132	25.01	24.63	24.33	25.18	-1.87
sh603518	-643	-723	0	0	-5.68	5520	18.49	18.19	18.10	18.72	-2.68
sh603538	-514	0	0	0	-35.00	6733	27.56	27.12	26.76	27.56	-0.51
sz002910	11167	7434	2994	5291	6708.95	144778	17.15	19.18	17.08	19.18	9.98
sz002603	-1763	-469	0	0	-223.88	10563	15.66	15.54	15.51	15.75	-0.77
sz002602	-2412	-1914	-800	0	-1316.03	19176	34.31	33.99	33.90	34.83	-0.61
sz002601	-5690	-5468	-4581	-4752	-224.53	76675	15.18	15.21	15.00	15.26	0.60
sz000797	-24323	-21739	-13587	-9009	-1642.34	84221	11.64	11.20	11.20	11.77	-3.45
sz000796	-7247	-5134	-3809	-1466	-986.34	36268	13.49	12.75	12.72	13.54	-5.20
sz300371	-443	-335	0	0	25.64	10285	18.50	18.11	17.82	18.70	-3.41
sz300373	-7382	-6697	-4836	-2216	-996.96	76970	29.05	28.71	28.53	29.40	-2.35
sz000722	-1433	-806	-778	0	-21.75	12543	8.78	8.63	8.58	8.83	-1.48
sz000723	6560	6300	5083	7228	-317.76	106059	7.08	7.02	6.94	7.09	-1.13
sh600039	-13797	-13291	-11156	-9102	-475.47	59468	4.00	3.99	3.98	4.02	-0.25
sh600033	-5555	-4169	-1571	-1817	137.82	56390	3.60	3.61	3.60	3.62	0.00
sz000729	-24555	-21764	-2046	-379	3624.30	496845	6.90	7.03	6.86	7.26	0.86
sh600037	-3373	-2415	390	92	222.74	60066	12.83	12.66	12.64	13.04	-1.48
sh600035	-19882	-8274	1529	3005	635.16	78177	5.35	5.22	5.12	5.37	-2.43
sz000513	4706	2158	-991	0	-3669.01	70957	69.60	69.99	68.60	70.77	1.20
sh601595	-284	0	0	0	-47.23	6969	18.59	18.21	18.12	18.61	-2.10
sz000517	-2331	1299	3334	1239	148.64	83434	3.40	3.43	3.40	3.53	0.88
sh603937	18432	10685	1802	328	411.59	168197	22.08	23.54	22.00	24.43	3.38
sh601611	-16178	-12055	-10964	-5875	-1795.17	116309	10.87	10.67	10.66	10.97	-2.20
sh601599	-8712	-4527	3740	4217	-458.89	132552	6.91	6.89	6.82	6.95	-1.01
sz002661	-597	-372	-110	0	-97.69	7816	14.28	14.20	14.20	14.35	-0.70
sh600746	-4455	-2674	-1967	0	-190.97	27139	8.12	7.85	7.81	8.16	-3.44
sz002733	830	1807	2192	1081	-2031.16	69890	17.77	17.65	17.38	18.18	2.68
sz002731	-101	294	0	0	96.77	8862	19.35	18.78	18.69	19.60	-3.94
sz002730	1168	375	-4449	-2740	144.70	77853	13.46	13.91	13.22	13.94	2.13
sz002041	-1847	-4977	-3764	-1700	-94.58	55402	12.35	12.39	12.28	12.51	1.72
sz002735	0	0	0	0	-24.76	944	31.90	31.74	31.50	32.15	-0.91
sz002905	-435	-131	0	0	-82.79	15216	33.41	33.40	32.62	33.61	-0.48
sz002320	-1196	-275	-1638	0	572.55	44262	21.40	21.64	21.25	21.69	0.84
sh603031	-151	0	0	0	5.74	3752	23.55	23.14	23.08	23.55	-1.74
sh603881	-864	-745	-825	0	-988.98	54218	47.50	47.97	47.50	48.74	0.08
sz000425	-7660	-9866	-16494	-22842	-1830.50	1644475	4.07	4.09	4.07	4.19	1.24
sh601689	-2372	-737	-500	0	-600.16	20937	25.24	24.59	24.52	25.25	-2.58
sz000421	-5632	-3438	-1745	1533	-392.41	76096	6.48	6.41	6.38	6.65	-2.14
sz300054	-31898	-23880	-9155	-2070	-4283.75	216604	12.34	11.67	11.61	12.45	-5.89
sz300057	-2085	-1400	0	0	56.58	8972	10.13	10.00	9.98	10.13	-1.38
sz300051	-8589	-7931	-2074	0	-640.10	42069	9.85	9.39	9.30	9.85	-3.59
sz300119	-2041	-1804	-500	0	-94.53	10730	11.57	11.33	11.31	11.65	-2.07
sh603399	-504	480	33	0	314.13	27347	14.46	14.78	14.43	14.84	2.14
sh600521	-1722	-1927	-4365	-2730	1379.55	116167	29.91	29.11	28.50	30.54	-1.99
sz300059	-31459	-34800	-42909	-46263	-24481.80	762560	12.91	12.40	12.38	12.98	-3.88
sh603393	-5128	-2863	-1542	0	-2551.54	80590	41.58	41.14	40.72	43.14	-2.72
sz300113	1906	3028	1174	-1271	-1537.26	129825	18.18	18.19	17.90	18.44	0.17
sz300662	-226	0	0	0	12.10	5013	24.76	24.90	24.69	25.30	0.61
sh601500	-8017	-4307	-901	0	-281.55	42329	9.90	9.53	9.32	9.99	-4.51
sz300258	1304	1804	1200	0	316.96	24357	14.40	14.61	14.16	14.66	1.46
sz300667	-791	-529	0	0	-655.59	10350	38.99	37.51	36.90	39.02	-3.87
sz300665	-1349	-784	-564	0	-476.27	16571	27.42	26.79	26.43	27.70	-3.32
sz300701	-253	22	0	0	-626.95	15802	34.98	34.71	33.60	35.24	-2.00
sz300703	149	0	0	0	-34.68	5162	30.99	30.98	30.03	31.05	0.06
sz300702	-9	-295	0	0	-186.24	14687	38.89	40.16	37.89	40.49	3.24
sz300705	2304	254	-590	0	388.56	39798	24.05	25.99	24.05	26.48	7.66
sz300707	-1043	-890	-672	0	576.95	23122	43.87	45.60	42.51	45.88	3.38
sh600963	-24707	-20126	-17527	-11450	-1144.43	98072	6.64	6.52	6.43	6.66	-1.81
sz002139	-23480	-17022	-3990	-1502	-2539.36	130178	11.91	11.45	11.35	11.93	-4.26
sh600841	-4244	-4195	-3055	-1064	-486.02	25292	12.07	12.07	12.00	12.24	-0.90
sh600219	20282	12255	2454	7274	-287.44	413316	3.54	3.56	3.53	3.58	1.14
sz300464	-4192	-2125	-1594	0	-296.46	27814	11.88	11.62	11.46	11.95	-3.41
sh600846	-23586	-23693	-17721	-4315	-3269.51	193175	9.57	9.10	9.04	9.58	-4.11
sh600845	-1701	-1985	-219	0	-275.93	39668	18.12	18.38	18.01	18.68	0.88
sz300621	-125	0	0	0	-43.73	4764	18.80	18.43	18.20	18.83	-1.97
sh603717	-493	-257	0	0	-441.52	13704	27.07	26.79	26.61	27.18	-1.80
sz002427	1480	1752	512	11	226.20	51218	33.79	33.91	33.35	34.87	0.33
sh603321	2301	319	-510	0	-51.13	40335	10.93	11.05	10.55	11.30	1.10
sh603089	0	0	0	0	83.27	7442	22.91	22.60	22.44	23.14	-2.75
sh603326	-521	-350	0	0	-100.45	7878	19.33	18.90	18.80	19.33	-1.51
sz002789	-111	0	0	0	-31.55	3597	39.69	39.21	39.00	39.91	-1.21
sh603081	-1301	-208	0	0	88.82	14468	27.12	26.86	26.79	27.64	-1.54
sz002783	-745	-602	0	0	16.30	7444	17.97	17.70	17.65	18.04	-1.45
sz002429	-47817	-44128	-35180	-29946	-2260.45	323037	3.80	3.73	3.73	3.81	-2.36
sz002781	2999	1046	1100	0	218.45	11146	23.90	24.33	23.85	24.34	1.97
sh600367	-8198	-5566	-1492	0	-351.93	37635	11.02	10.79	10.77	11.09	-2.35
sh600362	-4186	-1884	1939	-2547	4343.69	329833	18.40	18.17	18.07	18.55	0.89
sh600284	-3845	-2916	-584	0	-287.77	17275	9.29	9.16	9.14	9.30	-0.97
sh603817	-2143	-1124	0	0	28.40	20265	12.46	12.29	12.21	12.55	-1.60
sh603811	310	0	0	0	60.19	8329	28.80	29.18	27.85	29.70	1.60
sh600283	-7233	-5617	-607	0	-62.75	68588	12.75	12.36	12.34	12.86	-3.74
sh600282	-34078	-34366	-20150	-16334	-3729.58	510293	4.80	4.68	4.67	4.80	-3.11
sz300023	-502	-872	-782	0	149.68	10965	10.88	10.75	10.60	10.88	-1.47
sh603200	-800	-649	0	0	-364.34	12128	39.80	38.66	38.00	39.80	-3.20
sz300180	-1021	-503	-500	0	-119.96	7239	24.15	24.07	23.98	24.30	-1.07
sh603517	349	523	0	0	368.32	8713	40.38	40.93	39.68	41.00	1.44
sh603882	5844	4244	-230	0	2631.47	58622	29.87	32.18	29.73	32.88	7.27
sh603883	-606	38	0	0	1482.02	14723	61.03	61.60	60.08	62.00	0.93
sh603880	573	390	0	0	283.31	17545	23.89	24.71	23.28	24.93	2.45
sz002558	-42	515	691	0	72.00	28190	36.20	35.89	34.80	36.25	-0.80
sh600216	2478	296	3825	-2767	1.89	179017	13.19	13.51	13.11	13.61	1.66
sh600217	-43325	-40661	-32789	-22197	-3011.24	167084	7.04	6.61	6.57	7.14	-6.77
sh603885	-7687	-11159	-20017	-13040	-3973.74	129019	14.91	14.55	14.47	15.30	-2.48
sh603920	-4221	-3054	-1189	0	-830.69	29921	17.48	16.90	16.84	17.57	-3.32
sh603665	-429	0	0	0	20.58	2009	30.30	30.04	30.00	30.87	-2.18
sz002557	-6305	-3625	498	0	-971.90	38097	15.83	15.62	15.42	15.98	-1.64
sz000709	-36595	-36791	-29466	-21869	-2506.63	486124	3.87	3.81	3.80	3.87	-1.55
sz000671	-25139	-20932	-14033	-2599	309.39	555399	7.55	7.61	7.51	7.72	2.70
sz000672	12730	10066	12514	12030	2170.15	329501	9.62	10.00	9.62	10.09	2.99
sh600064	-398	-601	0	0	-13.44	13996	14.02	14.00	13.96	14.15	0.00
sz000676	-4798	-2221	-513	0	-154.82	20141	11.33	11.01	10.98	11.45	-2.82
sh601898	-25184	-24926	-23121	-16917	-974.45	87651	5.66	5.58	5.57	5.68	-1.41
sz002815	-313	0	0	0	-100.44	8985	30.88	30.68	30.36	31.11	-0.78
sz300231	-16542	-17212	-16085	-13488	-3902.03	317149	12.47	12.49	12.33	12.75	0.56
sh603866	-666	-401	0	0	36.67	3860	39.35	38.85	38.63	39.48	-0.94
sz000700	-5190	-5917	-4657	-3490	-88.71	34656	5.57	5.52	5.52	5.62	-1.08
sz300338	-761	-1250	-543	0	-252.13	11171	21.68	21.38	20.68	21.72	-1.75
sz300688	-666	-302	0	0	-532.33	12858	54.60	53.33	52.25	55.00	-3.04
sz300689	-546	-426	0	0	-208.76	14323	42.30	42.90	40.60	43.00	-0.07
sz000601	-2606	-2128	-1000	-1000	-218.27	14163	7.10	7.07	7.05	7.17	-0.98
sz300681	-4191	-3186	-643	0	-2278.70	22712	54.20	51.15	49.67	54.23	-6.66
sz000608	4544	4863	1875	0	-596.84	52527	6.44	6.43	6.39	6.54	-0.16
sz300686	-337	57	0	0	-240.61	10370	21.73	21.20	20.88	21.73	-2.44
sz300687	129	0	0	0	-751.72	9972	44.99	44.35	43.20	45.18	-1.92
sz000415	-52377	-48201	-41277	-37132	1542.03	115190	5.69	5.71	5.64	5.71	0.00
sh600782	-11719	-1401	-6594	-5396	-696.46	515789	6.39	6.19	6.15	6.39	-3.58
sz000417	-11254	-8835	-3935	-2918	-589.72	39490	8.08	7.93	7.92	8.12	-1.73
sh600787	-25022	-24137	-12241	-2089	-1790.09	136036	11.20	11.08	11.02	11.36	-1.51
sh601718	-11990	-8778	-3828	-1183	-133.83	60192	6.69	6.61	6.60	6.72	-1.78
sh600667	2020	1145	12050	16113	-6857.61	864030	9.18	9.24	9.06	9.44	0.00
sh603568	-122	0	0	0	77.31	10811	21.05	20.92	20.91	21.35	-1.09
sh600665	-1367	-1594	-802	230	-192.82	33544	4.25	4.23	4.20	4.31	-0.94
sz000780	-2711	-378	224	0	164.91	23635	4.98	4.93	4.93	5.01	-1.00
sh600661	249	809	-20	0	-221.35	26785	25.11	25.40	24.58	25.44	-0.20
sh600547	27321	19830	13343	9056	3856.61	174730	30.00	30.46	29.72	30.50	1.98
sz300521	-763	-860	0	0	-136.84	15026	17.09	16.70	16.32	17.21	-2.22
sz000999	-2323	-2212	-809	0	23.05	21845	25.70	25.83	25.60	25.84	-0.04
sz002675	5957	4261	2411	1211	-520.19	69377	12.19	12.29	11.99	12.30	2.50
sh601398	5159	6022	7827	12043	21811.80	2396364	5.93	6.00	5.93	6.03	1.35
sz000895	1334	-542	1360	-824	1745.91	103187	27.36	27.76	27.10	27.84	1.31
sh603331	179	203	0	0	-6.36	7606	18.61	18.39	18.09	18.61	-1.18
sz000899	-549	-224	547	0	220.54	11353	5.77	5.78	5.71	5.81	0.35
sz002124	-6039	-3592	-2442	0	-412.81	18278	8.51	8.29	8.28	8.52	-2.24
sz002678	-679	-424	0	0	6.59	5309	11.00	10.87	10.80	11.08	-1.72
sz000779	-79	718	0	0	-69.06	12159	13.87	13.60	13.45	13.99	-2.44
sz000778	-76648	-70263	-60692	-49068	-1694.14	263141	5.26	5.12	5.11	5.28	-2.85
sz300233	-1487	-1095	-539	0	34.49	7962	19.22	19.25	18.88	19.46	-1.13
sh600529	5311	4821	3773	1000	1762.28	47094	20.60	20.71	20.45	21.37	0.00
sh601006	-2559	-408	6030	6451	-236.24	283488	8.90	8.89	8.83	8.95	-0.11
sh601001	-14428	-14910	-8691	-5127	-939.80	82001	5.89	5.76	5.75	5.89	-2.37
sh603335	163	1121	0	0	283.17	22933	10.78	10.72	10.41	10.78	0.19
sz000529	-6515	-5448	-3180	-1147	-209.52	24675	6.99	6.80	6.77	7.04	-2.72
sh601238	29032	27713	26191	17518	-1293.26	80525	24.46	24.59	24.46	24.99	0.04
sz000521	-5252	-4361	-1088	-1395	-147.92	34629	5.07	5.03	5.02	5.08	-1.37
sz000524	-1837	-730	-786	0	167.75	13003	11.53	11.50	11.33	11.59	-0.17
sz000525	-3397	-3049	-507	0	961.36	42353	20.57	20.22	20.20	20.77	-1.65
sz000151	-2899	-1530	-700	0	-217.66	15453	12.30	12.12	12.00	12.34	-1.06
sh601789	-11264	-10779	-10055	-6758	-410.27	29510	4.51	4.47	4.46	4.53	-1.11
sz002795	-901	-791	0	0	13.38	8999	15.20	15.37	15.05	15.38	0.79
sz300428	2247	1157	-1856	-1856	857.97	87611	18.77	19.86	18.77	20.58	5.13
sz300429	-173	-371	0	0	-801.72	17085	22.77	23.58	22.77	23.65	1.64
sh600809	-3303	-2846	-1621	0	-3169.79	65511	56.61	56.27	54.00	57.29	0.23
sh603698	-535	-473	0	0	-120.82	9239	19.74	19.24	19.23	19.89	-2.78
sh600713	-3580	-3217	-1349	-1349	-73.63	17750	6.21	6.20	6.18	6.25	-0.48
sz300425	-10540	-7148	-5987	-2947	-461.25	48615	10.68	10.40	10.35	10.71	-3.44
sh600804	-10841	-8770	-5838	-1518	-1094.24	67337	17.12	16.95	16.88	17.20	-0.59
sh600717	-13302	-10439	-5935	-2177	-711.82	53525	10.28	10.13	10.11	10.33	-1.55
sz300421	-504	0	0	0	22.97	5898	19.12	18.69	18.22	19.14	-2.04
sz002582	-335	763	1007	1242	-787.50	44491	11.56	11.60	11.33	11.81	-0.51
sz002627	223	560	560	0	19.91	4258	18.17	18.10	18.05	18.17	-0.39
sz002079	-36105	-34171	-31740	-17322	-4981.23	286911	9.70	9.30	9.28	9.70	-4.02
sz300296	-15690	-14994	-9801	-2657	-365.39	111649	20.76	20.18	19.91	20.87	-2.98
sh603367	21742	16080	12060	8311	4142.90	137152	18.30	19.78	18.07	19.78	10.01
sh603363	6696	7797	7408	4230	2913.85	80524	12.60	13.78	12.58	13.78	9.98
sz300038	-9270	-6566	-8023	-3601	-9056.68	153569	49.58	48.60	48.53	50.19	-2.00
sz000631	-4553	-4808	-4340	-3561	-489.58	50169	4.02	4.02	4.00	4.05	0.00
sz002370	-1510	-611	0	0	-183.28	10276	14.70	14.32	14.04	14.70	-2.78
sh603043	-147	-296	-605	0	-315.71	13324	18.98	18.58	18.41	19.01	-1.54
sz002129	26323	18865	7576	1746	-9568.50	1635042	11.81	11.72	11.58	12.02	1.21
sz000807	-39427	-37839	-41624	-37330	4923.00	1064574	8.77	8.82	8.66	8.93	2.56
sh603599	-10324	-7374	-1022	0	-1777.35	54078	18.92	17.73	17.67	19.02	-5.99
sz000553	-5009	-2052	-505	0	-97.93	30502	15.63	15.37	15.36	15.70	-1.85
sz000552	-25823	-24304	-18175	-18496	-410.07	72573	3.46	3.40	3.39	3.46	-1.73
sz002406	-5867	-4563	-1600	-1000	-252.38	22329	7.09	7.02	7.00	7.14	-1.13
sh603997	-2087	-1313	-1248	0	-70.45	10979	11.52	11.50	11.37	11.59	-0.17
sh603917	-1156	-332	0	0	-152.89	38873	24.60	24.60	23.74	24.65	-0.24
sh600569	-27205	-29216	-23042	-19406	-2981.30	475669	4.69	4.58	4.56	4.69	-3.38
sz300065	-13261	-9204	-4968	-1500	-2516.36	58545	19.10	17.60	17.41	19.37	-6.58
sz300438	-1605	-1642	0	0	36.07	19198	29.57	29.70	29.32	30.15	0.34
sh603808	-1956	-1489	-705	0	-288.09	16541	22.60	22.14	21.96	22.80	-2.04
sz300063	-10712	-9440	-3260	-1447	-258.95	53286	5.51	5.38	5.38	5.55	-2.71
sz300639	-2087	-1061	0	0	-2381.28	26106	69.10	68.90	68.30	70.07	-1.40
sh603809	-1645	-839	0	0	-113.51	24410	33.51	33.48	32.50	33.60	-0.48
sz300144	3990	4931	5303	4132	1828.74	62654	18.45	18.78	18.30	19.01	1.79
sz002402	-15089	-20910	-19617	-10013	-10108.80	288374	10.08	9.20	9.10	10.10	-9.00
sz300635	107	165	-696	-2294	-27.80	20594	19.20	19.19	18.62	19.30	1.97
sz300637	-98	80	0	0	86.91	4665	20.55	20.14	19.88	20.56	-1.42
sz002290	-1021	-458	0	0	-7.85	9295	13.02	12.73	12.69	13.15	-2.82
sz002298	-8764	-6049	-2112	-1194	-194.63	33819	9.07	8.88	8.86	9.13	-2.74
sh603626	7265	4543	3595	1815	-2626.36	98787	29.19	27.52	26.01	29.20	-4.78
sz002100	-2421	-2	1500	0	307.12	31954	8.03	7.90	7.77	8.06	-2.23
sz002101	1201	1372	1225	0	792.44	18436	21.20	21.36	21.06	21.65	-0.19
sz002515	741	658	0	0	-41.09	21346	8.44	8.41	8.36	8.52	0.60
sh603966	-320	-200	0	0	-2.15	10688	15.73	15.40	15.20	15.74	-2.28
sz002513	-3987	-2907	-570	0	-150.84	16327	10.10	9.90	9.84	10.12	-2.17
sz002869	-235	-200	0	0	-289.29	9700	30.57	29.55	29.17	30.57	-3.49
sz002106	-37740	-34970	-19568	-11613	-3045.79	128822	10.38	10.08	10.03	10.44	-3.17
sz002107	-1591	-1244	0	0	-87.94	4904	11.83	11.60	11.60	11.91	-2.03
sz002456	-16470	-13651	-17572	-13310	-7189.60	518518	20.38	19.80	19.59	20.50	-3.04
sz002455	-3551	-1910	-393	364	-119.85	62122	9.48	9.26	9.01	9.50	-2.63
sz002450	-37015	-30910	-21659	-9569	-4979.52	246301	22.85	22.44	22.27	23.03	-1.84
sz002518	-21	310	-672	0	658.78	28032	17.20	16.95	16.90	17.36	0.00
sh600436	-1994	-1217	0	0	-580.33	26161	64.21	64.05	63.45	64.51	-0.62
sz002859	-1954	-893	0	0	-799.86	11201	34.11	33.51	33.43	34.39	-1.96
sz002852	-511	-218	0	0	-487.14	9546	32.80	31.81	31.80	33.18	-3.37
sz002853	-668	-310	0	0	-474.22	16367	31.23	30.81	30.22	31.49	-1.19
sz002851	-564	-220	0	0	-429.15	7921	34.50	33.56	33.21	34.78	-2.87
sz002856	4264	4903	5442	4823	686.32	42587	46.44	44.46	43.91	46.50	-3.97
sz002857	-1275	-975	-675	0	218.14	5179	26.93	26.89	26.03	27.18	-1.18
sz002855	938	583	2022	2022	-170.03	20629	12.48	12.76	12.28	13.11	2.16
sh603825	240	0	0	0	-45.96	4343	29.15	29.05	28.59	29.30	-0.14
sh603826	-7670	-4562	-656	0	308.26	75881	15.00	15.20	14.68	15.48	0.80
sh601991	-11730	-23515	-19878	-15778	-1233.75	100998	4.19	4.18	4.15	4.21	-0.24
sz000666	-8138	-6738	-3201	0	-746.48	42744	20.38	19.51	19.42	20.38	-4.41
sh601997	-10012	-9187	-2767	-1072	-1312.34	63505	13.55	13.49	13.46	13.63	-0.44
sh603822	-1087	-978	-530	0	-8.44	6497	34.23	33.35	33.00	34.54	-3.16
sz002876	-393	-200	0	0	-407.54	6000	60.10	59.31	58.30	60.63	-1.98
sh603980	-1367	-726	-11	0	-469.64	17822	19.97	19.73	19.65	20.10	-1.45
sh603985	-66	-201	0	0	-290.25	4424	36.40	35.59	35.32	36.53	-2.17
sz000937	-48008	-33397	-26998	-19191	-1762.19	189541	5.68	5.56	5.54	5.68	-2.11
sz000936	-36621	-32263	-22131	-21092	-2220.15	175119	6.78	6.61	6.57	6.87	-2.94
sz000858	-6675	-5046	-3720	-4293	-4546.20	357631	80.60	80.56	78.61	81.49	-0.02
sh603360	524	200	0	0	27.15	5378	20.98	20.51	20.30	21.09	-2.24
sh603138	2429	-190	-696	842	-754.89	98503	45.90	47.75	45.38	48.20	3.42
sh603139	-310	200	0	0	26.29	10854	24.12	24.61	23.51	25.00	2.03
sh603136	-436	0	0	0	-155.08	9715	40.60	39.97	38.80	40.60	-1.79
sh600982	-12498	-12424	-7488	-4654	-270.75	76149	4.44	4.37	4.33	4.48	-2.46
sz002206	-6235	-4012	-1028	0	-55.41	43569	5.99	5.97	5.89	6.01	-0.67
sh600980	-2766	-2397	0	0	-221.04	15235	14.93	14.53	14.51	15.14	-2.81
sh600509	-12514	-9850	-9507	-8068	-565.67	82019	6.97	6.89	6.85	7.01	-1.85
sh600115	461	965	2977	-13036	-6667.55	1028881	7.99	7.98	7.87	8.22	0.38
sh600502	-12876	-4710	5368	2670	706.58	91188	6.91	6.85	6.82	6.94	-0.87
sh600051	-2741	-2676	-1550	0	-154.97	15824	9.50	9.50	9.43	9.60	-0.11
sz000488	-31358	-33021	-26564	-12868	-11659.96	204706	16.40	15.99	15.82	16.42	-2.38
sh603926	-166	0	0	0	-59.94	5915	26.10	25.79	25.50	26.12	-1.11
sh603527	174	1067	0	0	275.13	44362	25.40	26.77	25.40	27.85	3.72
sz002637	-3623	-2960	-1718	0	-242.07	13853	11.15	10.98	10.88	11.21	-2.31
sz002635	-19132	-12801	-5526	-1951	-10299.63	144190	28.44	25.80	25.65	28.68	-9.47
sz300204	-2087	-1606	0	0	45.25	14632	13.68	13.53	13.50	13.73	-1.31
sz300200	-1542	-266	1160	0	54.45	20688	10.04	9.69	9.51	10.04	-3.49
sz002695	-4205	-2850	0	0	-711.74	29332	17.13	16.89	16.83	17.30	-1.34
sh603311	183	277	0	0	224.25	6069	15.64	15.50	15.47	15.66	-1.15
sz300365	0	0	0	0	61.80	2268	31.67	31.34	31.31	31.90	-1.26
sh600029	4434	954	-5456	-7823	-309.10	958443	11.73	11.98	11.72	12.33	2.48
sz000732	-40985	-40722	-28777	-18819	1753.47	146514	17.47	18.46	17.18	18.46	10.01
sh601127	8417	10379	9291	7583	-818.25	62908	20.57	19.59	19.30	21.03	-4.49
sz000635	523	931	597	0	-326.40	21008	14.65	14.27	14.23	15.05	-3.19
sz000980	-9691	-7894	-6777	-2349	-149.92	118475	11.42	11.52	11.42	11.77	1.77
sh600325	14248	21632	22470	12084	1412.18	189858	7.12	7.18	7.12	7.29	1.27
sh600021	-5638	-1457	2313	2296	486.97	42012	9.20	9.04	9.01	9.23	-1.85
sh600020	-24637	-19065	-14449	-10262	63.29	78058	4.79	4.74	4.73	4.80	-1.04
sh600188	-1708	-3195	-9974	-1316	-4427.61	310096	14.16	14.04	13.91	14.64	-1.20
sz000985	-453	266	0	0	-277.68	11408	20.40	19.96	19.90	20.57	-3.01
sh600893	-19072	-15947	-7881	0	-5508.78	68117	28.06	27.02	26.90	28.15	-3.64
sz000567	7382	6079	-901	-2	2988.77	61598	22.04	23.78	22.00	24.20	7.75
sz000568	-1757	-1515	-1199	0	-2803.46	109846	66.64	66.38	65.40	67.70	0.39
sh600757	-10298	-7730	-1454	-13	-136.32	50348	6.83	6.77	6.74	6.86	-1.17
sh600755	-36565	-33816	-23694	-18671	-1747.52	157662	9.68	9.54	9.53	9.69	-1.85
sh603797	-924	-340	0	0	-266.84	25213	19.70	19.06	19.02	19.78	-3.74
sh600758	-24984	-18967	-8905	-2091	-1101.70	110735	7.43	7.16	7.15	7.44	-3.89
sz002742	-2958	-1402	-478	-26	264.84	25687	20.98	20.60	20.60	20.98	-1.81
sz002707	-4741	-2554	0	0	-622.42	27911	10.55	10.35	10.34	10.65	-2.54
sz002705	2075	1961	1500	1000	256.62	13918	12.56	12.62	12.53	12.73	0.88
sh603848	-5629	-3070	-859	0	-1138.51	119836	19.50	19.22	18.56	19.66	-3.71
sh603557	4713	1778	-820	0	-88.52	39853	14.55	15.21	14.55	15.24	3.54
sz300511	-661	-464	0	0	649.87	11195	22.06	23.22	22.06	23.22	3.43
sz002701	7637	6071	3389	5054	243.47	110452	6.22	6.27	6.20	6.35	0.64
sz300514	-1310	-834	-564	0	-832.69	18550	28.04	26.86	26.20	28.04	-4.24
sz002332	-5922	-4767	-4576	0	-697.96	44877	8.57	8.47	8.35	8.59	-0.94
sz000597	845	1073	1501	-110	-73.44	65149	12.02	12.06	11.92	12.27	0.17
sz002709	424	89	0	0	1149.86	29602	45.49	46.20	45.18	46.29	1.27
sh601872	-4394	-7780	-7858	-9870	-1283.29	157973	4.50	4.44	4.44	4.62	-0.89
sz000021	-33241	-29073	-17267	-10401	-5059.05	218227	9.73	9.45	9.38	9.74	-3.28
sh600552	-10392	-9103	-3710	0	-620.30	39669	7.71	7.46	7.40	7.71	-2.23
sh600507	15377	11425	11054	6723	-13918.11	584327	12.90	12.51	12.20	12.95	-6.50
sz000027	-24712	-24883	-21641	-11386	-1552.61	82442	6.14	6.06	6.04	6.15	-1.46
sh603380	-492	0	0	0	-91.64	10534	19.71	19.34	19.16	19.95	-2.42
sh603385	-2704	-1725	-571	0	-889.92	20734	21.84	21.42	21.22	21.95	-2.10
sh603387	-812	-1017	-967	0	-668.22	17178	59.30	60.02	58.10	60.19	1.32
sh603386	2833	4567	8013	6477	3349.47	64816	14.30	15.83	14.26	15.83	10.01
sh603388	-1544	-728	0	0	-66.74	20543	18.65	18.21	18.01	18.65	-2.72
sz002092	-32668	-27356	-15395	-14485	-2595.41	146550	13.18	13.00	12.96	13.21	-1.22
sz300102	-15970	-16370	-8557	-11107	-7241.89	426098	10.55	10.46	10.36	10.70	-1.88
sz002091	-9803	-8394	-5068	-3557	-529.50	49824	8.71	8.70	8.57	8.79	-0.68
sz300677	-829	0	0	0	-623.57	16312	51.86	51.39	50.12	51.86	-1.46
sz300670	-128	0	0	0	-57.29	6131	21.70	21.28	21.02	21.70	-1.53
sh600978	-13683	-10624	-5492	-107	-430.24	67291	8.69	8.51	8.49	8.73	-2.52
sz300166	-3870	-3305	-6590	-4156	-477.75	116233	12.55	12.68	12.36	12.83	0.32
sz000596	-3712	-2231	0	0	-2037.27	29410	67.90	66.76	66.00	68.85	-1.79
sh600970	-2911	-3729	-4929	2011	-2390.13	396209	9.06	9.23	9.05	9.41	1.99
sh600874	-31604	-25743	-17237	-9768	-4061.45	203073	12.99	12.77	12.70	13.11	-2.52
sz300470	309	200	0	0	-131.94	4622	38.67	38.40	38.18	38.75	-0.52
sz300477	-6690	-6429	-2324	-2233	-366.43	43302	22.23	21.86	20.92	22.23	-1.31
sh600873	-58036	-57003	-18404	-16850	-1844.67	251050	5.25	5.12	5.07	5.26	-2.66
sz002145	-22867	-15803	-883	1718	-792.78	147720	5.89	5.84	5.78	5.92	-0.68
sz002416	-1988	-1298	-1331	-1331	-437.56	31548	9.60	9.38	9.31	9.67	-2.19
sz002143	17019	18278	20005	19731	167.95	47126	13.13	13.11	13.01	13.16	-0.68
sh603316	1966	-293	827	0	137.62	27677	13.50	14.08	13.16	14.18	4.14
sz002790	-15	0	0	0	-306.10	5203	27.05	26.08	26.00	27.05	-3.41
sz002388	-4260	-2945	-1277	0	33.65	16853	7.77	7.79	7.66	7.81	0.39
sh603099	-723	-419	0	0	-75.50	8035	11.82	11.52	11.47	11.90	-3.03
sz002026	-7297	-4431	-372	0	-760.80	42469	8.35	8.11	8.06	8.35	-2.87
sz002796	-889	-194	0	0	74.01	6988	29.01	28.12	28.00	29.24	-3.07
sz002798	-1034	-839	0	0	79.50	10333	53.73	54.60	52.81	54.66	1.49
sz002741	-907	-654	0	0	-8.63	7211	15.39	15.15	14.89	15.39	-0.92
sz002384	-15363	-16244	-7455	-1944	330.65	94070	29.60	28.30	27.88	29.60	-4.68
sh603922	-184	555	0	0	-134.28	17705	26.40	26.24	25.62	26.46	-1.65
sh600270	-1701	-440	3413	-1000	-69.49	37976	17.01	17.08	16.80	17.15	-0.06
sz002897	-1102	-885	-877	0	-1814.92	25651	37.35	37.54	37.02	38.36	-0.53
sz002895	-4170	-6487	-4291	-2781	168.84	84203	24.40	23.99	23.18	24.79	-4.73
sz002892	353	406	0	0	392.44	9911	35.80	35.91	35.01	36.46	-0.06
sz002893	-2444	-2569	-336	0	-1480.20	63669	27.60	27.75	27.40	28.80	-0.72
sz002890	-123	0	0	0	-134.87	5555	32.24	31.87	31.00	32.25	-1.21
sh600277	-18285	-16337	-12500	-8084	-451.34	61903	6.37	6.25	6.24	6.42	-1.88
sh600279	-5849	-3198	200	0	-188.23	26262	5.80	5.74	5.72	5.84	-1.37
sz002898	2097	2946	2598	2541	2302.64	40731	18.30	20.06	17.85	20.06	9.98
sz002899	-478	-143	0	0	3.11	12502	26.02	26.74	25.46	27.25	1.48
sz300033	-1841	-1135	0	0	-2738.40	26590	50.50	49.98	49.80	50.83	-1.42
sz300031	2257	2388	3131	1131	303.44	34375	15.65	15.36	14.84	15.65	-2.17
sz300525	-427	-270	0	0	-183.26	2256	43.10	41.00	40.90	43.15	-4.65
sz002810	-474	-827	0	0	-213.83	7827	22.81	22.57	22.55	23.30	-1.53
sz000039	-12898	-13911	-9562	-3037	-1176.12	167354	21.82	21.79	21.35	22.05	0.32
sz000023	-9986	-6866	-2520	-2580	-1673.75	46465	23.55	22.45	22.43	23.88	-5.47
sz300600	0	0	0	0	-22.26	2102	42.43	41.40	41.00	42.45	-1.92
sz300602	-107	0	0	0	-118.37	2019	51.12	51.30	50.00	52.12	-0.97
sh603179	-250	0	0	0	-149.46	5726	36.50	35.75	35.30	36.60	-2.19
sz300605	-182	-299	0	0	-187.01	5704	26.33	25.71	25.41	26.57	-2.28
sz300607	176	0	0	0	374.50	6989	65.54	66.60	65.21	67.16	1.60
sz300609	-536	-201	0	0	-367.41	12325	36.52	35.10	34.66	36.84	-4.20
sh601699	-15491	-17741	-14405	-10742	-2934.80	743618	10.93	10.81	10.70	11.21	-1.10
sh600535	-1996	-3647	-2144	0	-268.47	28316	36.38	36.44	36.10	36.65	0.16
sz002245	-32087	-31867	-24000	-18212	-4210.77	314110	11.12	10.94	10.77	11.15	-1.26
sh603896	-181	-503	0	0	1540.02	42087	55.32	59.61	55.32	60.30	7.68
sz002242	-4167	-1624	0	0	-593.19	18604	17.12	16.81	16.80	17.19	-1.81
sh603677	-566	0	0	0	-180.63	7592	24.78	24.01	23.02	24.97	-2.99
sz300241	-10831	-9074	-7772	-4575	-492.63	55254	18.16	17.88	17.48	18.42	-2.35
sz002567	-16308	-13133	-7039	-2444	-504.51	60639	7.19	7.08	7.03	7.20	-1.80
sz002562	-8911	-7713	-4709	-2667	-1048.12	90839	16.66	16.52	16.43	16.79	-0.78
sh603898	463	0	0	0	-199.30	12991	28.70	28.58	28.12	28.89	-0.66
sz002668	-1715	-689	0	0	-9.08	9365	18.88	18.68	18.68	19.12	-1.06
sh603777	-452	-425	0	0	-408.13	17405	26.21	25.58	25.50	26.59	-3.83
sh600017	3038	5286	6384	843	434.39	74404	3.90	3.88	3.86	3.90	-0.26
sh600011	7647	2558	-7947	-14616	-3932.29	216839	6.40	6.39	6.20	6.46	-0.31
sh600018	-14964	-14548	-22938	-24799	-5266.15	421193	6.80	6.61	6.57	6.85	-3.08
sh600019	-29473	-30574	-34958	-43759	-3349.78	473273	8.40	8.33	8.30	8.46	-1.19
sz002277	-11275	-7327	-2519	-2844	336.09	48293	5.97	5.92	5.91	5.97	-0.34
sh603879	-3586	-2735	-1608	-1608	-132.66	20013	17.58	17.23	17.09	17.79	-1.88
sh600380	-10538	-6954	-4885	-6191	-1269.37	145239	11.07	11.02	10.91	11.15	-0.09
sh600382	-9627	-8805	-6400	-3396	-264.02	22854	12.81	12.62	12.56	12.82	-0.94
sh600383	-32293	-41320	-15498	-13644	2542.00	709839	11.57	12.20	11.57	12.47	6.27
sh600172	-23331	-21435	-14254	-6186	-1824.77	89034	8.57	8.40	8.35	8.70	-2.33
sz300327	39	863	516	0	-207.21	54332	31.81	31.93	31.35	32.13	-0.34
sz300088	-22658	-25493	-28453	-32891	-10319.15	526902	8.32	8.08	7.95	8.33	-3.12
sh600895	-4367	-3270	-1810	0	-701.08	33374	14.55	14.13	14.10	14.56	-2.42
sz300081	-1371	-1468	-5116	-2628	-264.76	54598	10.16	9.97	9.74	10.22	-1.87
sz002714	2402	3226	3748	1014	-4838.93	71980	54.90	53.62	53.61	56.39	-1.88
sz300698	5674	1618	-174	-1773	2649.41	84173	26.01	28.40	25.90	28.87	6.37
sz002097	-3891	-1545	2149	2047	-225.85	41170	7.27	7.17	7.06	7.28	-0.69
sz300693	187	-454	0	0	-157.81	13036	32.90	33.72	32.44	33.85	2.21
sz300692	-410	-1841	-1199	-2110	-2124.88	62438	41.81	42.43	41.00	42.46	1.68
sz300643	-3945	-193	-601	-1177	124.68	56459	13.12	13.60	12.56	13.65	2.41
sz300697	-6410	-2959	601	1122	3814.62	38048	21.02	23.21	21.02	23.21	10.00
sh600377	-2013	-1862	-1419	-1200	250.51	19576	9.86	9.84	9.80	9.89	-0.20
sh600891	-3180	-2326	-1600	-1000	26.78	25799	7.65	7.66	7.48	7.74	-0.91
sh600793	1224	387	536	0	-63.19	16974	23.00	23.36	22.99	23.96	3.73
sz000012	-54199	-54126	-48892	-32502	-3345.03	149486	8.29	8.10	8.06	8.33	-1.94
sz000404	-6460	-6025	-4904	-2939	-574.79	39289	6.18	6.09	6.05	6.20	-1.46
sh600795	-18480	-17787	-12696	-7057	-2830.38	598506	3.11	3.06	3.05	3.12	-1.92
sz000018	-18337	-17083	-11754	-4807	-1565.68	99170	6.33	6.08	6.04	6.34	-3.80
sh600121	-33632	-32079	-23744	-13539	-632.55	68733	5.99	5.82	5.80	5.99	-2.51
sh600650	-1427	-721	-921	0	-190.64	13771	14.45	14.14	14.06	14.59	-2.88
sh600123	-25384	-22505	-16893	-5079	-1863.95	301566	9.17	9.12	9.10	9.30	-0.55
sh600657	-13141	-10427	-9338	-9588	-273.00	100616	5.48	5.49	5.47	5.61	0.18
sh600655	-6678	-5070	-1170	-1000	-477.88	40900	10.40	10.44	10.37	10.47	0.48
sh600498	-11441	-9237	-4885	-4709	-3909.62	105309	31.54	30.82	30.55	31.69	-2.28
sh600499	19971	18556	18238	7587	2815.77	261947	10.88	10.91	10.68	11.07	0.46
sh603456	8519	8152	3839	1003	287.34	24384	15.75	15.53	15.14	15.76	-1.40
sz002746	489	-483	0	0	-190.48	24044	24.40	24.88	24.03	24.97	1.34
sh600491	-11714	-9780	-6802	-5164	-511.30	55222	9.85	9.62	9.59	9.85	-2.43
sz002748	847	1112	0	0	-60.56	15830	14.49	14.49	14.10	14.54	0.00
sz002749	-113	0	0	0	-280.07	3145	63.10	61.98	61.60	63.10	-2.12
sz000078	-24184	-18796	-13487	-12784	-119.13	93579	5.90	5.80	5.80	5.92	-1.69
sz000798	-3090	-1876	-551	0	-220.33	13667	8.48	8.26	8.15	8.50	-2.71
sz300554	-11	0	0	0	-289.32	7153	59.89	60.13	58.00	60.58	-0.66
sz000880	1761	1610	-1257	-1257	-46.69	21801	9.14	9.30	9.03	9.30	2.09
sz000887	-10526	-7549	-800	0	-684.80	47548	16.88	16.73	16.50	16.99	-1.06
sz300558	937	-251	0	0	2236.91	23245	64.42	66.40	64.42	67.74	2.53
sz300254	1522	998	0	0	28.30	21150	9.96	10.20	9.84	10.25	2.20
sz000060	-23836	-15913	-7803	-2389	757.67	217232	10.61	10.45	10.40	10.70	-0.85
sz000062	-789	-210	0	0	32.03	9150	23.27	23.26	23.11	23.43	-0.04
sh601015	-15873	-12371	-6825	219	-4475.65	302633	10.51	10.09	10.01	10.69	-5.17
sz000069	-49959	-52457	-25648	-26321	-2776.29	589346	7.88	7.93	7.88	8.18	1.02
sh601939	-2992	-1317	-8128	-20282	19974.70	1279868	7.24	7.40	7.24	7.50	2.35
sh600153	5637	3480	-1698	-5322	-941.25	177233	10.54	10.72	10.52	10.90	2.00
sz002521	-5344	-4535	-3212	0	-404.49	19601	8.98	8.87	8.85	9.02	-1.22
sz300487	-863	-244	0	0	-238.35	11165	16.91	16.39	16.38	16.91	-2.09
sh600833	-1718	-1294	-532	0	-266.69	7877	14.33	14.00	13.86	14.50	-2.51
sz000088	-14753	-14547	-11942	-6098	-1099.08	42555	7.69	7.45	7.42	7.69	-2.61
sh601633	-686	1397	-3421	-4154	263.21	55758	11.34	11.38	11.24	11.42	0.18
sh600835	-31750	-23777	-4135	-1855	-4857.37	174189	27.09	26.36	26.02	27.20	-2.62
sz002597	7970	5542	3282	1783	1094.09	128028	25.01	25.47	24.91	25.80	1.88
sh600727	-8483	-6609	-2540	-1135	-156.99	27152	7.49	7.32	7.30	7.53	-2.40
sz300435	-646	-423	-500	0	-231.56	4656	16.00	15.78	15.40	16.00	-1.25
sz002594	1323	2266	246	0	-5000.66	52652	61.88	61.99	61.68	62.63	-0.34
sz300433	-19769	-15995	-4844	-4793	-5164.20	141754	30.95	28.43	28.33	30.95	-8.44
sz300430	-732	-639	-540	0	218.90	8326	19.39	19.43	18.92	19.56	0.00
sh603421	-130	0	0	0	-49.59	4263	25.10	25.00	24.54	25.34	-0.83
sh603357	-1241	-664	0	0	-285.06	26767	20.71	20.72	20.34	20.94	-0.67
sz002069	-1027	-1257	518	0	-89.52	19102	7.81	7.89	7.81	7.92	0.77
sz002068	-17564	-11809	-7522	-3336	-1203.31	103557	10.02	9.84	9.82	10.08	-1.30
sh603050	-790	-419	0	0	-48.19	11374	19.60	19.05	18.95	19.60	-2.06
sh603358	176	200	0	0	-408.58	9241	36.07	34.94	34.70	36.28	-3.16
sh603359	19	-60	0	0	-39.76	15975	33.22	33.00	32.50	33.74	-0.57
sh603055	4479	3853	1464	0	167.03	46999	15.25	15.79	14.91	15.85	3.75
sz002062	3065	2990	5794	7788	319.91	34284	5.23	5.27	5.15	5.28	0.76
sz002061	3758	4292	3487	-1220	1012.15	64048	15.27	15.31	15.16	15.50	0.13
sh603586	-1012	-613	0	0	-110.56	11036	23.61	23.08	22.90	23.75	-2.70
sz002696	15	204	0	0	-100.47	5291	18.70	18.78	18.38	18.92	0.37
sh603225	-930	-231	0	0	-109.84	16908	34.27	34.10	33.88	34.60	-0.99
sz002690	-2302	-1627	-573	0	-542.92	26682	19.24	19.29	19.08	19.45	1.26
sz002340	-16772	-14869	-10445	-11139	139.39	526391	7.03	6.98	6.95	7.09	0.58
sh603580	-1252	-507	0	0	-252.95	7975	29.41	28.81	28.51	29.50	-2.31
sz002698	-4966	-3961	-1119	0	-384.33	18954	10.07	9.73	9.68	10.07	-3.38
sh603589	-4426	-3253	-736	0	-4778.64	51822	46.73	45.60	45.08	47.05	-2.56
sh603906	-206	-200	0	0	6.79	7125	14.71	14.62	14.50	14.80	-1.42
sh603768	-1013	-501	0	0	-129.00	7933	17.85	17.52	17.50	18.09	-2.50
sz300075	-8007	-4657	-1920	1331	-2026.43	51299	16.33	15.94	15.83	16.38	-2.75
sh603908	0	0	0	0	12.14	2471	34.54	33.87	33.67	34.56	-2.76
sz300073	-4658	-2192	-1364	-1378	1134.13	72968	25.40	25.66	25.10	25.99	0.31
sz000333	1519	293	-1967	-3163	22417.80	364058	56.60	57.87	56.60	58.35	2.28
sz300648	-120	0	0	0	-12.62	2175	68.80	68.40	67.51	69.08	-0.70
sz002448	-2193	-659	0	0	35.07	14564	8.81	8.81	8.81	8.89	-0.56
sz000338	-22287	-19388	-22646	-22791	2798.30	539629	8.15	8.13	8.06	8.22	-0.12
sz300647	1375	1398	-1	0	548.49	27652	19.25	19.63	18.89	20.01	1.29
sz300640	-102	0	0	0	-33.56	3126	25.04	24.55	24.25	25.04	-2.00
sz300641	-317	72	0	0	0.96	9700	14.48	14.19	14.05	14.48	-1.73
sz300178	-2336	-2006	503	0	-367.75	12660	13.33	13.16	13.12	13.42	-1.28
sz002283	-16451	-13544	-12147	-4698	-789.44	56604	5.61	5.53	5.49	5.67	-1.43
sz300720	-941	-872	-689	0	-131.00	32671	30.02	31.03	29.41	31.37	1.27
sh600900	-27345	-29643	-28791	-14837	-8256.10	302912	16.40	16.33	16.16	16.47	-0.61
sh603377	9950	8230	2588	1028	1659.53	28410	38.67	39.98	38.25	40.15	3.58
sh603637	-1384	-1496	-500	0	-50.60	18978	23.37	23.46	23.29	23.99	0.17
sz300481	-1373	-660	0	0	35.49	12489	21.41	21.28	21.00	21.56	-1.66
sh603630	-190	-232	0	0	36.10	6335	26.91	26.45	26.30	26.99	-1.45
sh603226	-1762	-1603	-1531	0	-229.05	7188	29.20	29.35	28.88	29.65	0.03
sz002111	-3101	-1585	-534	0	-330.17	15624	14.57	14.20	14.20	14.62	-2.47
sh603730	-144	204	0	0	-98.67	9671	35.07	34.54	34.50	35.25	-1.57
sh603223	-151	0	0	0	-162.50	7789	24.59	24.82	24.15	25.10	0.08
sz002114	-1605	-2041	-1400	-1100	2.29	14746	17.44	17.35	17.22	17.45	-0.80
sz002588	-12255	-10971	-6007	-2472	-386.06	30982	6.67	6.59	6.58	6.71	-1.20
sh603229	1602	508	0	0	28.98	17920	16.02	17.06	15.92	17.40	5.96
sh603286	10	0	0	0	222.73	14578	36.59	37.07	36.26	37.88	1.28
sh600004	-107	-1900	3495	3561	-1756.10	132824	14.65	14.72	14.65	14.87	0.27
sz002285	-13957	-10820	-9123	-11880	-2267.83	345546	11.46	11.52	11.46	11.79	0.00
sz002872	-862	-277	502	0	-605.50	15534	29.82	29.49	28.75	29.95	-1.44
sh600090	-1940	-2342	214	0	112.20	22268	8.01	8.00	7.94	8.07	-1.11
sz002884	49	0	0	0	310.35	5278	51.00	50.58	49.61	51.01	-1.40
sz002873	-376	-207	0	0	-162.04	8270	39.41	40.07	38.18	40.20	1.67
sz300632	-1056	-300	0	0	26.98	7767	21.29	20.85	20.50	21.29	-1.88
sz300130	-1783	-1544	-501	0	263.90	18719	24.38	24.74	24.38	25.25	-0.16
sz002909	-884	-797	0	0	-18.42	28051	19.03	19.53	18.65	19.66	1.40
sh603086	-9	200	0	0	-8.82	7931	36.91	36.02	35.60	36.95	-2.62
sh603860	116	0	0	0	110.16	3707	33.39	33.57	32.62	33.78	0.12
