sz000902	-15030	2091	0	0	182.94	109455	10.35	10.45	10.20	10.59	0.97
sh600995	-1985	-1000	0	0	-166.81	22478	8.90	8.98	8.83	9.01	0.90
sh600998	-9724	0	0	0	-1223.91	46307	18.17	17.96	17.80	18.27	-1.16
sz000698	-7511	-7059	0	0	15.94	52240	5.83	5.85	5.77	5.88	0.69
sh600518	-23039	947	0	0	3101.78	241439	21.80	21.95	21.54	22.16	0.14
sz002832	0	0	0	0	26.80	397	56.46	57.23	56.46	57.50	0.40
sh600195	-897	0	0	0	-1472.19	54499	19.51	19.25	19.08	19.61	-1.79
sh600197	-7844	1772	0	0	3461.73	107119	24.51	25.47	24.40	25.88	2.49
sh600422	-6193	-3440	0	0	-232.97	52607	9.11	9.12	9.06	9.14	0.11
sz000987	7	0	0	0	315.98	23983	9.81	9.95	9.73	10.05	0.51
sz000550	-6945	-3978	-2225	0	1506.60	12973	17.95	17.95	17.95	17.95	9.99
sz300007	-43377	-15161	-13458	0	-10871.07	320223	16.62	15.91	15.45	16.85	-1.79
sz002643	-23910	-3365	-2000	0	-2528.95	101480	10.94	10.75	10.62	11.07	-1.74
sz002237	-32625	-12760	-3010	0	-2474.78	188538	11.21	11.19	11.05	11.43	-0.89
sz002646	-1872	-1500	0	0	449.31	35502	15.09	15.64	15.03	15.77	3.92
sz002648	-19889	-3479	0	0	2822.54	161502	19.01	19.11	18.62	19.41	0.74
sh603508	-253	0	0	0	-142.73	4652	37.53	38.09	37.51	38.18	1.03
sz300262	-2406	0	0	0	-477.56	46142	8.79	8.79	8.70	8.85	0.00
sz002356	-1261	0	0	0	396.10	20587	30.48	30.57	29.81	30.80	0.23
sz300658	0	0	0	0	35.69	2176	28.29	28.70	28.26	28.88	0.70
sz300655	-424	0	0	0	120.92	7697	25.89	26.23	25.73	26.68	1.59
sz300651	-218	0	0	0	104.94	4942	32.92	33.85	32.90	33.97	2.51
sz300650	0	0	0	0	100.11	5126	36.45	36.98	36.45	37.58	2.13
sh600850	-2093	0	0	0	-354.27	20174	18.51	18.29	18.18	18.73	-2.35
sh603238	0	0	0	0	-182.16	12345	21.99	22.58	21.67	22.59	2.68
sz300499	-1760	0	0	0	-250.08	9700	19.37	18.94	18.80	19.57	-1.92
sh600856	1350	8669	4806	0	2926.33	212887	12.61	12.78	12.37	12.91	0.31
sz300495	4251	5866	2426	0	-184.63	21649	15.45	15.62	15.38	15.65	0.32
sh600859	-9698	1840	2012	0	-212.60	174044	21.49	22.43	21.42	23.10	3.55
sh603727	-1961	0	0	0	60.31	61110	24.50	25.55	24.21	25.59	2.69
sh603726	0	0	0	0	2.32	7121	29.95	30.34	29.72	30.41	4.05
sh603725	9144	7500	7247	0	3611.11	85020	19.90	22.26	19.85	22.26	9.98
sh600298	2886	7279	8310	0	-339.70	220812	34.72	36.49	34.72	37.28	5.49
sh600293	-6703	-1565	0	0	-832.85	57335	8.09	8.12	7.98	8.17	0.37
sh600291	-20346	-4061	0	0	-7988.41	208109	24.39	24.43	24.11	24.53	-0.89
sh600297	-22810	-5655	-9252	0	565.93	200892	7.84	7.72	7.61	7.88	-2.40
sz000915	-6171	-563	0	0	-1318.16	51424	29.48	29.21	29.00	29.67	-1.32
sz002221	-11973	-2936	2300	0	-936.00	108829	12.78	12.86	12.65	12.92	0.78
sh600073	-3355	-58	0	0	0.18	54971	8.04	8.10	8.00	8.15	1.12
sh601101	-6310	1232	0	0	189.54	82258	8.01	8.12	8.01	8.14	1.12
sh600674	-42498	-21983	-5085	0	-1499.45	194732	9.87	9.87	9.81	9.95	-0.20
sh600676	-2522	15	0	0	-313.08	33699	6.38	6.42	6.36	6.43	0.63
sh603378	-1325	4178	5676	0	5196.06	93235	23.45	26.06	23.40	26.06	10.00
sz000997	-7607	-1628	-1544	0	-3426.32	105738	18.66	18.80	18.63	19.10	0.32
sz000042	957	1000	0	0	-916.35	35620	17.90	18.39	17.66	18.65	4.49
sz000040	-5720	-1518	0	0	-641.14	32801	13.35	13.41	13.21	13.55	1.51
sz300129	-17816	-5925	-2038	0	-1056.32	63434	6.75	6.72	6.65	6.87	-1.03
sh600703	-91448	-52605	-43063	0	-24952.10	1048247	23.30	22.28	21.76	23.62	-3.76
sh600704	-1731	-5231	0	0	-943.03	132700	7.06	7.18	7.06	7.18	1.70
sh600706	-335	0	0	0	108.56	7687	18.65	18.91	18.50	19.12	1.29
sh603099	0	0	0	0	26.52	4291	11.70	11.89	11.70	11.94	1.19
sh603536	0	0	0	0	69.24	6747	19.19	19.65	19.19	19.71	1.08
sz300669	0	0	0	0	8.06	4908	23.29	23.85	23.29	23.98	2.27
sz300463	-426	0	0	0	1292.33	27777	21.22	21.64	21.22	21.75	1.98
sh600845	624	2412	0	0	-425.51	41940	19.27	19.37	18.91	19.73	0.73
sh603711	-5289	0	0	0	-717.51	157437	29.39	30.62	29.01	30.99	2.65
sz002036	-23994	-4762	0	0	-4682.26	94759	15.20	15.04	14.89	15.48	-2.65
sz002789	0	0	0	0	5.00	7657	38.43	39.61	38.43	39.96	2.43
sz002783	-198	0	0	0	663.74	17773	17.16	17.70	17.02	17.95	2.19
sz300568	-1237	0	0	0	-334.70	16365	25.60	25.71	25.52	25.85	0.08
sh600285	-30415	-13093	-11565	0	-3474.82	123322	9.42	9.10	9.02	9.42	-3.40
sh600280	-14065	-10821	-6274	0	-743.90	105875	7.82	7.73	7.68	7.91	-1.28
sh603882	-2446	0	0	0	-930.40	22738	30.10	30.26	29.90	30.70	0.77
sh603880	-1537	0	0	0	-1156.85	44828	26.94	27.85	26.94	28.30	0.65
sh603887	-194	1039	0	0	787.26	23569	25.52	27.70	25.46	28.23	7.95
sh603665	0	0	0	0	11.78	3102	35.13	35.30	35.13	35.79	-0.73
sz002258	-10936	-675	0	0	-256.07	90392	16.68	17.30	16.67	17.30	3.84
sh603977	0	0	0	0	-23.18	8356	12.92	13.03	12.81	13.15	1.24
sz000672	-1706	2621	-4138	0	2197.23	459186	11.30	11.60	11.22	11.62	3.85
sh600064	2876	-100	0	0	503.01	58842	14.30	14.75	14.28	14.78	3.07
sh600067	-9301	24249	9386	0	778.47	225116	6.61	6.87	6.59	6.88	3.15
sh603869	0	0	0	0	-303.12	11091	21.20	21.23	21.11	21.40	-1.26
sh603861	0	0	0	0	-34.50	6904	16.68	16.67	16.56	16.80	-0.06
sh603866	-1201	0	0	0	-757.48	11230	43.00	43.52	42.50	43.58	0.25
sz002811	0	0	0	0	-38.46	6652	18.60	18.78	18.55	18.80	0.97
sz300688	0	0	0	0	-470.70	10365	49.66	51.10	49.15	52.99	2.84
sz300689	-213	0	0	0	66.30	10432	40.40	41.64	40.36	42.00	2.44
sz000415	-21539	1943	0	0	-1011.58	135571	5.79	5.84	5.76	5.85	0.69
sz000411	-1393	0	0	0	524.68	8904	20.16	20.62	20.16	20.73	2.28
sz000413	-43975	-7575	-2169	0	-6036.43	467722	9.12	9.18	9.08	9.22	0.11
sh600663	2671	0	0	0	1938.35	62437	19.97	20.84	19.97	20.92	4.20
sz000895	-10591	13910	11627	0	6784.30	303662	29.17	29.66	28.80	30.19	1.47
sz000898	-45354	-35200	-36878	0	784.93	278952	6.36	6.40	6.34	6.41	0.63
sh601007	-490	0	0	0	-100.43	9012	10.74	10.76	10.63	10.77	0.28
sz000528	-3719	232	0	0	-246.92	120466	8.36	8.49	8.36	8.51	1.56
sz000090	27472	23705	16055	0	5319.12	293459	10.98	11.41	10.84	11.49	6.44
sh600711	89	11754	-7433	0	-1449.73	356007	8.90	9.02	8.83	9.05	1.58
sh603856	-5265	1010	0	0	-978.10	128723	20.67	21.89	20.63	22.35	3.55
sh603527	-1877	0	0	0	571.54	83989	28.81	31.12	28.48	31.40	5.92
sz300204	-491	0	0	0	-30.67	12585	13.33	13.29	13.21	13.37	-0.15
sz300207	-1910	9022	3000	0	-1910.90	96880	9.94	9.98	9.77	10.18	0.50
sz300208	-4265	0	0	0	-533.42	37706	11.55	11.52	11.41	11.60	0.00
sz300518	0	0	0	0	66.93	3129	49.65	50.10	49.13	50.16	0.20
sh603005	-3639	0	0	0	-2737.20	43416	30.06	29.33	28.90	30.15	-2.53
sz300514	0	0	0	0	-250.38	8238	25.89	26.33	25.89	26.70	1.70
sh603383	0	0	0	0	-152.85	5562	42.83	43.03	42.75	43.63	0.89
sh603386	-20457	-2835	-733	0	-3322.69	218923	19.07	20.20	19.01	21.20	-0.59
sz300677	-313	0	0	0	741.04	24328	55.60	58.35	55.60	58.40	5.32
sh600874	-19768	-3597	0	0	-1030.38	153654	13.74	13.88	13.66	13.98	0.80
sz300470	-675	0	0	0	-190.98	5451	41.50	41.85	41.20	41.96	0.12
sz300476	-1529	-3	0	0	-678.93	40196	25.00	24.71	23.81	25.00	-0.72
sz300475	-1575	-1017	0	0	10.31	9636	13.66	13.77	13.65	13.83	0.81
sh603707	-1976	0	0	0	-634.56	18708	26.81	27.25	26.81	27.72	0.66
sz002793	-1471	0	0	0	-609.60	15860	16.20	16.34	16.10	16.56	0.25
sz002792	-860	0	0	0	-701.37	16158	32.24	32.82	32.24	33.30	0.58
sz002027	-36474	-13078	-14141	0	3147.20	509236	13.47	13.75	13.28	13.87	0.51
sz002796	-491	0	0	0	-332.15	10177	30.52	31.26	30.52	31.48	2.46
sz002798	-3396	0	0	0	-60.73	9773	46.00	47.54	46.00	48.72	0.42
sz002029	4076	3297	0	0	283.56	39865	8.18	8.28	8.17	8.36	0.98
sz002028	-3314	1776	0	0	-996.06	37443	15.05	14.73	14.54	15.06	-2.19
sh600271	-11577	-764	0	0	928.78	155767	21.52	21.58	21.45	21.87	1.31
sh600278	-1726	0	0	0	-103.16	24545	11.68	11.77	11.61	11.88	0.86
sz002245	-46417	-26397	-10715	0	-4291.03	231627	9.27	9.14	9.06	9.33	-0.87
sh603898	314	0	0	0	233.03	15945	30.91	30.96	30.72	31.46	0.42
sh600016	-23904	-10171	-66802	0	-14720.60	1008595	8.88	8.88	8.80	8.90	0.11
sh600018	-28069	-4727	12886	0	-2455.19	475085	7.01	7.09	7.01	7.15	0.57
sz002800	532	0	0	0	142.44	4932	28.87	29.31	28.87	29.96	1.52
sz002803	0	0	0	0	-68.25	2793	43.68	44.00	43.67	44.04	1.15
sz002802	0	0	0	0	-46.52	4367	27.25	27.43	27.03	27.93	0.66
sh600381	-721	0	0	0	-125.32	18232	9.99	10.06	9.96	10.11	0.40
sz002809	-1503	0	0	0	94.83	24484	30.07	30.92	29.90	30.96	1.44
sh600388	-4928	20	-2015	0	-1627.76	132841	15.86	15.96	15.71	16.13	0.57
sh600477	-147339	-107676	-100398	0	-19436.26	905704	9.00	9.08	8.80	9.30	-7.16
sz300693	-871	0	0	0	472.16	36897	35.22	37.63	35.18	38.18	5.02
sz300690	0	0	0	0	13.05	5082	54.60	54.75	53.82	55.50	1.54
sh600120	-4079	-1221	0	0	-2785.05	42756	23.53	23.14	22.91	23.78	-1.99
sh600123	-17603	-4522	0	0	-1396.99	145690	9.12	9.21	9.11	9.25	0.99
sh600498	-17641	-1067	0	0	-7868.83	142281	28.46	28.40	28.08	29.04	-0.21
sz000798	-2416	-1464	0	0	61.24	37988	8.81	9.11	8.81	9.14	2.24
sz000883	2686	8398	3128	0	-804.52	111804	4.60	4.66	4.60	4.67	1.30
sz000881	-422	0	0	0	-431.47	21854	12.22	12.26	12.14	12.44	-0.33
sz000889	-3366	1000	0	0	-190.24	11873	13.00	12.96	12.79	13.04	-0.54
sz000060	-90625	-33550	-23498	0	-6301.32	421628	11.22	11.10	10.95	11.24	-0.98
sh601019	-4004	0	0	0	352.00	127813	12.06	12.34	12.06	12.38	2.07
sh600720	5591	-1129	2890	0	-148.25	321302	10.56	10.94	10.52	10.95	3.30
sz300070	-55211	-23623	-19860	0	-6388.27	232198	16.51	16.31	16.21	16.58	-1.15
sz002412	8849	0	0	0	-159.70	61977	16.30	16.64	16.29	16.80	0.85
sz002410	-21638	-10566	-5918	0	1006.53	94354	19.52	19.32	19.10	19.75	-1.08
sz002022	-8279	-1290	0	0	-854.60	38867	13.83	13.81	13.58	13.87	-0.58
sz002795	-655	0	0	0	177.08	13747	15.10	15.42	14.90	15.53	1.65
sh603098	-482	0	0	0	2.34	9074	17.00	17.33	17.00	17.37	1.40
sh603096	-220	0	0	0	-158.61	3565	61.00	61.31	60.73	62.33	0.15
sz300212	-8488	-1098	0	0	-1530.72	40075	26.99	26.45	26.08	27.22	-2.11
sz002491	-5127	0	0	0	550.73	45026	12.30	12.26	12.20	12.51	-0.81
sz002499	-480	0	0	0	-89.84	5930	19.60	19.80	19.51	19.94	1.02
sz300509	0	0	0	0	112.36	5432	24.30	24.52	24.01	24.76	1.53
sz300503	-339	0	0	0	-94.04	11419	12.10	12.14	12.08	12.31	-0.16
sz300507	-268	0	0	0	-137.02	11645	27.81	28.05	27.70	28.86	1.37
sz300506	-748	0	0	0	-172.99	13218	21.79	21.83	21.72	22.25	0.14
sz300447	-1878	0	0	0	-1087.49	27847	17.55	16.91	16.83	17.57	-3.15
sz002014	-400	0	0	0	-58.78	7257	11.47	11.44	11.36	11.49	0.09
sh603063	3683	0	0	0	875.38	38349	17.81	18.68	17.61	18.69	4.88
sh603066	3938	3638	0	0	136.62	16664	12.12	12.29	12.06	12.30	1.40
sz002019	-10127	-1730	-2042	0	246.80	136900	20.38	20.85	20.26	21.05	1.76
sh603289	-17260	-7257	-6310	0	-5798.31	254731	20.30	21.31	20.15	21.97	4.00
sh600261	-7303	-3236	0	0	-376.79	58964	5.35	5.33	5.29	5.36	-0.37
sh603286	0	0	0	0	663.91	15390	44.20	44.12	43.13	45.15	-0.18
sz002277	-15321	-3035	5020	0	123.98	91694	5.97	5.94	5.92	6.01	-1.16
sh603605	53	0	0	0	1381.15	53734	27.25	28.33	27.10	28.59	4.35
sh600000	-225153	-147656	-110719	0	-19278.70	748926	12.97	12.90	12.78	13.06	-0.92
sz002588	773	2902	0	0	47.22	73184	6.70	6.82	6.70	6.84	1.49
sz002875	-1746	-1346	0	0	542.91	21537	27.00	27.80	26.77	27.95	3.46
sz002878	-220	0	0	0	-229.02	6227	34.29	34.63	33.93	34.97	0.82
sz002879	-13347	-12330	-11313	0	-544.19	81069	47.60	49.85	44.53	51.00	4.73
sh600398	49435	37429	19490	0	1001.59	261332	9.93	10.36	9.93	10.45	4.23
sh600463	-11029	-3016	-2016	0	2097.36	32054	12.25	12.74	12.25	12.74	10.02
sh603113	-200	0	0	0	-4.90	25980	22.09	22.63	22.07	22.88	1.66
sh603116	-448	0	0	0	-55.84	10932	15.11	15.23	15.07	15.25	0.86
sh600138	-3734	0	0	0	721.03	75051	22.37	22.50	22.23	22.65	0.00
sh600648	1286	0	0	0	554.65	35270	18.71	19.03	18.65	19.20	1.66
sh600133	7577	1420	2866	0	2746.60	228049	9.83	10.19	9.76	10.20	4.09
sh600137	0	0	0	0	155.48	14800	22.81	23.12	22.81	23.14	1.05
sh600640	-1176	0	0	0	-231.11	15691	14.31	14.29	14.18	14.52	-0.97
sz002909	-5032	-567	0	0	1070.08	127174	23.00	25.89	22.83	26.40	7.74
sz002901	-1788	0	0	0	690.93	34073	35.65	36.80	35.65	37.15	1.85
sz002902	-424	-1335	0	0	1008.81	54755	39.91	41.49	39.88	41.98	2.95
sz002906	-2747	-895	0	0	-283.18	116617	23.83	24.62	23.83	24.76	2.54
sz002242	2745	-1338	0	0	746.69	106255	17.83	18.40	17.83	18.45	3.25
sh600208	-48362	4262	18990	0	4710.08	1048614	5.14	5.42	5.14	5.48	4.84
sh601288	-749255	-635517	-610783	0	-28072.80	8429619	4.11	4.15	4.05	4.18	0.73
sz300194	-7020	0	0	0	-210.18	32947	5.75	5.76	5.71	5.78	0.17
sh603878	0	0	0	0	46.90	12513	16.13	16.39	16.06	16.42	1.67
sh600380	-38542	-11536	-3788	0	-2127.57	326540	12.28	12.54	12.20	12.66	1.05
sz300222	-3473	0	0	0	-854.98	34776	19.35	19.42	19.27	19.66	-0.10
sz002310	-36148	-23451	-10258	0	1674.27	222303	18.40	18.58	18.20	18.58	0.00
sz300536	-9191	-2161	0	0	-2392.91	84829	20.10	19.50	19.07	20.75	-2.55
sz002649	-10891	1849	0	0	-1399.09	143492	12.11	12.14	12.04	12.36	1.00
sz300535	0	0	0	0	72.75	6798	34.15	34.67	34.15	34.86	1.55
sh600826	-3016	0	0	0	-771.03	17807	13.12	13.09	13.00	13.16	0.38
sh603277	-3193	0	0	0	-62.72	100417	18.98	19.89	18.80	20.19	3.65
sz002003	-3972	-1320	0	0	-170.32	42952	11.95	12.04	11.90	12.19	0.67
sh603299	-3015	1996	-57	0	-6342.13	425910	11.01	11.59	10.75	12.00	5.27
sz002050	-38334	5021	-1256	0	-5165.17	276893	19.33	19.43	19.08	19.86	1.15
sh600926	7001	12938	3150	0	1972.06	269016	11.66	11.96	11.62	11.97	2.31
sz002262	-11740	-1000	0	0	-31.65	60776	14.86	14.93	14.79	15.13	0.67
sz002468	-295	0	0	0	37.37	10955	24.40	24.35	24.24	24.40	-0.53
sh603619	-15640	-3965	-2561	0	-7889.41	198297	49.99	48.93	48.69	52.38	1.60
sz002867	-406	0	0	0	-210.52	12805	28.80	29.03	28.43	29.07	0.62
sz002866	-1390	0	0	0	-534.49	20861	37.43	36.60	35.04	37.90	-2.17
sz002865	786	0	0	0	631.31	30001	22.15	22.80	21.82	23.38	2.70
sz002862	0	0	0	0	46.06	3376	26.58	27.20	26.20	27.87	1.19
sz002860	0	0	0	0	106.03	6102	39.69	39.98	39.30	40.49	1.91
sz002868	962	846	0	0	2572.10	22526	22.96	25.29	22.80	25.29	10.00
sh603100	-91	0	0	0	-5.28	10607	9.81	9.89	9.80	9.90	1.02
sh600109	-20662	-9092	-1899	0	-3388.00	198830	9.27	9.41	9.20	9.43	1.62
sh600106	-7367	-200	0	0	-0.73	37827	4.46	4.50	4.44	4.51	0.00
sh600499	-40531	-20460	-8765	0	-3023.99	275068	10.38	10.39	10.24	10.56	0.48
sh600030	157317	187356	133832	0	12465.00	2330733	19.26	20.25	19.19	20.37	4.11
sz000423	868	0	0	0	7443.51	99750	63.37	64.90	63.18	65.48	2.41
sz002127	-8452	297	0	0	841.05	89664	12.30	12.11	12.03	12.44	-1.94
sz300183	-7537	0	0	0	-2264.33	44824	18.32	18.32	18.15	18.50	-0.54
sz300180	-1758	0	0	0	209.95	14176	24.38	24.39	23.80	24.44	-0.08
sz300237	-1465	0	0	0	-110.12	12030	15.67	15.46	15.36	15.70	-0.96
sz300521	-157	0	0	0	-110.73	8628	14.90	15.03	14.85	15.16	-0.13
sz002675	-9622	-2800	0	0	-724.53	60648	10.49	10.58	10.49	10.85	-0.75
sh600482	-337	1000	0	0	-656.48	45246	23.60	24.05	23.43	24.12	1.78
sh603488	-149	-86	0	0	-108.01	57359	18.35	19.43	17.75	19.50	2.75
sz300429	0	0	0	0	-97.78	8873	23.11	23.40	23.11	23.54	0.30
sh600808	4401	31696	60182	0	196.04	493805	4.06	4.10	4.05	4.11	0.74
sh600801	11607	5161	0	0	1219.85	240220	13.79	14.19	13.77	14.22	2.31
sz002078	40338	41351	17214	0	7500.27	518058	10.07	10.72	10.00	10.76	5.41
sh603042	0	0	0	0	546.90	17216	26.30	26.79	26.27	27.17	1.98
sh603043	590	0	0	0	-118.00	21816	18.67	19.21	18.67	19.38	2.89
sh603599	-1923	0	0	0	-483.88	39634	18.85	18.76	18.50	19.27	-1.00
sh603912	-10295	-1609	0	0	-3766.13	178071	29.67	30.51	29.36	32.49	-0.23
sh603917	-5211	0	0	0	-608.02	100531	28.00	29.59	27.33	30.18	2.74
sh603809	377	0	0	0	409.69	48114	36.56	37.98	36.46	38.68	2.70
sz002292	-9244	-3147	-2037	0	-1916.63	95324	12.93	12.93	12.89	13.20	0.00
sz002293	-2055	0	0	0	-768.08	45204	13.72	14.14	13.72	14.35	2.09
sz002294	-2118	1004	0	0	-2151.84	70484	42.89	43.82	42.02	44.18	2.00
sz002295	1507	0	0	0	-225.27	10754	11.62	11.72	11.62	11.82	0.09
sz002100	1654	-1039	-2337	0	913.02	62120	8.33	8.53	8.29	8.53	2.16
sz002101	553	0	0	0	750.26	40607	19.97	19.86	19.57	20.09	-0.50
sz002454	-2256	0	0	0	-331.83	19842	11.78	11.84	11.67	11.96	0.51
sz002450	-131710	-66584	-61347	0	-43110.10	848303	21.76	20.19	19.50	21.76	-6.79
sz002852	0	0	0	0	-135.56	7516	31.60	31.76	31.58	32.15	0.44
sz002857	0	0	0	0	44.73	1721	27.05	27.26	26.81	27.86	0.63
sh603826	-1888	0	0	0	-67.55	33574	14.45	14.71	14.28	14.79	1.38
sh603823	-246	0	0	0	-48.31	10935	15.34	15.56	15.22	15.65	1.63
sz002120	-804	0	0	0	-941.81	15373	42.19	42.21	41.70	42.87	-0.33
sh600240	29385	21994	7845	0	-930.02	184321	8.82	9.38	8.82	9.46	5.16
sh600113	-1380	0	0	0	22.90	56024	10.32	10.74	10.32	10.77	2.97
sh600114	-12052	-2106	-2106	0	-701.77	56601	15.03	14.82	14.75	15.15	-1.85
sh600118	-8491	-3180	0	0	-2403.07	60035	24.17	24.07	23.90	24.41	-0.54
sz000631	-15664	716	-11453	0	391.52	355897	4.64	4.79	4.58	4.86	2.79
sz000568	-10417	-1023	0	0	4706.90	119180	72.41	73.37	71.71	75.26	0.81
sh600757	-4498	-2003	0	0	-218.31	41422	6.88	6.93	6.88	6.96	0.43
sh600755	-51542	-13146	-6212	0	-1713.62	452132	10.45	10.70	10.32	10.72	1.13
sz002222	-7101	-1135	0	0	-1049.66	74109	16.77	16.67	16.47	17.01	-0.30
sz002063	-312517	-268652	-267859	0	10803.30	1127857	14.03	13.58	13.27	14.03	6.51
sz300527	0	0	0	0	66.64	6305	22.44	22.25	22.22	22.68	-0.80
sz300526	-757	0	0	0	-58.75	8655	17.75	17.70	17.50	17.90	0.57
sz300082	-2383	0	0	0	-122.72	20338	6.68	6.73	6.68	6.80	0.90
sz000685	-1	-299	0	0	-298.83	48359	10.21	10.28	10.17	10.28	0.88
sz000686	1805	9655	11427	0	402.01	125047	8.49	8.62	8.46	8.62	1.65
sz002669	-1561	0	0	0	-364.77	21060	25.24	24.80	24.76	25.25	-1.39
sz002661	558	0	0	0	94.14	8521	14.20	14.23	14.05	14.25	0.71
sz300554	0	0	0	0	230.30	6394	59.06	60.53	59.06	61.27	2.54
sz300557	0	0	0	0	74.17	2111	36.32	36.69	36.32	36.95	0.69
sz300553	0	0	0	0	-151.08	3765	40.63	41.00	40.50	41.55	-2.45
sz300558	0	0	0	0	-200.13	8499	59.48	59.85	59.14	60.23	0.76
sh603555	3412	3336	2551	0	210.82	44341	18.18	18.59	18.01	18.62	2.26
sh600831	-1889	0	0	0	-263.79	18093	8.00	8.01	7.96	8.06	0.00
sh600835	-16674	-3514	-2395	0	-531.98	118831	22.69	22.99	22.51	23.24	0.61
sz002597	-2222	311	0	0	1849.56	108326	25.55	26.43	25.46	26.62	3.36
sz002594	-9520	-4419	-3432	0	-7834.69	95919	64.50	64.80	64.46	65.75	-0.52
sz300430	49	0	0	0	-371.39	8431	18.79	18.49	18.39	18.96	-1.65
sz002065	-93429	-44485	-50546	0	-9718.01	790783	9.30	9.26	9.02	9.40	0.11
sh603903	0	0	0	0	-49.56	9398	37.07	37.60	37.05	38.15	0.27
sh603900	0	0	0	0	207.28	15744	30.03	31.27	30.03	31.29	3.17
sh603909	0	0	0	0	-27.72	1872	31.28	31.42	31.28	31.78	-0.73
sz300720	-1967	0	0	0	-270.64	51005	32.01	33.97	31.99	35.00	3.95
sh603637	-3588	0	0	0	373.99	40335	24.41	25.32	24.17	25.37	3.35
sz002116	-2026	-1000	0	0	-343.01	18143	10.20	10.16	10.14	10.24	-0.49
sz002449	-27363	-3160	0	0	-4927.98	197464	15.91	15.13	14.83	16.04	-5.02
sz002448	-2022	0	0	0	-344.67	20949	8.83	8.83	8.78	8.92	0.57
sz300497	0	0	0	0	-3.04	9530	36.33	36.39	36.02	36.81	-0.11
sh600346	-11903	5997	4831	0	-929.83	274787	13.82	14.29	13.58	14.44	3.70
sz000963	-2027	0	0	0	630.87	59922	55.42	55.72	55.03	56.49	-0.23
sh603129	77	0	0	0	458.13	39057	27.20	28.53	27.00	28.91	3.78
sh603128	-3988	2921	0	0	102.80	118770	8.28	8.39	8.23	8.48	1.33
sh600236	-12361	-8218	-4101	0	344.19	48965	5.63	5.60	5.58	5.65	-0.71
sh600160	-27521	-5820	545	0	-2903.70	144343	10.68	10.75	10.66	10.88	-0.37
sh600690	-10172	17113	-7985	0	-6722.40	1245933	22.03	21.87	21.60	23.02	-0.82
sz000999	-1978	0	0	0	353.34	79293	26.21	26.98	25.97	27.04	2.43
sh600585	-31669	3092	851	0	-2707.10	542249	31.55	32.04	31.44	32.55	2.14
sz000627	-53032	-29027	-14537	0	-2085.01	204191	8.31	8.25	8.16	8.35	-1.32
sz000625	-7091	8638	3959	0	106.68	166031	12.98	12.97	12.89	13.07	1.57
sz000623	-8455	-1109	1230	0	4665.49	186287	22.33	22.87	22.33	22.87	3.02
sz000620	20581	15609	6755	0	585.36	104737	6.37	6.65	6.32	6.78	4.23
sh601366	498	246	2005	0	1059.32	178866	10.62	11.23	10.45	11.40	6.45
sh601368	-333	1000	0	0	-291.77	16466	8.63	8.71	8.62	8.74	0.46
sh600761	-2345	-1000	0	0	-135.44	40476	10.16	10.40	10.16	10.45	1.56
sh600765	-15020	-6827	-4782	0	-852.19	52897	11.68	11.69	11.59	11.75	0.09
sh600562	-12324	-1000	0	0	-1925.65	64431	20.95	20.30	19.98	21.10	-3.33
sh600567	-54525	-8865	-5416	0	1291.97	772620	4.58	4.69	4.49	4.69	2.40
sh601965	412	0	0	0	137.53	10828	8.54	8.62	8.53	8.64	0.94
sz300549	0	0	0	0	-90.76	5919	20.42	20.50	20.34	20.70	0.39
sz000049	-11547	-1195	0	0	-9643.84	93316	38.03	36.55	35.51	38.49	-4.97
sz300401	-1280	0	0	0	1277.67	40032	47.88	48.97	47.80	49.25	1.49
sz300407	-6781	-2254	0	0	-198.48	65920	12.10	12.28	11.81	12.32	1.99
sz002051	-11027	-4846	-2369	0	-2347.01	52618	18.08	17.96	17.70	18.16	-0.66
sz002056	-32091	-2942	-3657	0	-2845.90	185209	10.42	10.49	10.40	10.65	-0.29
sz002727	-1502	0	0	0	91.27	35138	20.40	20.19	20.05	20.48	-1.03
sh603027	-2417	-1121	0	0	6.51	15632	18.83	18.70	18.53	19.00	-0.80
sz002626	-14755	-1868	0	0	-3071.51	71472	20.89	20.81	20.29	21.08	-0.38
sh603937	-11895	-4703	0	0	-626.46	188321	25.54	27.05	25.50	27.70	2.73
sh603938	-3277	0	0	0	-2599.30	42807	37.24	35.78	35.00	37.24	-4.59
sh600917	-17814	-249	0	0	-1249.56	176441	10.75	10.66	10.48	11.05	-1.48
sz300716	47	-1575	0	0	-326.66	88920	26.99	28.93	26.86	29.86	5.55
sz300712	-2721	-1264	0	0	-1056.96	88523	25.60	26.85	25.25	27.19	2.52
sz002435	10797	1000	0	0	1819.60	47315	18.06	18.66	17.79	18.85	3.27
sh603801	0	0	0	0	158.70	14620	55.26	56.08	54.63	56.67	1.47
sz002108	-26422	-5116	0	0	-3274.78	107615	11.36	11.25	11.16	11.46	-1.06
sh603157	-3565	0	0	0	1258.90	149257	18.90	19.82	18.42	20.16	5.20
sz002543	6670	2001	0	0	32.20	45702	21.63	22.36	21.63	22.56	2.52
sh600176	26760	42697	31610	0	6344.60	654794	17.38	18.33	17.35	18.36	6.14
sh601888	-5520	4725	0	0	-627.80	183255	47.72	49.36	47.51	50.90	3.39
sh600594	-9035	-4761	-2699	0	-1638.07	57582	10.23	10.25	10.15	10.28	0.10
sh600593	-500	0	0	0	-207.58	13321	28.51	29.00	28.50	29.16	1.19
sz000967	-6803	0	0	0	-703.27	43277	9.09	9.11	9.07	9.14	0.22
sh600598	-93799	-22444	-19458	0	16383.40	792008	10.88	11.90	10.81	11.90	9.98
sh601311	3798	2000	0	0	2418.27	63219	12.85	13.12	12.79	13.13	2.18
sh600771	1750	0	0	0	18.54	17983	43.90	43.93	43.60	44.22	0.07
sh600572	-2080	-5139	-1857	0	-1420.80	152098	7.03	7.12	7.00	7.19	0.99
sh601229	69515	49530	32108	0	7554.90	451438	14.92	15.29	14.89	15.29	2.34
sh601555	7538	9002	4268	0	682.82	105504	9.40	9.60	9.40	9.62	1.91
sz000548	-4537	-3364	-2000	0	-259.65	25802	6.41	6.42	6.38	6.48	0.16
sz300393	-232	0	0	0	-55.27	10060	36.61	37.01	36.61	37.77	0.49
sz300395	-1492	0	0	0	-280.03	11654	15.34	15.50	15.33	15.64	0.06
sz300573	0	0	0	0	32.16	3959	24.22	24.27	24.05	24.80	0.75
sz300571	-200	0	0	0	-425.30	9594	45.10	46.65	45.10	47.29	0.50
sz002602	-247	0	0	0	761.91	27643	35.16	35.88	34.78	36.25	3.04
sz002733	-574	0	0	0	61.32	14934	16.45	16.63	16.42	16.79	0.67
sz002732	-235	0	0	0	134.59	6710	27.35	27.70	27.25	27.80	1.24
sz002043	3274	10761	5929	0	-1425.91	145251	11.70	11.94	11.61	12.06	1.79
sz002048	-2818	0	0	0	-1220.04	54450	22.48	22.53	22.20	22.86	-0.27
sh603031	0	0	0	0	-167.10	10473	23.49	24.33	23.27	24.49	4.60
sh600966	11430	14760	14237	0	800.06	186808	6.00	6.18	6.00	6.18	2.49
sz300707	0	0	0	0	324.10	15149	42.02	43.58	42.02	43.79	3.71
sz002139	-50187	-12585	-2000	0	-6391.50	210099	10.63	10.24	10.09	10.63	-2.48
sh603321	3990	5227	8115	0	4259.86	130249	12.15	13.55	12.01	13.55	9.98
sh603326	0	0	0	0	52.37	7727	18.52	18.92	18.42	19.07	2.16
sh603499	-2046	0	0	0	36.26	69486	25.00	26.94	24.76	27.97	5.61
sh603819	0	0	0	0	142.65	6090	16.10	16.63	16.10	16.89	1.40
sz002080	-3999	0	0	0	-821.90	60231	23.73	23.86	23.62	24.10	0.72
sh603816	294	0	0	0	-1539.98	27256	61.60	63.68	61.48	64.50	3.71
sh603928	0	0	0	0	-56.74	12717	14.75	15.01	14.65	15.03	2.11
sh600211	0	0	0	0	-330.30	6784	34.42	33.89	33.70	34.58	-1.40
sh603922	1406	0	0	0	712.80	68650	28.90	30.54	28.90	31.66	5.67
sh601163	-853	0	0	0	-413.58	21789	19.86	19.98	19.82	20.09	0.71
sh601169	-27101	1905	-6352	0	-2640.59	467488	7.32	7.35	7.28	7.35	0.00
sz000605	-193	0	0	0	-134.76	19308	18.17	18.34	18.03	18.39	0.88
sh600783	-4155	0	0	0	-425.42	23276	14.04	14.03	13.92	14.15	0.43
sh600547	-19426	-6412	-2301	0	2299.94	236874	33.00	33.25	32.55	33.33	0.79
sz000778	-19831	-12914	-10795	0	-806.32	285125	5.25	5.33	5.22	5.33	1.33
sh600141	-10465	-761	0	0	-777.57	122024	17.98	18.17	17.85	18.28	-0.11
sh601238	-2555	-927	491	0	-2369.68	51425	24.31	24.33	24.25	24.47	0.45
sz000983	-26652	-5072	944	0	-950.81	295441	10.01	10.08	9.98	10.16	0.70
sz000559	-6017	-1214	0	0	-241.54	69101	9.61	9.70	9.60	9.73	0.52
sz300385	-447	0	0	0	-403.53	8853	23.81	23.63	23.31	24.12	-1.05
sz300384	-989	0	0	0	-840.78	9480	27.10	26.36	26.10	27.26	-2.73
sz300145	-2030	-3289	79	0	3149.19	138014	11.42	11.70	11.21	11.74	1.04
sz300144	-2230	1000	0	0	-1070.12	38771	17.82	17.98	17.75	18.05	0.90
sz002636	-6097	0	0	0	-1373.89	45843	14.96	14.85	14.72	15.13	-1.13
sz002637	-757	0	0	0	72.14	20615	10.53	10.54	10.40	10.65	-0.19
sz300565	-299	0	0	0	162.38	11091	19.75	20.14	19.75	20.21	1.46
sz300563	0	0	0	0	20.65	2151	29.63	29.72	29.08	30.15	0.30
sz300360	-444	0	0	0	-77.58	14671	10.28	10.34	10.28	10.41	0.29
sz300365	-1017	2189	4130	0	-70.03	46266	33.60	33.32	33.20	34.16	1.03
sh603798	0	0	0	0	-52.46	4220	16.73	16.84	16.59	16.92	0.72
sz002706	870	0	0	0	-314.10	20258	11.81	11.90	11.72	11.95	0.68
sh603001	104	0	0	0	-71.99	15466	14.10	14.24	14.07	14.29	1.21
sh603007	-2019	0	0	0	-382.51	18020	12.15	12.12	12.00	12.29	0.08
sz002701	-52496	-38870	-28298	0	-1467.13	135770	5.88	5.82	5.78	5.93	-1.02
sh600979	-1175	-1005	0	0	85.20	22334	5.15	5.20	5.12	5.20	0.97
sh600976	-751	0	0	0	-479.72	17838	23.31	23.80	23.31	24.39	-2.42
sz002419	-2820	-638	0	0	-916.27	96955	16.57	16.91	16.46	16.96	2.24
sz002411	-450	0	0	0	-550.43	12013	26.30	26.27	26.19	26.49	-0.23
sz002143	-18920	-11880	-7541	0	-141.61	127090	14.40	14.36	14.15	14.66	-0.83
sz002381	-618	0	0	0	77.60	11327	7.60	7.67	7.60	7.73	0.92
sz002384	-34157	-11389	-6217	0	-11340.20	183820	28.88	26.22	26.22	29.39	-9.99
sh603319	0	0	0	0	108.57	4879	28.24	28.89	28.24	28.95	1.26
sz002895	8803	10971	9381	0	3561.18	60476	29.80	30.20	29.01	30.20	10.02
sz002890	0	0	0	0	72.27	5865	31.87	32.64	31.65	32.92	2.42
sz002891	0	0	0	0	-36.32	5711	33.00	33.20	32.81	33.46	0.76
sz002898	-2099	-2449	0	0	3.27	69508	22.99	23.81	22.80	24.78	-0.17
sz002899	-6162	-4785	-3500	0	-1166.98	57064	28.80	30.38	28.63	30.56	4.58
sz000026	-861	1615	0	0	-991.47	22629	10.58	10.59	10.48	10.65	0.38
sh603776	-242	0	0	0	-198.63	12201	54.23	54.85	54.23	55.93	1.14
sh603777	-201	0	0	0	-98.05	9532	25.58	26.13	25.58	26.30	1.32
sh601158	-2415	0	0	0	78.12	24229	6.36	6.43	6.36	6.44	0.47
sz300576	-602	0	0	0	24.98	5151	16.28	16.50	16.00	16.68	1.35
sh600897	-239	0	0	0	22.55	8073	22.53	22.75	22.53	22.77	1.07
sz000012	-6732	-1193	6755	0	-455.82	236309	8.65	8.83	8.62	8.87	1.26
sh600551	-428	0	0	0	237.30	14279	11.82	11.92	11.78	12.05	0.76
sh600557	-4296	0	0	0	-280.76	42014	13.80	13.75	13.60	13.95	-0.79
sz002475	-81549	-35634	-21179	0	4245.70	464843	22.30	21.55	21.06	22.49	-4.01
sz000709	-42619	-27644	-32620	0	-887.37	540784	3.94	3.96	3.92	3.98	0.51
sh601939	-172860	-128839	-75062	0	4151.70	2083473	8.06	8.23	7.96	8.28	1.98
sh600153	9386	14637	4969	0	-918.49	249338	11.46	11.89	11.44	11.97	2.94
sh601200	-2652	0	0	0	-968.48	37347	23.27	23.44	23.27	23.60	0.86
sh600419	-267	0	0	0	-347.76	5281	43.00	42.91	42.00	43.70	0.52
sz000830	30522	21621	15002	0	8767.50	541583	17.79	18.58	17.79	18.64	4.62
sz300170	-11913	-8069	-4784	0	842.99	106059	11.90	12.11	11.75	12.17	0.75
sz002877	-308	0	0	0	78.74	12664	21.88	22.33	21.88	22.41	2.01
sz002872	-1038	0	0	0	-183.29	12957	31.10	31.50	31.00	31.88	0.67
sz002873	-1510	0	0	0	478.99	31482	44.23	46.24	43.13	46.59	2.48
sh603787	2891	1020	0	0	242.48	24771	14.20	14.62	14.10	14.87	2.74
sh603018	-755	0	0	0	-114.25	5535	27.40	27.22	27.15	27.48	-0.37
sz002081	-5225	-8404	-8551	0	3156.94	213408	15.61	16.15	15.53	16.18	3.33
sz002083	1533	5571	0	0	321.91	40688	6.69	6.74	6.66	6.81	0.60
sz002880	0	0	0	0	5.37	5004	52.92	53.73	52.92	53.98	0.66
sz002158	-8600	-4605	-2388	0	-51.89	99080	12.35	12.60	12.29	12.69	1.53
sh603303	-724	0	0	0	-240.21	13101	13.46	13.48	13.31	13.54	1.05
sh603306	-517	0	0	0	-150.50	3712	28.16	28.21	28.11	28.37	0.18
sz002396	-44970	-14929	2299	0	-8555.04	194687	20.10	19.38	19.00	20.25	-3.15
sh600894	135	0	0	0	262.78	22833	9.26	9.39	9.22	9.40	1.62
sz002407	-2919	-1502	0	0	-695.68	93327	19.85	20.02	19.85	20.30	1.32
sh600090	-15004	-6268	-2000	0	-1254.98	67953	7.90	7.81	7.62	7.97	-1.14
sz000957	-20499	-4477	-2205	0	-2004.12	117249	11.09	10.78	10.74	11.27	-3.23
sh600308	-5564	0	0	0	429.09	97563	6.48	6.61	6.44	6.62	2.01
sh600306	-732	0	0	0	-13.54	14381	10.19	10.30	10.18	10.39	0.98
sz002882	-3294	-1739	0	0	-58.55	103014	13.80	14.62	13.70	14.91	4.35
sz002884	0	0	0	0	-386.87	4708	49.01	49.78	49.01	50.30	1.32
sz000002	9067	68858	15475	0	12077.40	978464	36.50	40.20	36.40	40.70	8.39
sh600521	-1145	2101	0	0	597.29	103674	27.40	28.30	27.40	29.00	3.40
sh600528	-10836	2065	1646	0	111.23	106200	12.00	12.12	11.95	12.22	0.17
sh600638	1762	0	0	0	-68.79	30976	15.21	15.85	14.93	15.92	4.07
sh600633	-15024	-5001	-2001	0	-2303.50	87558	15.00	15.13	14.93	15.21	0.67
sz000825	-65311	-48242	-41960	0	-1994.30	336745	5.01	5.03	4.98	5.06	0.80
sh601328	-265550	-149647	-75000	0	-828.40	2114035	6.45	6.52	6.43	6.53	0.62
sz300298	-1500	1000	0	0	221.02	39424	19.45	20.83	19.25	20.87	6.82
sz300581	0	0	0	0	-70.59	4756	28.68	28.90	28.68	29.75	-0.31
sz300342	0	0	0	0	152.90	8518	14.95	14.85	14.68	15.10	-0.67
sz000505	-2235	-2444	-2444	0	-118.69	35955	8.33	8.50	8.28	8.60	2.04
sz002788	-209	0	0	0	-77.94	8983	28.32	28.61	28.15	28.70	0.81
sz002039	-1594	-1000	0	0	-76.51	27348	15.75	15.68	15.55	15.75	-0.06
sz002762	-406	0	0	0	52.15	12901	16.08	16.25	15.96	16.37	1.31
sh600363	-2796	0	0	0	-84.70	28138	11.76	11.81	11.70	11.86	0.43
sz002367	-4822	0	0	0	183.65	24044	8.38	8.47	8.38	8.48	0.83
sz002188	-2086	0	0	0	388.34	79899	13.16	13.34	13.11	13.68	1.75
sz300625	0	0	0	0	-346.59	11227	23.98	24.16	23.96	24.31	0.83
sz300620	0	0	0	0	6.33	7470	34.38	34.78	34.25	35.29	1.25
sh600886	-55571	-14623	-15234	0	-1146.51	285323	7.20	7.19	7.14	7.21	0.00
sh603970	903	0	0	0	1003.05	61062	28.96	30.21	28.80	30.40	3.92
sh603976	1375	1349	0	0	-343.22	49318	27.87	29.49	27.60	30.65	5.81
sz000928	-16178	-3976	0	0	-173.83	80115	6.25	6.33	6.20	6.33	0.96
sz000920	-5620	-1318	0	0	-573.40	20943	9.57	9.54	9.50	9.63	-0.31
sh600081	659	0	0	0	167.65	10215	12.15	12.40	12.15	12.41	1.64
sz000923	-2598	-1366	0	0	-505.56	51743	24.15	24.60	23.75	24.76	1.07
sz002215	-5086	-1337	0	0	-100.18	33893	6.80	6.85	6.80	6.89	-0.15
sz000036	-36671	-5327	-265	0	1204.90	594202	9.90	10.39	9.77	10.57	4.95
sz000039	2973	8447	11335	0	-2522.90	204799	21.53	21.86	21.53	22.23	1.63
sh600535	-2271	0	0	0	-756.48	31442	37.05	37.19	36.85	37.60	0.19
sz000722	-2233	0	0	0	-186.67	11446	8.61	8.64	8.58	8.72	-0.58
sh600622	-3057	1395	2000	0	-322.53	57684	16.81	17.32	16.68	17.48	3.03
sh603885	-12908	-1931	0	0	-498.41	76464	15.27	15.01	14.57	15.27	-1.25
sh601669	-576	-312	-99	0	336.45	105078	7.37	7.41	7.35	7.41	0.54
sz300027	-28406	-10053	-3177	0	-3961.93	263762	9.15	9.17	9.05	9.20	0.99
sz300335	1100	-2231	-2300	0	834.34	91906	16.27	16.28	15.40	16.30	-0.55
sz002776	51	0	0	0	-139.96	7583	19.36	19.32	19.24	19.61	-0.21
sz300246	-220	0	0	0	-92.33	7472	19.50	19.37	19.21	19.74	-0.72
sh603367	-6033	0	0	0	89.84	152443	21.50	22.40	21.21	22.79	2.24
sz002179	-11913	0	0	0	1750.87	89705	36.22	36.47	36.00	36.80	0.69
sz002373	-18576	-5637	-2417	0	-264.94	98637	14.01	14.03	13.85	14.24	0.14
sz002195	-55817	-6440	-1727	0	-3336.63	411430	6.13	6.21	6.12	6.25	0.00
sz300633	-247	0	0	0	-334.53	7444	25.29	25.33	25.02	25.64	0.20
sh603181	-3364	618	2118	0	6085.22	58431	23.83	26.44	23.75	26.44	9.98
sh600436	3226	1007	0	0	1519.40	77013	72.72	74.95	71.77	76.00	2.76
sh603985	0	0	0	0	905.15	15630	37.88	39.20	37.52	41.00	3.43
sz000933	-93213	-23496	6688	0	-2098.36	853041	9.59	9.77	9.45	9.79	1.77
sh600323	-7410	0	0	0	-844.41	45167	15.10	15.19	15.06	15.26	0.20
sh600326	-13505	4725	2531	0	-791.16	173830	9.71	9.91	9.68	9.91	2.48
sz002203	1343	0	0	0	264.24	30635	7.65	7.74	7.62	7.77	1.44
sh600329	-5390	0	0	0	-821.30	20773	15.02	14.90	14.80	15.08	-0.80
sh600502	2859	3348	2153	0	418.74	92836	6.88	7.01	6.87	7.01	2.04
sh600507	-31654	-10937	-1389	0	4764.18	392503	13.80	14.24	13.80	14.55	2.89
sh601900	-983	0	0	0	-171.89	11933	11.28	11.30	11.22	11.32	0.62
sz000733	-7404	0	0	0	-953.10	39450	13.93	13.92	13.88	14.08	-0.07
sh600188	-20	13040	-1297	0	-7134.55	392422	15.43	15.57	15.30	15.75	1.37
sh600619	-4509	-1166	0	0	221.71	32915	11.31	11.32	11.29	11.40	-0.09
sz000596	3110	1239	0	0	5423.60	68414	71.50	75.20	71.05	76.48	6.02
sz000028	-519	0	0	0	336.43	14560	60.91	62.58	60.86	63.23	2.76
sz000021	-202326	-129135	-91989	0	-23092.00	1215416	11.45	11.09	10.83	11.58	-5.46
sh601699	-94395	-43426	-15608	0	-21022.70	1125219	11.15	11.07	10.76	11.36	-1.34
sz000027	-1915	325	0	0	-229.49	49906	6.04	6.07	6.03	6.09	0.50
sz000783	3296	3636	-3351	0	-751.77	161740	7.72	7.86	7.72	7.86	1.29
sz300100	-2516	0	0	0	-195.72	31582	14.09	14.09	14.00	14.34	-0.77
sh603758	-376	0	0	0	-47.10	17440	13.30	13.60	13.30	13.67	1.80
sz300033	-781	-1000	0	0	-1187.14	32070	49.90	50.25	49.80	50.28	0.70
sz300039	-21691	-10257	-4179	0	-962.73	84249	6.58	6.55	6.49	6.69	-1.21
sz300326	-6104	-1242	0	0	-459.26	22879	8.50	8.42	8.33	8.55	-0.47
sz300323	-41166	-13230	-1175	0	-4511.70	214978	15.04	14.56	14.15	15.26	-3.89
sh603519	0	0	0	0	-50.19	5534	20.20	20.24	20.12	20.40	0.15
sz300726	-1865	1025	0	0	526.77	55974	28.10	28.90	27.99	29.44	2.56
sz300258	-4619	0	0	0	-412.46	29621	14.55	14.30	14.12	14.55	-2.05
sz300251	-8939	2787	-2115	0	595.80	159905	10.10	10.29	9.95	10.29	1.88
sh600908	2357	-1849	0	0	722.74	83830	7.90	8.00	7.87	8.02	1.14
sh603357	4051	5045	5045	0	1123.39	158168	22.30	24.29	22.25	24.88	7.24
sh603359	-600	0	0	0	-227.90	13551	32.80	33.16	32.75	33.55	1.25
sz002343	-5545	0	0	0	97.84	47563	32.10	31.76	31.38	32.57	-1.06
sz300340	-478	0	0	0	1231.43	28077	53.41	53.51	52.70	53.93	0.21
sz300648	-200	0	0	0	-658.29	5856	60.30	60.09	59.25	61.00	-0.18
sz300641	-34	0	0	0	93.46	13498	13.96	14.21	13.92	14.49	2.01
sz300486	-363	0	0	0	-42.13	10015	20.11	20.44	20.10	20.45	1.89
sz300487	9142	6652	1036	0	-673.49	203092	19.98	21.90	19.70	21.90	9.99
sz300484	0	0	0	0	-218.06	6783	19.89	19.78	19.72	20.18	-0.65
sh603226	0	0	0	0	-14.62	8182	29.30	30.04	29.18	30.10	2.39
sh603225	-1968	0	0	0	308.00	50537	37.26	38.12	37.25	38.38	1.46
sh603730	0	0	0	0	-308.52	7555	34.19	34.32	34.12	34.79	0.47
sh603738	0	0	0	0	-147.88	3747	22.58	22.91	22.58	23.30	-0.65
sh603229	-2846	0	0	0	-52.56	38006	17.74	17.95	17.61	18.56	-0.61
sz002061	-19595	-5183	0	0	-618.10	162448	15.00	14.30	14.18	15.02	-4.67
sz000906	559	0	0	0	242.97	21069	7.39	7.60	7.39	7.60	2.43
sh600990	-472	0	0	0	-1260.05	18491	51.61	51.50	51.21	52.40	-1.49
sh600993	-2709	0	0	0	-532.14	36750	20.33	20.62	20.31	20.65	1.13
sh600338	-733	0	0	0	-2347.47	38224	39.57	39.08	38.50	40.29	-1.31
sh600048	136069	95842	94402	0	-31206.00	3224719	16.45	17.68	16.34	17.99	6.51
sz002831	-1493	0	0	0	402.85	13251	59.80	59.10	58.00	60.17	-1.20
sh600196	-2027	4094	6731	0	9026.80	314232	44.77	46.13	44.55	47.05	2.65
sh601111	-102597	-17799	14153	0	-47091.50	1372591	12.06	11.58	11.30	12.06	-3.90
sh601116	946	0	0	0	246.45	49099	19.92	20.47	19.81	20.61	2.81
sh600420	-16377	-2231	0	0	-2229.60	105071	11.90	11.53	11.37	11.90	-3.19
sh600600	-5612	0	0	0	2939.56	138010	43.20	44.23	43.20	46.22	3.34
sz300137	-23056	-11304	-6705	0	-4970.03	135942	22.10	21.98	21.65	22.32	-0.54
sz300004	1507	-4417	0	0	839.28	87805	10.15	10.62	10.15	10.62	3.61
sz300009	-15483	0	0	0	1160.96	136594	23.70	24.37	23.70	24.60	2.31
sh600335	-6707	-1594	0	0	-1252.81	58371	10.52	10.65	10.52	10.73	1.14
sz300316	-20633	-1551	-250	0	-1399.20	157089	19.00	18.80	18.53	19.28	-1.05
sh603507	-314	0	0	0	165.63	54651	40.66	42.48	40.66	42.90	3.53
sz000756	-15188	-4998	-2000	0	-1321.67	98909	13.85	13.22	13.05	13.91	-4.55
sz300653	0	0	0	0	-104.55	4480	32.21	32.51	32.21	33.20	0.34
sz300652	0	0	0	0	-14.91	5179	26.66	27.03	26.66	27.29	1.43
sh600987	-4150	-1001	0	0	-224.11	27420	11.31	11.35	11.31	11.43	0.44
sz002536	-3680	0	0	0	-733.42	35678	14.99	14.72	14.70	15.06	-1.74
sz002530	-641	-1001	0	0	-2298.95	67875	24.70	25.34	24.50	26.47	2.59
sh600299	2623	4698	2001	0	558.59	54732	11.69	11.64	11.45	12.17	-0.51
sh600295	-4432	0	0	0	-770.24	104484	13.95	14.11	13.81	14.13	1.29
sz000910	-1316	0	0	0	1338.04	47521	24.31	24.62	24.17	24.83	1.53
sz000919	-417	0	0	0	-79.89	17019	8.90	8.90	8.86	8.94	0.45
sh600075	-1480	0	0	0	40.73	53391	7.61	7.81	7.57	7.81	2.36
sz002829	0	0	0	0	-219.93	4285	26.47	26.00	25.68	26.50	-0.61
sz002828	-5618	0	0	0	-1991.49	38665	25.53	24.75	24.40	25.60	-2.86
sz002827	-1464	0	0	0	351.23	45521	18.53	19.67	18.42	19.83	6.44
sz300453	-2115	-1700	0	0	-158.08	6116	16.00	15.98	15.79	16.19	-1.36
sh600459	-7686	-1204	0	0	-1605.43	46891	21.80	21.80	21.65	22.03	-0.91
sh603683	-11175	-1771	-3128	0	1375.77	93169	25.20	26.58	25.00	26.58	10.02
sh601108	49184	79768	48652	0	27905.90	811811	18.35	20.24	18.23	20.24	10.00
sh600452	0	0	0	0	-288.32	14919	34.37	32.97	32.79	34.42	-4.21
sz000869	-874	0	0	0	1493.14	65972	39.77	40.29	39.72	41.06	1.15
sz000860	-11521	-5472	-7021	0	3436.18	139352	19.01	19.79	19.01	20.37	3.78
sz300121	-5306	0	0	0	-845.96	53747	14.28	14.50	13.91	14.77	1.12
sh600708	16701	14872	7179	0	2868.95	332624	7.65	7.99	7.61	8.07	4.72
sh600701	-11539	-4047	0	0	-736.58	77499	9.34	9.40	9.33	9.46	0.21
sh600705	-5569	5311	-3493	0	-3755.85	248881	5.52	5.57	5.49	5.58	0.91
sz300015	-6315	2490	0	0	1148.35	124356	33.55	35.45	33.55	35.95	5.98
sz300307	-5441	0	0	0	-310.42	31369	7.93	8.00	7.86	8.00	0.50
sh603538	0	0	0	0	-2.15	2901	25.78	25.89	25.78	26.27	0.15
sz300271	-18848	-2797	0	0	-4680.99	109615	15.29	14.62	14.27	15.30	-4.13
sz300569	-862	0	0	0	183.12	11763	22.10	22.66	21.91	22.75	2.07
sz002324	-1527	0	0	0	-405.57	8104	21.85	21.90	21.80	22.14	-1.04
sz002323	-14074	-3015	0	0	-673.83	76731	6.13	6.22	6.13	6.32	-0.16
sh603396	-231	0	0	0	-101.99	20709	41.05	42.81	41.05	43.42	2.37
sh603393	-659	0	0	0	475.44	41920	37.10	38.54	37.10	38.59	2.23
sh600843	-227	0	0	0	38.71	11453	10.31	10.39	10.28	10.44	0.78
sh603716	0	0	0	0	-0.30	1427	48.76	49.37	48.76	49.87	0.43
sh603717	-400	0	0	0	-107.44	14271	26.81	27.05	26.77	27.30	0.93
sz002038	-2098	0	0	0	38.23	46616	31.93	32.41	31.69	32.66	1.28
sh603083	634	0	0	0	1910.71	74947	45.02	47.84	45.02	50.30	4.36
sh603081	-1688	0	0	0	1181.87	21223	27.40	27.68	26.97	27.77	1.10
sh600284	-594	0	0	0	79.78	21723	9.31	9.46	9.31	9.48	1.07
sz002504	-18014	-1181	-1176	0	80.21	142998	4.63	4.74	4.56	4.79	0.21
sh600885	-1900	0	0	0	720.92	20187	45.14	44.44	43.80	45.16	-1.20
sh603203	0	0	0	0	-199.16	4774	38.60	38.27	38.13	38.95	-1.44
sh603669	0	0	0	0	-100.48	5044	19.00	19.07	18.84	19.28	0.37
sh603888	-1965	0	0	0	-790.46	20206	22.50	22.52	22.38	22.98	-1.01
sh600062	-7488	0	0	0	-935.55	73851	23.85	24.15	23.70	24.56	0.88
sh600066	-34304	-8980	-4002	0	-3460.82	213614	23.42	23.04	22.85	23.54	-1.75
sh603860	-309	0	0	0	310.29	11235	33.80	34.96	33.80	35.28	2.43
sz300681	0	0	0	0	3.72	4709	48.70	48.69	48.00	49.43	0.33
sz000418	-131	0	0	0	-463.09	18590	72.80	73.50	71.69	75.10	0.46
sz000786	-31001	-218	-2659	0	-2671.84	347856	23.76	24.21	23.50	24.58	1.98
sh600661	0	0	0	0	-305.82	8500	24.01	24.15	23.83	24.28	0.62
sh600660	-9430	0	0	0	-632.28	129035	28.42	28.88	28.18	28.95	1.37
sh600668	-500	0	0	0	-204.36	19561	15.62	15.77	15.58	15.78	1.15
sh601390	-1508	1880	7130	0	-556.60	233368	8.39	8.46	8.38	8.47	0.71
sz000070	-19846	-2015	-2060	0	36.31	137304	9.86	10.09	9.67	10.15	2.64
sh601009	105777	62906	47324	0	7360.40	853801	8.42	8.52	8.33	8.54	0.95
sh601001	-2205	-3767	0	0	844.08	121661	6.11	6.26	6.11	6.29	2.12
sz000525	-7203	-1866	0	0	1444.94	87740	22.94	23.20	22.59	23.36	1.00
sh600710	-7792	2106	-2000	0	-1040.76	72350	6.37	6.35	6.26	6.41	-0.63
sh600717	-1961	1785	0	0	119.46	49498	10.35	10.50	10.34	10.53	0.96
sz000096	-324	0	0	0	213.76	14474	13.24	13.40	13.11	13.49	0.22
sz300065	-12342	0	0	0	-1893.37	64025	15.23	14.89	14.58	15.49	-2.23
sz300209	276	1478	0	0	-401.49	26468	17.20	17.06	17.06	17.60	-1.39
sh600167	-566	0	0	0	-261.05	8866	23.01	23.51	22.66	24.28	1.60
sz300516	0	0	0	0	-130.43	3085	43.00	43.60	43.00	44.23	0.14
sz300517	0	0	0	0	7.08	7734	18.15	18.42	18.09	18.47	1.49
sh603380	-241	0	0	0	66.86	11757	19.11	19.48	19.01	19.59	2.10
sh603385	-469	0	0	0	-162.25	12898	21.28	21.50	21.25	21.55	1.08
sh603387	0	0	0	0	-69.85	6227	56.65	57.23	56.57	57.88	0.97
sh600161	-12754	-1272	0	0	-2039.17	76461	29.49	29.15	28.91	29.66	-1.62
sz300473	-271	0	0	0	-150.51	5245	39.79	40.33	39.36	40.52	1.36
sz300477	-1860	0	0	0	165.30	16484	21.60	21.80	21.51	21.98	1.02
sh603258	-202	0	0	0	-521.91	10841	31.13	31.07	30.94	31.33	-0.29
sz300478	258	0	0	0	-666.15	17222	37.04	37.99	36.80	39.60	2.54
sh603701	-526	0	0	0	-144.32	8246	17.89	18.22	17.80	18.39	2.02
sz002791	-939	0	0	0	-23.23	7471	18.84	18.84	18.66	18.88	0.75
sz002025	-8006	0	0	0	-2740.54	108518	22.29	21.66	21.42	22.50	-2.74
sz000666	277	5975	0	0	-261.73	58182	19.81	19.94	19.75	20.13	0.10
sz000665	2753	0	0	0	176.97	25269	9.92	10.03	9.91	10.07	1.42
sz000669	-2244	0	0	0	-375.44	24777	13.80	13.71	13.63	13.87	-0.36
sz002801	0	0	0	0	140.03	3037	35.05	35.55	35.05	35.95	-0.06
sh600383	20494	65309	4040	0	194.10	1362058	15.71	17.41	15.60	17.53	9.22
sz300698	-1302	1937	0	0	3570.18	31833	24.37	26.79	24.32	26.79	10.02
sh600475	-1220	0	0	0	-87.41	10274	13.90	13.92	13.87	14.01	0.14
sz000402	25630	53013	41966	0	10893.90	819896	11.81	12.55	11.76	12.80	5.82
sh600122	17333	32515	11022	0	-299.74	128563	9.65	9.69	9.63	9.83	0.21
sh600126	-1380	0	0	0	-314.91	38160	6.75	6.80	6.72	6.85	1.34
sz000791	-2164	2494	0	0	251.54	54754	7.69	7.77	7.66	7.81	0.39
sh600491	-3060	-594	0	0	-217.06	56612	9.67	9.67	9.55	9.72	0.10
sz000062	-1125	0	0	0	-309.28	15950	22.85	22.99	22.80	23.24	0.74
sz000069	-120258	-38940	-44896	0	10410.90	1942901	9.64	9.67	9.55	10.31	0.00
sh601636	33822	21728	5450	0	2130.05	732627	6.90	7.11	6.86	7.18	3.80
sh601633	-1866	4854	0	0	77.49	85489	12.12	12.13	12.03	12.20	0.08
sh600729	980	0	0	0	2339.41	53676	25.52	25.97	25.15	26.22	2.32
sz300073	-20757	-5667	-2983	0	-5819.41	93847	23.30	23.22	22.59	23.61	-0.34
sz000333	-19879	-3648	0	0	-9752.50	289365	61.00	61.09	60.10	61.83	-0.11
sh600873	-803	13456	8923	0	-181.58	112999	5.23	5.26	5.21	5.26	0.96
sz002140	-1219	0	0	0	278.76	21072	10.76	10.87	10.76	10.92	1.12
sh603879	-340	0	0	0	-135.02	17003	18.45	19.56	18.45	19.75	5.79
sz002493	-46035	-12521	-1492	0	-4809.28	252702	15.10	14.84	14.73	15.54	-2.37
sz002496	2928	1412	461	0	354.47	231117	5.76	5.90	5.71	5.92	2.43
sz002657	-3589	-655	0	0	-2360.07	151240	25.40	25.72	25.06	26.00	2.59
sh600867	-2932	13313	1787	0	-567.88	236784	24.16	25.15	24.00	25.29	4.10
sz300446	-201	0	0	0	1.74	6180	20.93	21.04	20.71	21.16	0.53
sh603269	-297	0	0	0	229.25	15358	25.15	25.32	25.04	25.62	0.04
sh603067	-682	0	0	0	47.91	8258	12.31	12.50	12.30	12.60	0.97
sh603288	-1532	0	0	0	11.83	38909	57.87	58.44	57.21	59.83	0.98
sh600266	16261	8684	-260	0	3085.20	239514	13.48	14.40	13.48	14.62	6.82
sz002271	915	0	0	0	1816.14	44037	40.14	40.15	39.76	40.78	0.17
sh603602	0	0	0	0	204.60	18065	47.31	48.01	47.31	48.87	1.74
sz002472	-7869	-178	0	0	-985.29	54189	9.06	8.95	8.87	9.14	-1.10
sz002477	75777	58949	63713	0	-669.16	524352	4.42	4.52	4.41	4.58	2.26
sz000657	-1514	0	0	0	68.46	24971	12.09	12.25	12.05	12.30	0.33
sh600004	-22770	2033	422	0	-4653.89	299744	15.32	15.83	15.32	15.87	2.79
sh603848	-3918	0	0	0	1638.14	107381	21.35	22.29	21.11	22.69	3.67
sh600461	-7898	-5448	-2510	0	-307.62	35160	6.19	6.19	6.16	6.26	0.00
sh600132	5412	3487	0	0	1132.62	87098	21.96	23.43	21.96	23.70	7.08
sh600643	-7105	2167	0	0	1288.10	129930	10.65	10.73	10.64	10.91	0.19
sz002908	-3638	2894	2936	0	9396.88	107059	38.00	42.58	37.75	42.58	10.00
sh600487	17268	19401	8332	0	19560.10	504218	40.15	42.20	39.98	42.26	4.22
sh600486	1465	0	0	0	555.37	41052	52.66	54.49	52.11	56.20	2.18
sz000501	1399	0	0	0	566.61	93302	16.42	17.17	16.42	17.36	4.50
sh600737	-4001	-2358	-2500	0	-202.00	82621	7.88	7.94	7.87	7.97	0.76
sz300041	-1897	0	0	0	-22.11	25663	9.71	9.74	9.64	9.79	-0.10
sh600015	-97433	-42280	-21095	0	-917.92	404710	9.38	9.42	9.33	9.45	0.21
sz300195	-444	0	0	0	-60.07	9222	13.95	14.22	13.95	14.23	1.64
sz300197	-649	1244	0	0	802.85	116673	10.99	11.14	10.93	11.23	2.11
sh603477	-11567	4247	-2179	0	6465.85	109942	15.24	16.76	15.09	16.76	9.97
sz002317	2423	3888	3888	0	-372.29	56869	12.19	12.27	12.19	12.35	0.57
sz002311	-2303	0	0	0	409.21	60899	21.86	22.29	21.67	22.46	1.83
sz300537	0	0	0	0	-103.99	6555	15.09	15.14	15.04	15.38	0.07
sz300533	0	0	0	0	-40.31	5546	49.21	49.27	49.16	49.77	-0.73
sz002009	-8630	-3041	-2000	0	-734.73	31265	16.86	16.50	16.38	16.88	-0.84
sz002001	-22927	-7190	-4369	0	-2652.30	252556	43.81	44.76	43.01	44.87	2.38
sz002002	-489	1344	-2000	0	569.14	91295	6.99	7.06	6.98	7.10	0.43
sz002267	-26277	-3141	-2001	0	-1254.54	115206	8.35	8.31	8.25	8.55	-0.60
sh603617	-8785	2154	0	0	-6731.78	92781	25.96	25.89	24.01	26.88	1.01
sh603858	0	0	0	0	-1063.87	20111	49.67	49.47	49.14	49.94	-0.34
sh603108	-13631	-5146	0	0	-811.53	61141	12.11	11.82	11.78	12.15	-2.48
sz002911	2565	25857	21674	0	-4029.70	261013	33.52	35.45	32.55	35.45	9.99
sh600031	122402	149693	92958	0	12493.80	1443428	9.27	9.60	9.25	9.61	4.23
sh600745	-8333	-2007	-2007	0	-1278.85	76808	30.90	29.41	29.29	31.28	-4.48
sh600742	8659	3525	0	0	735.82	50566	16.58	17.13	16.58	17.13	2.57
sh600743	-29220	-99	-323	0	1840.74	569728	4.12	4.28	4.04	4.36	3.38
sz300054	-20126	-3337	0	0	-442.36	147063	11.84	11.76	11.50	12.13	-2.08
sz300231	-9619	-1780	2326	0	-567.40	106816	10.54	10.70	10.43	10.75	1.52
sz002126	-12450	-1500	0	0	-146.80	47527	9.13	9.14	9.07	9.17	0.22
sz002673	-20805	-12108	-5173	0	-2080.85	197479	11.92	12.02	11.79	12.02	1.09
sz002670	-9892	5142	9139	0	-4689.52	143315	19.20	19.75	18.81	19.75	1.33
sz300428	-99	0	0	0	94.46	15304	17.98	18.21	17.98	18.38	0.61
sh603041	0	0	0	0	192.88	10546	21.69	22.13	21.53	22.33	1.89
sh603916	-26151	-3654	-2088	0	-1917.76	210530	18.50	19.18	18.20	19.76	3.96
sh603919	689	0	0	0	785.82	46961	18.50	19.14	18.30	19.29	2.90
sh600933	-8681	1818	0	0	789.93	271237	16.41	17.20	16.31	17.75	3.86
sz002859	-2165	0	0	0	-1493.00	24490	32.20	31.72	31.29	32.21	-1.46
sh603825	440	0	0	0	21.24	9578	28.86	29.46	28.85	29.98	2.04
sh601999	729	0	0	0	-114.29	14753	7.35	7.41	7.34	7.42	0.14
sh603829	-8928	-7088	-7088	0	54.10	134805	19.24	20.75	19.00	21.40	3.75
sh603139	-239	0	0	0	337.13	8317	25.06	25.72	25.06	25.94	2.06
sh603131	-209	0	0	0	-102.79	10182	20.00	20.24	19.83	20.38	0.05
sh601199	-1788	0	0	0	13.68	18567	5.52	5.54	5.51	5.58	0.54
sh600028	256412	188238	81053	0	-63931.20	4444591	7.28	7.11	7.09	7.38	-2.47
sz000635	-2087	0	0	0	-505.94	34689	15.69	15.76	15.52	16.04	0.96
sh600023	32443	23756	7479	0	1198.78	269687	5.45	5.57	5.44	5.58	2.01
sz000567	-1001	0	0	0	107.35	22438	24.09	24.55	23.90	24.75	2.08
sh600754	-411	1004	0	0	1373.94	75625	37.20	38.68	36.78	39.89	3.92
sh603197	0	0	0	0	-75.08	4884	49.99	50.00	49.90	50.74	0.34
sz002778	0	0	0	0	-92.14	4575	24.68	24.71	24.55	24.99	-0.72
sh601579	-809	0	0	0	156.95	14813	11.80	12.02	11.74	12.05	2.39
sh603567	44	0	0	0	-123.65	8174	14.27	14.21	14.13	14.50	0.50
sz300522	0	0	0	0	-132.56	7748	19.28	19.30	19.09	19.57	0.42
sh600170	19891	10718	8576	0	-204.38	237456	3.75	3.80	3.74	3.80	1.33
sz002668	-1514	0	0	0	-435.94	16092	19.52	19.47	19.34	19.63	-0.26
sz300559	0	0	0	0	138.65	3644	38.41	40.20	38.40	40.51	4.80
sh600837	1316	16917	8499	0	1954.28	263193	13.04	13.31	13.01	13.32	2.07
sz002595	-754	0	0	0	-233.69	15203	18.12	18.04	17.85	18.12	0.00
sz300433	-43057	-11533	-2359	0	-19016.40	254220	28.56	26.79	26.40	28.88	-7.27
sh603055	-9046	-1330	0	0	-1305.25	143190	17.60	18.59	17.54	18.80	3.91
sh603586	0	0	0	0	53.67	9271	23.11	23.47	23.08	23.58	1.51
sh603585	0	0	0	0	-28.25	3042	30.57	31.20	30.57	31.48	1.17
sh603906	-323	1514	0	0	-165.20	29490	14.80	15.52	14.73	15.80	4.86
sz002283	-8425	-1000	0	0	-312.22	31817	5.63	5.65	5.63	5.70	0.00
sh600900	-82764	-32127	-18462	0	-8853.47	365811	16.37	16.06	16.02	16.42	-1.89
sh603633	0	0	0	0	66.43	6616	17.35	17.66	17.25	17.79	1.85
sz002441	-631	0	0	0	-215.03	18784	9.71	9.68	9.65	9.75	0.21
sz002110	-25159	-9194	-8204	0	-4662.07	292868	21.20	21.43	21.16	21.89	1.28
sz002117	-12471	-3847	-2420	0	-2391.92	93608	21.20	20.63	20.11	21.50	-2.04
sz002119	-474	0	0	0	82.41	6734	17.51	17.66	17.51	17.84	0.74
sh600340	45661	37439	8017	0	17599.80	751286	39.95	43.90	39.75	44.30	8.91
sz000960	-6162	1815	3001	0	-3354.84	150039	13.00	13.06	12.92	13.17	0.23
sh603127	0	0	0	0	1111.66	7336	52.03	54.50	51.46	54.60	4.75
sh600230	-4099	1182	0	0	-898.58	88128	47.45	48.37	47.10	48.70	1.83
sh600231	-31302	-13359	-2716	0	-1060.05	220444	4.98	4.99	4.92	5.04	0.20
sh600694	-336	0	0	0	190.02	12696	33.82	34.35	33.82	34.39	1.12
sh601188	-2752	0	0	0	-34.95	11884	4.08	4.08	4.07	4.12	0.00
sh601186	5020	19780	9691	0	2034.79	242522	11.21	11.45	11.21	11.45	1.78
sh600168	-2639	-1000	0	0	-175.54	16375	8.22	8.25	8.19	8.28	0.61
sh603369	16220	17842	14224	0	6208.72	282170	17.10	17.99	16.95	18.30	5.64
sh603368	0	0	0	0	-88.56	6004	45.00	45.60	45.00	45.97	1.18
sh600581	-20115	2278	769	0	-2134.72	243183	13.15	13.29	13.08	13.38	1.06
sz000626	-1584	0	0	0	-893.45	26314	12.53	12.41	12.37	12.62	-2.05
sh600565	40383	28201	21356	0	-134.74	446042	4.47	4.61	4.44	4.63	3.60
sh600566	-5465	0	0	0	-1740.44	62068	40.41	39.83	39.50	41.49	-2.28
sz002615	-10195	-1097	-3197	0	-563.90	80892	10.48	10.11	10.00	10.48	-3.71
sz002612	-1004	0	0	0	-59.02	15022	11.74	11.81	11.64	11.82	1.37
sz300546	486	0	0	0	205.27	6768	20.12	20.51	20.10	20.69	1.03
sz300403	-701	0	0	0	-369.49	12597	15.54	15.36	15.30	15.65	-1.16
sh600823	29913	2812	-25897	0	-6727.80	1865867	6.14	6.54	6.03	6.62	6.00
sz002057	-1364	0	0	0	-235.93	19945	12.05	12.10	12.03	12.19	0.41
sz002726	-1597	0	0	0	-525.76	33159	10.88	10.88	10.62	11.08	-0.09
sz002728	-425	0	0	0	-130.62	7220	18.20	18.45	18.20	18.65	0.44
sh603936	1766	0	0	0	32.54	9193	23.45	24.07	23.42	24.15	1.26
sz300717	159	0	0	0	1557.75	48502	37.20	40.10	37.20	41.28	5.42
sz300710	-769	0	0	0	557.09	22220	39.81	41.99	39.50	42.70	5.48
sz002124	8531	6439	2000	0	50.26	42089	8.51	8.72	8.49	8.89	2.71
sz002123	-3275	5705	7074	0	-701.21	63035	10.08	10.10	9.96	10.23	0.30
sh603339	-200	0	0	0	-183.54	10086	22.18	22.14	21.92	22.40	0.23
sh600352	10176	24485	12367	0	-1226.30	560585	12.30	12.54	12.23	12.61	1.05
sz002540	-7717	-2367	-2367	0	441.94	49861	7.53	7.59	7.40	7.68	0.53
sh600173	-30113	-2500	-6531	0	-631.57	281277	6.33	6.68	6.28	6.74	3.89
sh600179	-5914	3507	2038	0	682.16	105208	27.80	26.84	26.80	27.99	-3.90
sz000612	-13421	-5916	0	0	-1299.93	85281	8.52	8.32	8.29	8.64	-1.89
sh600596	-34936	-21787	-12212	0	-969.58	412257	12.34	12.32	11.85	12.45	0.98
sh601952	2676	2663	2506	0	4619.10	223206	12.73	13.37	12.68	13.65	6.11
sz000811	-3215	0	0	0	-80.62	23405	7.74	7.79	7.68	7.87	1.04
sz000813	-1335	-3768	-3785	0	235.58	70202	9.13	9.23	9.05	9.27	1.65
sz000546	-12494	-1440	0	0	-2158.56	52638	15.40	15.48	15.02	15.63	-0.06
sz300158	-5388	0	0	0	-102.56	28914	13.14	13.16	13.06	13.31	0.15
sz300378	-1875	0	0	0	-398.24	32317	13.95	13.99	13.85	14.13	-0.29
sz300371	0	0	0	0	-46.94	4414	18.32	18.45	18.32	18.62	0.71
sz300375	-5518	-2166	0	0	-1156.54	50073	15.80	15.94	15.70	16.11	-0.50
sz300702	-343	0	0	0	-40.74	17865	41.88	42.65	41.60	43.30	1.55
sz300705	-922	0	0	0	-181.80	37391	29.40	30.27	29.29	31.59	-0.10
sz002138	-11543	-4161	-2200	0	1681.38	96578	16.06	15.90	15.70	16.20	-0.63
sz002136	-772	0	0	0	-103.78	21712	13.73	13.89	13.63	13.97	0.65
sh603323	-14441	-3698	0	0	-1037.54	103119	8.44	8.53	8.39	8.53	0.71
sh603496	0	0	0	0	-57.68	7616	31.51	31.90	31.50	32.13	0.76
sh603328	480	1000	0	0	-476.56	24347	14.36	14.38	14.26	14.57	0.56
sh600367	-1665	0	0	0	-56.94	25485	10.71	10.78	10.66	10.84	1.03
sh603926	0	0	0	0	-98.37	8327	25.48	25.95	25.46	26.04	1.96
sz000601	-4378	-998	-2000	0	-442.79	22864	7.08	7.10	7.04	7.14	0.00
sz000609	-1265	0	0	0	247.49	32449	11.02	11.36	10.90	11.45	3.27
sz000608	-48481	-42002	-16310	0	-1822.69	114750	6.59	6.78	6.45	6.90	2.26
sh600549	-21379	-6096	0	0	-3693.76	179762	24.35	24.68	24.13	24.86	1.02
sz002735	0	0	0	0	6.99	1314	31.90	32.06	31.71	32.08	-0.06
sz000779	-807	0	0	0	76.97	7646	13.01	13.31	13.01	13.35	0.83
sh601788	-5083	-1369	0	0	-1040.11	97321	13.49	13.72	13.47	13.73	1.70
sz000980	-9485	192	0	0	-676.12	107184	11.64	11.65	11.46	11.76	0.09
sz002408	17190	7562	0	0	734.37	158415	12.01	12.29	11.98	12.33	2.85
sz000553	-927	-2868	0	0	2073.24	121808	16.82	17.38	16.74	17.64	2.84
sz002153	-8667	-1310	0	0	-2773.99	69177	25.61	25.20	25.02	26.07	-2.51
sz300146	-3007	4467	-1803	0	998.60	217848	15.10	15.56	15.04	15.63	3.32
sz002016	-21792	-6853	-2121	0	-726.31	291292	12.24	12.91	12.10	13.18	3.86
sh603556	0	0	0	0	92.46	4931	35.27	35.11	35.04	35.40	0.00
sz002094	5411	4698	1453	0	1017.51	101621	18.36	18.93	18.20	18.95	3.10
sz002092	-43593	-13472	-15277	0	-4976.81	398435	14.19	14.45	14.02	14.47	2.12
sz002090	0	0	0	0	179.98	5461	22.16	22.31	22.08	22.35	0.13
sh600978	9491	421	7191	0	145.69	199389	8.70	8.95	8.70	9.00	2.99
sh600971	-32070	-12345	-3068	0	-1532.57	194094	10.34	10.37	10.22	10.46	0.58
sz002416	-2542	0	0	0	182.94	39487	8.90	8.98	8.87	9.08	1.24
sh603316	-246	0	0	0	45.01	13367	13.80	14.20	13.80	14.34	2.90
sh603313	120	0	0	0	-121.28	8681	26.36	26.40	26.00	26.49	0.46
sz002380	-1156	0	0	0	-255.71	8275	16.48	16.25	16.15	16.74	-1.69
sz002896	-250	0	0	0	517.16	11223	36.80	38.34	36.80	38.45	2.65
sz002892	-688	-1075	0	0	-1377.30	24360	41.60	41.71	41.02	42.80	-0.69
sh603178	-220	0	0	0	10.21	11689	14.44	14.83	14.42	14.95	2.63
sh600201	5158	6710	0	0	-950.19	113724	30.70	31.51	30.32	31.53	2.87
sh603955	0	0	0	0	-369.60	9385	38.58	38.78	38.50	39.21	0.81
sz000018	3333	-2110	0	0	300.21	66352	6.00	6.14	6.00	6.16	1.99
sz000708	-210	0	0	0	-6.55	21760	11.22	11.29	11.18	11.37	0.98
sz000651	-89501	-23326	-24586	0	-11128.00	816648	54.10	54.37	53.41	55.48	-0.42
sz300178	-7639	-2473	0	0	-1072.18	30039	13.31	13.28	13.15	13.36	0.45
sz002876	-434	0	0	0	809.30	10632	57.50	59.90	57.20	60.16	3.76
sh600393	14920	20349	9924	0	95.47	224053	6.82	7.04	6.69	7.05	3.99
sz002871	368	0	0	0	335.36	6909	33.35	34.44	33.30	34.70	3.33
sz300286	-462	0	0	0	-30.72	4417	17.42	17.39	17.30	17.50	-0.06
sz002716	-6062	-4410	0	0	1376.14	101834	21.04	21.25	20.94	21.45	0.47
sz002045	-18962	-2490	0	0	-5125.23	162603	18.54	18.00	17.57	18.88	-4.36
sz002085	-6027	0	0	0	-149.70	53898	15.87	15.62	15.53	15.99	-1.70
sz002047	-6596	-3127	-3088	0	-342.14	76287	7.30	7.38	7.20	7.40	0.68
sz002883	296	0	0	0	-1037.31	28338	54.21	54.80	53.60	55.81	1.82
sz002406	562	0	0	0	-19.79	17366	7.01	7.08	7.01	7.09	0.85
sh603165	0	0	0	0	-669.84	11378	53.81	53.84	53.20	54.60	0.79
sh600895	6942	1204	0	0	1067.53	53352	14.59	14.99	14.55	15.05	2.88
sh600415	4823	12548	-1849	0	1302.80	157919	5.76	5.95	5.75	5.95	2.94
sz000959	7140	5949	0	0	240.74	57379	5.88	5.93	5.85	5.94	0.51
sh600098	-2909	511	-489	0	-23.72	34168	7.09	7.11	7.05	7.12	0.28
sz000952	-315	1021	0	0	-226.97	20014	14.66	14.66	14.60	14.92	0.00
sh600093	-311226	-272076	-255202	0	7708.98	367644	18.63	18.63	18.59	18.63	9.98
sz002889	-14853	-812	0	0	5632.92	54587	27.10	30.03	27.02	30.03	10.00
sz002881	0	0	0	0	33.43	8155	26.50	27.13	26.50	27.35	1.61
sz002885	0	0	0	0	400.97	9465	34.15	34.73	34.03	34.96	2.21
sz002886	-504	0	0	0	-863.25	12274	33.10	33.46	33.10	34.00	1.09
sh600529	-7357	-3463	0	0	-926.87	71668	21.52	21.04	20.39	21.52	-2.23
sz002903	-1232	0	0	0	858.13	63129	41.82	44.56	41.72	45.94	3.82
sz000488	29462	11840	240	0	6935.48	357054	17.57	18.28	17.51	18.34	3.51
sz002905	0	0	0	0	-218.12	13768	33.49	33.91	33.41	34.30	1.89
sh600639	782	0	0	0	209.20	16920	17.00	17.29	16.90	17.47	1.89
sh600630	-616	0	0	0	-5.37	35212	10.20	10.30	10.20	10.41	1.18
sz000821	-14203	-5884	-2699	0	-214.42	86704	11.46	11.19	11.13	11.46	-2.27
sz000823	-23738	-5601	2230	0	-3369.19	104261	14.10	13.80	13.41	14.28	-1.43
sz000826	-8402	788	2003	0	-4773.88	78848	31.46	31.09	30.80	31.67	-1.27
sz300703	25	0	0	0	317.51	17284	32.24	33.91	32.03	33.93	4.98
sz300296	-22152	1011	0	0	-815.56	132138	19.49	18.98	18.83	19.58	-2.62
sh600848	-1719	0	0	0	1036.20	101295	23.40	24.40	23.30	24.60	4.10
sz002427	-2360	-1483	0	0	-1743.13	59942	31.60	31.10	30.50	32.07	-1.89
sz300347	1492	0	0	0	334.84	24972	33.67	34.46	33.50	34.58	1.74
sz002768	-8384	-5755	-5755	0	-37.34	28570	26.01	26.19	25.45	26.35	-0.64
sz002769	-1212	0	0	0	-150.10	9388	13.72	13.85	13.71	13.97	0.95
sz002766	-7140	-2902	0	0	-141.68	79146	14.78	15.11	14.71	15.29	1.55
sh603578	0	0	0	0	197.35	4513	32.68	32.93	32.58	33.09	0.86
sz002781	0	0	0	0	211.81	9194	22.10	21.99	21.95	22.24	-0.72
sh600887	-27547	3922	-7485	0	-10564.80	877713	34.33	34.54	34.05	35.93	0.44
sh603688	-2336	0	0	0	-421.74	33603	14.04	14.14	13.53	14.25	-0.07
sh600362	-124680	-74879	-52993	0	-22885.60	517018	20.12	19.76	19.56	20.21	-2.80
sh603377	0	0	0	0	-165.61	3494	39.99	39.53	39.01	39.99	0.46
sz002182	-13231	-3830	-2113	0	-747.00	78236	8.58	8.63	8.57	8.70	0.23
sh600368	-1993	-2018	0	0	-242.01	30683	5.18	5.23	5.16	5.23	0.97
sz300627	0	0	0	0	-148.42	4601	43.85	44.08	43.76	44.58	0.43
sz300622	0	0	0	0	74.30	4646	24.31	24.59	24.26	24.88	1.15
sz300621	-338	0	0	0	20.73	47669	20.55	21.23	20.45	21.99	3.41
sh603198	6039	1805	0	0	1830.38	84349	17.62	18.36	17.60	18.48	3.44
sh603199	0	0	0	0	-39.60	4816	28.23	28.63	28.23	28.70	1.52
sh603200	-606	0	0	0	-554.11	10501	39.00	39.10	38.61	39.77	0.41
sh600348	-10157	-8841	5304	0	-256.17	228898	7.35	7.37	7.28	7.45	0.27
sh603979	-3606	-2057	-2057	0	538.35	41303	10.57	10.88	10.56	10.89	2.54
sh600889	-2879	0	0	0	-205.35	18896	8.29	8.29	8.25	8.35	0.00
sh600406	-17322	-287	-139	0	-366.38	245988	16.61	16.70	16.33	16.76	-0.18
sh603990	0	0	0	0	-17.39	1719	36.37	37.04	36.37	37.26	2.52
sh603996	-514	0	0	0	-306.28	15867	18.19	17.70	17.69	18.20	-1.45
sz000921	17145	9905	-3952	0	6533.95	222855	15.13	16.04	15.05	16.08	5.60
sz000822	-10112	-9568	0	0	117.07	137413	9.03	9.12	8.93	9.13	2.01
sz000030	-14168	-1068	0	0	-80.01	38152	7.90	7.91	7.85	7.96	-0.13
sh601919	-30040	-19259	-13133	0	-4939.15	372022	6.60	6.68	6.56	6.71	0.75
sh601595	-330	0	0	0	-123.25	10963	19.65	19.62	19.51	19.98	0.05
sh603517	-1672	0	0	0	-380.64	8451	38.68	38.91	38.68	39.74	0.03
sz000581	4432	-369	-3507	0	7862.50	301886	23.85	25.35	23.85	25.35	6.33
sz300119	-331	0	0	0	-78.28	5320	11.50	11.54	11.49	11.63	0.00
sh601668	-225178	-217197	-163715	0	-40867.30	3476118	9.51	9.52	9.38	9.61	-0.10
sh601666	25712	11413	3326	0	575.92	346667	6.35	6.42	6.31	6.50	1.26
sz300023	-2696	340	0	0	747.02	62937	11.45	11.84	11.20	11.98	3.95
sh600650	-200	0	0	0	9.70	14995	14.62	14.79	14.60	14.95	0.75
sz002779	-910	0	0	0	-61.45	12408	20.27	20.50	20.12	20.74	0.15
sz002817	307	0	0	0	3.29	8974	30.82	31.40	30.82	31.50	0.96
sz002772	102	0	0	0	35.51	14502	10.50	10.62	10.50	10.67	0.76
sz300244	-9391	0	0	0	-4049.25	103826	23.11	22.12	21.69	23.25	-4.28
sh603699	-4687	0	0	0	-107.51	16261	19.75	19.76	19.63	19.84	0.87
sh603360	693	0	0	0	90.07	19249	21.40	22.80	21.20	22.89	2.47
sz002372	-1680	-3742	-2382	0	-565.82	55661	20.69	21.40	20.09	21.40	4.14
sz002370	-1293	1213	0	0	-378.10	13621	14.16	14.08	13.88	14.16	-0.64
sz002376	-2974	2624	0	0	1113.82	77295	12.52	12.64	12.36	12.72	0.32
sz002375	-1037	1993	0	0	12.96	73522	7.65	7.86	7.58	7.92	3.29
sz002191	-6925	0	0	0	-912.68	36641	8.83	8.83	8.78	8.90	0.68
sz300638	-333	0	0	0	-91.96	11336	38.93	40.30	38.93	40.50	2.44
sz300631	-656	0	0	0	403.48	32024	23.60	25.08	23.23	25.60	5.60
sz300632	0	0	0	0	152.56	7854	20.90	21.33	20.63	21.45	1.72
sz300635	-321	0	0	0	-46.93	11239	17.90	18.11	17.90	18.44	0.11
sz300636	0	0	0	0	159.71	8040	31.50	31.89	31.08	32.19	1.88
sh603183	-1005	0	0	0	351.85	40145	40.08	42.94	40.08	43.40	5.04
sh603188	-2890	-1139	0	0	-615.26	38622	16.14	16.15	16.02	16.32	-0.74
sh603960	0	0	0	0	-75.98	4215	27.39	27.26	26.85	27.50	1.15
sh603963	-1789	0	0	0	917.22	45246	30.87	32.49	30.60	33.01	5.80
sz002590	-1134	0	0	0	-237.30	22127	12.66	12.73	12.65	12.95	0.55
sz000603	-3418	0	0	0	-111.91	33533	12.03	11.95	11.86	12.16	-0.67
sh603989	-1996	0	0	0	-1895.95	31327	39.15	38.75	38.26	39.54	-1.20
sh603980	-1286	2597	0	0	-568.96	95396	21.40	21.92	21.31	22.15	1.15
sh600327	-7125	0	0	0	-273.34	19177	7.41	7.43	7.38	7.45	0.27
sh600325	95248	119885	81603	0	4323.80	1794533	8.40	9.05	8.30	9.18	5.85
sh600508	-37	1000	0	0	-120.28	51378	12.43	12.57	12.43	12.65	1.21
sh600054	-1281	0	0	0	58.30	20708	13.78	13.85	13.76	13.91	0.51
sh600056	-1712	1000	0	0	-2067.78	88187	23.30	23.56	23.30	23.85	0.99
sh600057	-6277	3955	2314	0	-34.78	110174	8.23	8.29	8.11	8.34	0.85
sz000732	51704	52420	28612	0	-23287.40	563667	34.48	36.88	34.23	36.88	9.99
sh600618	-907	0	0	0	518.40	48906	11.38	11.65	11.31	11.66	2.10
sz000023	-200	0	0	0	75.74	8362	19.75	20.30	19.75	20.49	2.22
sz300102	-33745	-13338	-4093	0	-2727.06	169020	8.40	8.40	8.31	8.55	-0.59
sh601678	33635	27183	10981	0	-1215.80	374187	8.35	8.85	8.33	8.92	6.37
sz300727	-762	-2813	2114	0	-7101.39	135121	32.30	33.30	32.07	35.23	3.97
sh601588	7114	13893	3951	0	637.56	201021	5.42	5.56	5.37	5.56	2.39
sh603908	0	0	0	0	-46.87	2992	33.86	34.30	33.86	34.46	1.36
sz300031	-2681	0	0	0	-406.09	17036	14.82	14.99	14.77	15.35	0.20
sz300723	-8730	-4674	-2779	0	-2757.70	149208	42.49	41.80	41.73	45.89	-3.62
sz300721	-689	0	0	0	-763.29	37262	36.65	37.69	36.52	38.29	2.20
sz002749	0	0	0	0	-112.39	4175	63.96	65.00	63.90	65.70	1.61
sz002521	-3716	-1000	0	0	-80.01	30101	9.23	9.28	9.12	9.31	0.11
sh603421	-72	0	0	0	-170.97	13659	24.21	25.53	24.21	25.98	2.53
sz002443	-5240	1816	3294	0	-407.99	62077	9.15	9.18	9.13	9.24	0.33
sz002696	-785	0	0	0	-0.44	7060	17.06	17.18	16.98	17.45	0.70
sh600303	-6663	-1004	0	0	42.84	37658	8.95	9.03	8.95	9.04	0.89
sz002699	-231	0	0	0	14.93	7005	17.48	17.48	17.35	17.59	-0.11
sz002444	-23470	-8687	-6980	0	-4636.33	117077	13.20	12.89	12.75	13.35	-2.72
sh603768	-213	0	0	0	19.15	10441	17.60	17.94	17.59	18.02	1.87
sz300647	-582	0	0	0	-89.47	8400	18.23	18.65	18.23	18.82	1.14
sz300640	500	0	0	0	143.81	6862	24.30	24.78	24.16	24.91	2.57
sz002285	48608	63171	26515	0	13979.30	738145	11.17	12.00	11.17	12.20	7.53
sz002071	-20457	-7649	-6363	0	287.19	54043	9.68	9.62	9.39	9.70	-0.93
sh600516	-107662	-48501	-32001	0	2493.10	1155091	30.98	31.44	30.60	31.57	1.03
sh600606	432644	457578	416860	0	17107.00	4212541	9.11	10.13	9.03	10.13	9.99
sz000055	-7991	-1217	0	0	-239.43	45397	6.08	6.11	6.05	6.13	0.66
sz002042	-3681	0	0	0	-69.58	50816	12.12	12.28	12.12	12.60	0.90
sz002645	92	-1182	0	0	-5.84	50636	20.10	20.98	20.05	21.91	4.38
sh603233	-206	0	0	0	-966.81	9421	48.48	47.41	47.03	49.40	-2.21
sh603721	358	0	0	0	41.47	16456	26.20	27.45	26.19	27.77	3.47
sh603728	-3347	0	0	0	-795.06	16924	21.76	22.04	21.65	22.22	0.46
sz002320	8166	4563	5834	0	326.99	134414	21.30	23.10	21.08	23.43	8.45
sz300660	0	0	0	0	27.42	4147	64.07	64.41	63.80	64.98	0.37
sz300665	-424	0	0	0	217.15	13647	26.24	26.99	26.04	26.99	3.09
sh600282	-119221	-81092	-73786	0	-2584.18	651312	4.79	4.81	4.73	4.82	0.63
sz300687	0	0	0	0	243.08	6243	46.19	47.00	46.19	47.43	1.84
sh603388	737	0	0	0	68.47	7890	16.37	16.70	16.22	16.97	2.08
sh600019	-109384	-23999	4420	0	-9837.10	719908	8.82	8.87	8.75	8.89	0.57
sh600727	-1830	1234	0	0	-391.49	64995	8.13	8.19	8.05	8.21	1.24
sh603466	839	0	0	0	-754.47	42899	51.00	54.21	50.70	54.32	3.41
sz300505	-477	0	0	0	380.81	19734	30.55	31.45	30.55	31.47	3.15
sh600260	-3702	0	0	0	-1004.15	37797	29.72	29.69	29.41	29.85	0.47
sh600007	-1442	0	0	0	-281.34	13171	16.80	16.90	16.70	16.96	0.60
sh600466	-19849	34697	53990	0	553.10	924700	12.52	13.10	12.40	13.43	3.64
sz002900	-4326	-1462	0	0	-261.31	100565	31.29	32.88	31.02	33.34	3.85
sz002008	9560	18262	3324	0	-2870.40	339469	54.30	55.95	53.93	56.83	3.76
sh603076	-647	0	0	0	-87.47	32713	36.10	38.40	36.10	38.58	3.98
sz002462	-928	0	0	0	116.98	18908	25.88	26.10	25.86	26.32	0.93
sz002466	-18148	3088	2001	0	-787.30	201292	50.10	50.85	49.71	51.26	0.55
sh603106	6752	10706	6134	0	10964.33	207460	28.45	30.69	27.15	30.69	10.00
sz002910	-6330	-343	0	0	773.75	119913	21.86	22.72	21.65	23.39	3.93
sz000429	-3128	-1902	0	0	-304.69	36624	7.95	8.01	7.86	8.04	0.50
sh603331	1351	0	0	0	403.66	12729	19.03	19.94	19.03	20.07	3.42
sz002456	-46870	1062	-22963	0	-5050.50	838806	18.98	18.25	17.52	18.99	-3.95
sh600029	-166688	-117830	-66412	0	-64242.90	2109130	11.22	10.91	10.67	11.25	-3.62
sz000985	-393	0	0	0	-199.39	6105	19.60	19.50	19.41	19.75	-0.91
sh603557	5422	5382	5382	0	4144.56	67864	15.90	17.52	15.77	17.52	9.98
sh600233	224	1120	0	0	-876.21	27404	16.81	16.72	16.62	16.82	-0.59
sz002620	-442	-5975	-5241	0	1340.43	68059	9.28	9.77	9.24	9.77	5.17
sh603803	-225	0	0	0	-1.72	13236	17.53	17.88	17.53	18.11	1.42
sh600681	-9150	0	0	0	-138.53	56998	13.65	13.41	13.29	13.66	-0.89
sh600684	20229	17564	11959	0	1995.49	407357	6.57	6.95	6.49	7.03	5.62
sh601225	-12510	-10836	-750	0	-3528.46	496933	8.70	8.78	8.65	8.82	1.50
sz300701	-669	-1007	0	0	782.38	33251	37.69	39.86	37.36	39.92	5.73
sh603813	-1995	0	0	0	64.45	62466	29.19	32.00	28.00	32.88	6.17
sh600782	-8892	16150	-5013	0	-2142.08	566031	6.47	6.53	6.38	6.62	1.08
sz002155	-19873	-390	-2236	0	-941.30	142010	9.70	9.73	9.63	9.78	-0.31
sh601155	-8420	-1872	2742	0	3728.20	310994	34.50	36.89	34.15	37.49	5.73
sh600379	-2775	0	0	0	-268.69	15701	11.50	11.48	11.32	11.68	-0.69
sz002087	-18373	-5194	-2082	0	-420.77	58758	5.71	5.72	5.67	5.76	0.18
sz002088	-1003	0	0	0	6.92	27182	13.47	13.70	13.36	13.70	1.48
sh603305	-784	0	0	0	-583.31	16657	34.60	34.17	33.90	34.88	-0.35
sz002394	222	0	0	0	-420.18	13216	12.27	12.31	12.23	12.35	0.57
sh603167	-14070	0	0	0	-573.78	69385	11.78	11.85	11.75	11.90	0.08
sz002572	1785	2774	0	0	3624.90	60114	37.85	39.00	37.73	39.00	2.58
sh601928	-6895	-1455	0	0	-498.78	45628	8.04	8.06	8.02	8.08	0.12
sh603757	0	0	0	0	-298.04	8089	54.01	54.13	53.30	55.35	-0.20
sh600629	-2924	0	0	0	-45.98	10661	14.73	14.75	14.60	14.84	0.00
sz002558	-919	0	0	0	-260.47	21670	35.46	35.40	35.40	36.50	-0.08
sz000676	-995	0	0	0	-400.40	21491	10.89	11.10	10.88	11.20	1.00
sz300637	0	0	0	0	83.43	5940	19.03	19.58	19.03	19.58	2.35
sz002206	-2782	0	0	0	-68.08	32678	5.95	5.94	5.91	6.02	-0.17
sh600509	-4186	1390	2000	0	-304.59	38322	6.71	6.74	6.64	6.76	0.30
sh601127	549	0	0	0	479.23	21006	19.70	19.78	19.67	19.95	0.56
sz300327	-1942	0	0	0	-1260.32	24127	28.62	28.53	28.21	28.72	0.39
sz002690	-1761	0	0	0	-482.50	23694	17.45	17.46	17.37	17.65	0.06
sz002627	367	0	0	0	-275.22	10825	18.03	18.12	17.89	18.19	0.44
sz002603	-27607	-7960	-2769	0	-2002.93	123188	16.92	16.55	16.39	16.92	-1.95
sz000901	-6502	-1054	0	0	-1264.87	50379	22.30	22.11	21.83	22.38	-0.90
sh601628	-25724	-3131	-7286	0	-9308.14	275531	31.33	31.35	30.91	31.44	-0.29
sh600997	-21685	-10418	-2530	0	-115.19	119005	6.08	6.12	6.05	6.16	0.49
sh600999	-13523	-2645	498	0	-11692.94	315944	17.65	18.01	17.38	18.05	1.58
sh600510	56	1000	0	0	333.56	33489	6.80	7.06	6.80	7.08	3.52
sh601117	49619	55853	32726	0	7394.42	530895	7.05	7.37	7.01	7.37	4.99
sz000877	-14746	-4491	-11414	0	25.09	367994	11.33	11.62	11.22	11.77	2.38
sh601800	-1874	357	0	0	-2795.68	113546	12.94	13.17	12.94	13.19	1.62
sh601801	-4033	-1567	0	0	-179.93	30786	10.26	10.17	10.10	10.26	-0.29
sz000050	-17159	-2872	-2906	0	-3525.24	146158	19.13	19.19	18.93	19.50	0.42
sz002238	-3488	0	0	0	-263.24	20803	9.67	9.56	9.50	9.70	-0.83
sz002236	-18446	985	2637	0	6444.56	249008	23.41	23.40	23.10	23.96	-0.09
sz300317	-4495	0	0	0	-877.39	47742	14.04	14.09	13.95	14.29	0.14
sz002757	0	0	0	0	-165.18	2576	36.50	36.55	36.10	37.07	0.55
sz300267	-49004	-16200	-2150	0	-3857.23	231695	6.71	6.63	6.60	6.77	-1.63
sz002682	-1789	0	0	0	-332.55	21530	11.03	10.96	10.88	11.07	-0.63
sz300654	-653	0	0	0	-119.74	11098	31.54	31.57	31.12	32.45	-0.03
sz002531	-7061	117	-21	0	-179.78	134613	7.03	7.16	7.02	7.22	0.99
sz002533	-2474	-1413	0	0	-130.06	11534	6.68	6.69	6.67	6.72	0.15
sh603656	0	0	0	0	-72.62	3035	28.90	29.29	28.90	29.49	1.14
sh600079	-3852	3312	3317	0	576.90	87451	17.73	17.87	17.65	17.87	0.56
sh600076	-36623	-16377	-13596	0	-3236.40	261265	7.08	6.90	6.85	7.15	-3.63
sh603685	-960	0	0	0	642.61	51092	35.52	37.19	35.12	37.60	3.91
sz002820	0	0	0	0	-152.44	3915	24.44	24.60	24.24	24.75	0.78
sz300127	-4522	0	0	0	-736.08	38339	16.40	16.41	16.02	16.58	-0.42
sh600763	-2975	0	0	0	151.49	47902	35.68	36.17	35.11	36.29	1.17
sz300014	-21763	-7721	0	0	-2828.40	143175	17.90	17.95	17.76	18.17	0.67
sz002322	-427	0	0	0	-535.62	16009	17.94	17.88	17.78	17.99	-0.39
sh603398	0	0	0	0	-6.48	8711	16.10	16.30	16.05	16.45	1.24
sz300662	-1198	0	0	0	499.19	25627	25.83	26.41	25.81	28.41	2.25
sh603086	0	0	0	0	-81.21	4578	35.88	36.33	35.62	36.45	1.94
sh603660	-489	0	0	0	-64.06	10475	32.70	32.95	32.50	33.10	0.64
sh600060	9020	8706	2266	0	202.85	195570	15.91	16.34	15.91	16.61	1.93
sh600068	-9278	-4750	-8083	0	-1369.30	337540	8.29	8.43	8.25	8.45	1.69
sz002818	2902	1349	2600	0	1440.54	35109	30.55	32.40	30.50	32.50	5.95
sz002815	0	0	0	0	-238.91	6809	29.68	29.68	29.65	29.96	-0.30
sz300683	0	0	0	0	154.07	6229	52.00	52.74	52.00	53.28	1.42
sz000417	-7265	0	0	0	-1101.72	49239	7.84	7.94	7.83	7.96	1.28
sz000789	-25971	-2836	-2353	0	-8130.00	551648	12.43	12.62	12.36	12.69	1.86
sh601006	-133894	-35441	-20512	0	-14925.30	907952	9.66	9.66	9.55	9.75	0.10
sh601000	25894	44807	23742	0	6892.89	523044	4.90	5.05	4.86	5.09	2.85
sz002705	-3125	0	0	0	-137.27	13373	12.42	12.30	12.25	12.59	-0.89
sz002563	2615	8077	2002	0	1136.98	99129	8.63	8.90	8.55	9.06	3.01
sz300510	-230	0	0	0	-160.18	5728	26.20	26.10	26.03	26.45	-0.38
sz002335	-265	0	0	0	-216.06	7912	30.23	30.53	30.23	30.65	0.36
sz300512	-243	0	0	0	-125.12	6650	17.00	17.11	16.90	17.30	0.65
sz300670	-80	0	0	0	351.76	16806	21.06	22.43	21.06	22.44	5.31
sz300673	0	0	0	0	-8.66	4182	41.06	41.51	41.02	41.65	0.61
sz002026	-3718	-2026	0	0	-57.22	40384	7.78	7.78	7.74	7.85	-0.26
sh603090	-222	0	0	0	-46.06	5896	19.03	19.36	19.03	19.45	0.73
sz002244	101914	114833	71995	0	7382.80	780131	8.15	8.67	8.08	8.94	5.73
sz002241	-85245	-41786	-25305	0	-13478.86	469915	16.30	15.78	15.62	16.30	-3.43
sz000662	2595	2595	2595	0	-224.27	9040	14.85	14.75	14.70	14.94	-0.67
sz002807	-7901	-2833	-6852	0	84.41	90008	7.88	7.98	7.80	8.03	0.76
sh600389	-3252	0	0	0	-536.47	24869	17.82	17.68	17.40	17.86	-1.34
sz000400	-30735	-9109	-2165	0	-4866.60	112703	12.59	12.31	12.26	12.68	-2.15
sh600121	-5134	0	0	0	-106.99	33605	6.13	6.21	6.13	6.22	0.81
sz000796	-1426	0	0	0	-183.46	27853	12.80	12.87	12.60	12.94	0.63
sz000887	-2042	0	0	0	-1130.20	50294	17.72	17.83	17.65	18.08	0.22
sz000888	-2725	296	0	0	869.12	49161	10.32	10.39	10.28	10.42	0.48
sz000531	-1065	0	0	0	19.88	13041	7.76	7.78	7.72	7.80	0.26
sh601137	-976	0	0	0	131.07	28001	11.85	11.86	11.74	12.04	0.42
sz300219	3633	6528	2817	0	-57.49	44642	11.58	11.75	11.42	11.98	1.47
sz300502	-3153	0	0	0	305.23	37083	23.80	23.71	23.48	24.15	1.02
sh603260	-2882	-2500	0	0	1551.68	95703	57.77	60.98	57.76	61.35	2.16
sz300445	-825	0	0	0	130.36	5556	15.05	15.46	15.05	15.54	1.38
sh603266	0	0	0	0	89.85	4781	24.99	25.72	24.80	25.75	2.47
sh603268	0	0	0	0	79.21	2952	26.50	27.09	26.34	27.34	-0.04
sh603060	-81	0	0	0	-26.07	11006	21.68	22.29	21.63	22.40	3.10
sh603283	-10531	-8871	-7971	0	320.99	231803	33.40	34.31	32.70	36.90	0.67
sz002273	-25048	-6165	-6274	0	-5459.06	160696	21.25	20.63	20.39	21.37	-2.46
sh603608	-474	0	0	0	5.55	14055	10.68	10.74	10.62	10.78	0.28
sh603609	3782	-10	0	0	-194.01	59322	8.88	9.13	8.77	9.39	2.82
sh603179	-13519	-10457	-10530	0	1334.34	37318	34.80	36.18	34.01	36.18	10.00
sh603110	-7715	-1517	0	0	-4432.35	113287	29.00	30.86	28.92	31.86	2.46
sh601607	-8692	1764	0	0	33.90	235339	25.45	25.82	25.23	25.88	1.65
sz002561	-2441	0	0	0	-112.61	15636	11.66	11.76	11.59	11.85	0.60
sh601515	-2834	-1311	0	0	-72.75	13296	9.71	9.71	9.65	9.73	-0.10
sz002313	234	0	0	0	-1053.53	36923	30.55	30.93	30.48	31.65	0.91
sz300450	-1778	0	0	0	-3823.04	41710	56.25	55.05	54.45	57.50	-2.06
sz002007	-8252	-1073	0	0	-3338.65	52306	27.77	27.38	27.32	27.77	-1.05
sz002864	-3597	-2090	-2090	0	-261.26	101596	35.84	38.90	35.28	40.40	5.59
sz002861	0	0	0	0	77.65	9112	25.41	25.79	25.41	26.04	1.74
sh600101	-2371	-1044	0	0	-110.48	20580	8.96	9.01	8.95	9.04	0.45
sh600033	-31020	-8018	-5446	0	172.57	110651	3.67	3.67	3.65	3.68	0.00
sh600741	-25015	-1339	-810	0	-5635.49	276677	27.35	26.95	26.82	28.08	-1.53
sz300182	-42794	-19403	-12507	0	-1921.78	163143	9.26	9.17	9.08	9.29	-0.76
sz300236	-4223	0	0	0	-594.04	35457	28.21	28.75	28.20	28.95	1.02
sz300233	-2119	0	0	0	155.45	20692	17.58	17.39	17.27	17.67	0.29
sz002672	-5393	-1412	0	0	542.61	54442	15.50	15.55	15.33	15.73	-0.26
sh600809	-2926	1006	0	0	77.40	126467	61.10	63.50	60.50	66.60	3.57
sh600804	-12139	-3970	0	0	-1843.24	61479	16.59	16.60	16.40	16.62	0.18
sh600803	-33723	-9513	-4181	0	-3622.08	183776	14.74	14.40	14.20	14.83	-2.37
sz002581	-1830	0	0	0	-637.27	15701	18.11	18.21	18.08	18.40	0.11
sz002853	-552	0	0	0	313.03	42012	32.30	33.66	31.50	34.18	3.73
sz002856	6159	9787	6077	0	14934.94	112955	46.68	47.85	46.20	49.68	1.83
sh601992	35594	58936	66632	0	7348.69	1013017	5.77	6.07	5.76	6.07	4.12
sh603133	-209	0	0	0	256.60	11506	31.33	31.33	30.86	31.60	0.55
sh600115	-85147	-28288	-56502	0	-24217.00	1316257	8.18	8.05	7.91	8.19	-2.42
sz000988	-49150	-13903	-3000	0	-6091.32	162742	16.06	15.73	15.58	16.15	-1.69
sh601377	-9110	4115	-1519	0	-428.57	265403	7.29	7.41	7.27	7.43	1.65
sh600750	3378	18	0	0	421.55	65194	26.37	27.26	26.21	27.38	3.34
sh600758	-11346	-2659	0	0	-714.91	72076	7.27	7.31	7.24	7.36	0.55
sz002677	402	0	0	0	-118.04	30753	17.18	17.28	17.04	17.53	0.47
sz000338	136482	141029	103526	0	21811.80	1461270	8.59	9.00	8.55	9.08	4.77
sz300083	-31735	-8249	-7269	0	-1244.05	205944	6.92	6.81	6.77	6.97	-1.59
sh603456	-1078	-1017	0	0	223.70	13287	15.11	15.37	15.10	15.40	0.99
sz300550	0	0	0	0	-105.22	2496	29.91	30.18	29.80	30.25	0.77
sh603580	-448	0	0	0	76.06	7176	29.22	29.85	29.15	29.96	2.16
sh603589	4615	1003	0	0	3358.18	79556	49.12	51.92	48.50	52.50	5.36
sz300722	-1036	0	0	0	867.18	49095	34.69	36.48	34.41	37.11	5.80
sh603630	0	0	0	0	55.37	6822	26.55	26.82	26.55	26.96	1.06
sz002440	-5464	-5760	-3589	0	2175.60	100379	19.37	19.71	19.23	19.73	0.97
sz002111	-696	-1146	0	0	520.07	44459	14.77	14.98	14.57	15.06	1.49
sh600345	-3098	-70	0	0	-1983.45	100987	30.04	30.51	29.91	30.87	1.23
sh601988	17933	14463	-11856	0	5301.50	2602451	4.17	4.22	4.16	4.23	0.96
sz000990	-2059	0	0	0	-899.78	44322	17.00	16.82	16.69	17.37	-2.04
sz001979	86682	98960	62135	0	24104.40	989301	22.30	23.93	22.20	23.93	10.02
sh601966	-2163	0	0	0	191.99	36498	17.97	18.00	17.81	18.01	0.00
sh601567	655	0	0	0	72.12	17301	9.59	9.53	9.50	9.61	-1.04
sh601566	-5614	-1030	0	0	-1000.21	27179	13.97	13.96	13.86	13.98	0.22
sz300545	-478	0	0	0	-1399.53	11250	60.20	54.11	54.09	60.47	-9.97
sh603648	6858	6800	2207	0	1312.00	211546	21.60	22.78	21.38	23.33	4.69
sh600515	-3221	-3928	-5267	0	1521.45	103310	12.58	13.07	12.50	13.32	5.15
sh600511	69	0	0	0	-607.63	34777	27.01	27.37	26.88	27.49	1.33
sz300138	-593	0	0	0	-320.54	11657	12.25	12.27	12.19	12.38	-0.08
sz300003	-265	2328	0	0	3769.75	135592	24.23	24.41	24.22	25.17	0.00
sz002753	-2005	0	0	0	-383.61	21003	19.79	19.62	19.51	19.90	-1.60
sz002759	-2001	0	0	0	-635.99	43875	16.48	16.00	15.74	16.48	-2.56
sz300265	-1786	0	0	0	-30.06	8312	8.98	8.84	8.79	8.99	0.34
sz300498	44701	32809	14420	0	-1828.40	253737	26.05	26.97	26.05	27.29	4.13
sh603722	-6051	3323	0	0	5758.62	87858	39.13	43.40	39.10	43.40	10.01
sz002220	-1333	0	0	0	-15.07	13610	7.39	7.43	7.39	7.46	0.00
sh603659	-2297	0	0	0	-1099.70	44358	50.06	48.81	48.37	50.77	-3.14
sh603658	0	0	0	0	85.45	5811	48.56	49.96	48.56	50.48	3.01
sz000681	-23080	-3822	0	0	-1768.45	103325	19.05	18.76	18.39	19.19	-1.52
sh601107	-3492	1903	0	0	64.39	35959	4.14	4.17	4.13	4.17	0.48
sh601811	429	0	0	0	-29.19	13116	12.47	12.53	12.42	12.61	0.97
sz300017	-29863	-1887	-14812	0	-560.90	559918	11.35	11.52	11.27	11.61	0.96
sh603535	101	0	0	0	157.00	25638	24.70	25.59	24.58	25.99	4.02
sz300274	-26337	-2490	0	0	-2039.96	165492	16.25	15.95	15.71	16.38	-1.85
sh603883	-595	0	0	0	-759.75	11986	62.38	61.38	61.10	62.50	-0.95
sh603663	-200	0	0	0	-11.01	3625	19.70	19.85	19.65	19.96	0.86
sh600449	-3645	-1892	0	0	-324.92	80337	11.62	11.93	11.60	11.93	2.76
sh601398	388249	377237	388726	0	17374.50	3820653	6.43	6.59	6.38	6.59	2.49
sz000524	-393	0	0	0	15.96	8127	11.18	11.27	11.12	11.34	1.35
sz300068	-54630	886	4422	0	-9456.68	330187	14.30	14.20	14.05	15.07	-9.03
sz002567	-6841	1	0	0	-360.26	98646	7.33	7.67	7.33	7.79	3.23
sz300203	-9180	0	0	0	-671.04	76584	31.31	31.09	30.80	31.90	-1.05
sh603416	-300	0	0	0	-199.46	5010	30.75	30.95	30.60	31.45	0.52
sz300519	-1450	0	0	0	-263.78	35280	20.28	21.87	20.17	21.88	3.50
sz002790	0	0	0	0	-100.99	2906	26.05	26.10	26.04	26.30	0.04
sh603679	-219	0	0	0	-75.40	4357	24.53	25.06	24.52	25.20	-0.08
sz002805	0	0	0	0	-672.76	7592	26.81	26.93	26.81	27.19	-0.11
sz300697	-4237	287	0	0	-539.48	116316	25.30	26.97	25.28	27.50	3.14
sh600658	3477	2136	0	0	1332.49	68058	10.85	11.25	10.81	11.30	4.36
sh600125	-50011	-15968	-9515	0	-4706.06	293258	10.15	10.03	9.89	10.25	-0.59
sh600655	3334	3115	0	0	-120.04	68445	11.33	11.53	11.29	11.54	1.86
sz000089	-6420	-8932	-2488	0	2191.50	162545	8.64	8.70	8.60	8.74	0.58
sh600723	182	0	0	0	-133.63	13544	8.25	8.30	8.23	8.35	0.61
sh600872	-3068	0	0	0	471.88	37259	26.81	27.63	26.73	27.69	2.03
sz002385	19821	12272	16591	0	6685.32	488445	6.60	6.76	6.52	6.84	3.05
sz300443	-284	0	0	0	-146.48	7553	15.77	15.73	15.56	15.92	-0.25
sh600269	-4562	-1537	-3553	0	-648.95	88806	5.14	5.17	5.13	5.17	0.58
sz002275	764	1000	0	0	46.64	8843	15.99	16.08	15.93	16.13	0.56
sh603607	-898	0	0	0	-1089.38	71000	43.80	46.22	42.79	47.00	5.48
sz000650	-20168	-5430	-6732	0	-810.39	63752	5.28	5.29	5.24	5.32	-0.38
sh600395	-23064	-11389	-2694	0	-806.19	91518	6.85	6.83	6.77	6.91	-0.15
sh600649	8243	9013	5030	0	2196.94	195578	8.90	9.31	8.90	9.34	4.37
sh600642	-10489	-2923	-2000	0	571.67	141592	5.83	5.91	5.83	5.93	1.03
sh600480	-3811	0	0	0	-493.31	37638	15.29	15.44	15.29	15.55	0.39
sh601020	-539	0	0	0	-275.95	17597	19.41	19.39	19.28	19.70	0.10
sh603500	-3312	0	0	0	-1423.32	75419	27.38	28.58	26.85	29.80	5.46
sh601601	-43087	-10755	101	0	-25344.00	453278	42.34	41.65	41.31	42.45	-1.88
sh600736	12786	6040	0	0	780.83	172852	6.35	6.62	6.35	6.66	6.26
sz300043	-9519	-2929	-5022	0	-436.64	75844	6.19	6.28	6.12	6.37	0.80
sz300046	-2420	0	0	0	-507.61	41778	19.45	19.53	19.16	19.85	0.41
sh600012	-3579	0	0	0	-483.29	22878	10.85	10.99	10.85	11.08	0.73
sz300196	-2402	0	0	0	293.98	35568	13.46	13.74	13.45	14.12	2.92
sz300190	145	0	0	0	-21.04	16478	11.20	11.29	11.17	11.30	0.71
sh600382	1205	0	0	0	-229.89	20465	12.71	12.85	12.71	12.88	1.10
sz002315	0	0	0	0	-59.16	10133	21.45	21.51	21.35	21.87	0.51
sz300532	-508	0	0	0	-40.31	9098	22.79	23.44	22.79	23.45	1.69
sz300530	0	0	0	0	43.89	2016	34.45	34.83	34.28	35.40	1.60
sh600820	-19394	-11440	-9828	0	-639.24	101164	8.21	8.26	8.19	8.26	0.61
sh600816	-10846	1759	0	0	-1744.78	79283	12.91	12.93	12.87	13.04	0.15
sz300452	-730	0	0	0	-1386.39	19076	27.10	26.25	25.81	27.30	-3.14
sh603278	114	0	0	0	-490.16	91946	24.03	24.95	24.03	25.32	2.63
sh600479	-2370	0	0	0	-325.22	31017	13.73	13.95	13.47	14.02	1.60
sz002869	137	2184	0	0	2106.29	23490	28.81	31.64	28.72	31.64	10.01
sh603103	0	0	0	0	688.61	25475	26.16	26.89	26.16	26.97	2.71
sh603101	-723	0	0	0	-20.55	8533	12.83	13.11	12.80	13.14	1.71
sh600036	-61696	-5614	-6465	0	-13892.90	652819	31.80	31.89	31.54	32.28	-0.16
sh600746	-1731	0	0	0	-115.29	15176	8.01	7.97	7.88	8.03	0.25
sz300055	-22903	-8067	-5549	0	-4535.27	140739	18.80	18.95	18.47	18.98	0.80
sz300230	-511	0	0	0	166.61	15189	12.38	12.40	12.32	12.49	0.08
sz000701	691	0	0	0	125.79	27494	9.81	9.84	9.73	9.88	0.41
sz300494	-1853	0	0	0	-246.99	21591	16.67	16.82	16.60	16.99	1.33
sz002537	-3318	-1594	0	0	86.74	87436	10.70	10.74	10.53	10.84	2.19
sh601998	-40476	-24304	-5053	0	-1087.87	738254	6.94	7.00	6.89	7.08	0.43
sh603136	0	0	0	0	187.52	13593	41.51	43.44	41.40	43.49	4.25
sh600026	-6383	1789	0	0	-15.50	78870	6.09	6.13	6.08	6.13	0.66
sz002223	-5530	0	0	0	-503.18	42466	20.72	20.60	20.41	20.79	-0.58
sz300088	-35096	-16371	-17827	0	-6978.92	486547	7.21	7.24	7.17	7.45	0.84
sz002664	-1855	0	0	0	-1124.24	20037	26.15	25.27	25.06	26.26	-3.55
sh603708	2560	0	0	0	223.31	40156	20.50	20.97	20.10	21.14	1.80
sz300439	-1151	0	0	0	-198.92	10387	18.23	18.28	18.19	18.45	0.22
sz002068	-10395	-6782	-5782	0	-493.06	61593	9.87	9.97	9.70	10.08	0.81
sz002067	-11852	2456	105	0	-179.16	154511	5.94	6.06	5.91	6.06	2.02
sz002502	8608	0	0	0	-415.04	33974	8.28	8.30	8.25	8.38	0.12
sz002287	-200	0	0	0	-210.14	6504	34.95	35.33	34.73	35.64	0.94
sh601985	65947	68971	42947	0	3358.71	252103	7.25	7.38	7.23	7.38	1.79
sh600768	-1990	0	0	0	-254.58	12132	13.61	13.66	13.50	13.78	0.59
sh600563	-2715	0	0	0	1945.73	25861	46.17	46.18	45.91	46.75	-0.77
sz002617	-9127	-1050	0	0	-1684.07	30634	15.70	15.61	15.41	15.73	-0.19
sz300547	-537	0	0	0	-1677.65	10477	51.10	49.90	49.89	51.10	-3.13
sz300548	-215	0	0	0	25.96	6500	43.44	43.74	43.30	44.36	0.90
sh600827	-1032	2630	0	0	-321.20	59639	13.00	13.10	12.98	13.16	0.46
sz300408	-24426	-13939	-5280	0	-9340.20	212966	20.23	20.13	19.81	20.49	-1.80
sh600828	5808	4081	0	0	232.10	33730	6.19	6.32	6.15	6.34	1.44
sz002053	-4448	0	0	0	826.33	46824	11.45	11.43	11.40	11.52	-0.61
sh603025	0	0	0	0	-22.29	11374	30.28	30.91	30.01	31.18	1.88
sh603026	-1063	0	0	0	-580.69	17972	23.44	23.30	23.01	23.56	-0.04
sh603020	-1920	0	0	0	-286.80	10646	11.72	11.74	11.68	11.80	0.17
sz300711	-4199	-2980	0	0	-56.38	112451	27.78	29.62	27.43	30.58	4.30
sh603336	-510	0	0	0	359.98	17662	20.35	21.60	20.35	21.65	4.30
sh600350	16805	20526	10034	0	-37.63	166797	6.12	6.20	6.10	6.21	1.47
sh603806	-591	0	0	0	459.54	8961	34.01	34.00	33.90	34.46	-0.85
sz002548	-599	0	0	0	47.04	13141	10.52	10.50	10.42	10.65	1.45
sh603158	-977	0	0	0	-184.70	4741	18.20	18.08	17.99	18.39	-0.88
sh603159	0	0	0	0	-87.94	7954	24.36	24.59	24.30	24.87	0.00
sh600177	41920	37462	19801	0	6837.64	283007	9.44	9.78	9.44	9.79	3.60
sh600171	-19983	-3244	0	0	-705.54	197393	13.98	14.18	13.97	14.27	0.50
