sh600340	-9688	-9233	-6786	-3494	6003.62	151658	31.03	31.06	30.96	31.38	0.10
sz300497	68	0	0	0	-131.93	6820	34.00	33.78	33.76	34.15	-1.08
sz002849	0	0	0	0	-139.10	5303	28.44	28.27	28.20	28.89	-1.08
sz000157	-45258	-46808	-41593	-26790	-2700.60	656081	4.45	4.41	4.40	4.50	-1.78
sz002847	-441	-241	0	0	0.76	11782	25.41	25.55	25.41	26.08	0.55
sz002846	1756	-1801	-2809	-1165	-101.28	79627	16.83	17.38	16.70	18.40	2.84
sz300281	3772	4208	1808	1308	479.48	22129	12.61	12.90	12.31	12.92	2.38
sz300282	34	-392	-291	0	212.46	13436	17.02	17.35	16.80	17.37	1.94
sh601985	-15821	-11045	-3317	355	191.64	139890	7.28	7.25	7.22	7.30	-0.55
sz000090	-6793	-7120	-3617	-1433	-272.99	40889	10.02	9.94	9.92	10.10	-1.00
sh601988	-34223	-34345	-39805	-45059	-7195.10	1561340	3.95	3.92	3.89	3.98	-0.76
sh603839	1530	1275	675	0	-399.75	20324	23.72	23.86	23.72	24.15	-0.21
sz300289	-9234	-7240	-3700	0	-722.65	32181	9.57	9.30	9.30	9.61	-3.13
sz000902	-2576	-2805	-4293	-2154	400.55	34156	9.59	9.68	9.51	9.78	0.31
sz002536	-996	-449	-500	0	425.06	25743	14.23	14.06	14.03	14.28	-0.99
sh603320	-847	220	0	0	-108.11	19098	25.43	25.53	25.38	26.20	0.67
sh600168	-5732	-5178	-1678	0	-278.46	17140	8.39	8.32	8.31	8.39	-1.19
sh601588	7342	9527	3000	-848	300.32	92561	5.59	5.71	5.59	5.72	1.42
sh600518	-17794	-13441	-7058	-3968	-2149.56	111467	22.07	21.62	21.60	22.07	-2.13
sh603648	4498	1948	-1677	-2693	-11612.80	336725	21.00	21.38	20.89	22.45	4.29
sh600993	-11278	-8331	-5463	-3158	-2609.66	46249	20.54	20.25	20.21	20.57	-1.79
sh600995	-4748	-2487	0	0	-128.90	21705	9.10	9.06	9.05	9.15	-0.98
sz000096	350	-175	-639	0	398.83	9943	13.02	13.41	13.00	13.41	0.30
sh600997	13592	12971	7106	8156	-226.06	211645	5.96	6.05	5.96	6.21	1.17
sh603129	-395	-244	0	0	-442.87	19529	26.30	26.24	26.13	26.89	-0.64
sh600998	-5591	-4081	100	0	-702.09	20796	18.76	18.51	18.41	18.76	-1.28
sz002233	13486	13277	5052	2352	463.78	108410	11.68	11.71	11.62	11.85	0.26
sh600233	-1646	-470	0	0	-29.02	16526	16.88	16.74	16.73	16.99	-1.18
sh600048	-5421	-1850	138	2228	-739.40	1073453	13.70	13.65	13.46	13.95	-1.44
sh601188	2628	3481	1118	-2010	12.98	25901	4.11	4.11	4.09	4.17	0.00
sh600690	4099	-2822	-9464	-8069	-11606.57	445365	19.05	18.49	18.44	19.20	-3.14
sh600516	38567	37776	30807	28362	-17775.50	1566898	29.10	28.69	28.35	30.33	-0.90
sh600511	-5086	-4193	-1195	0	381.77	31409	27.74	27.59	27.46	27.84	-0.47
sh600510	-1451	-1283	-517	0	-30.13	7238	6.57	6.55	6.54	6.61	-0.46
sz002620	-1234	-1188	-816	0	155.02	24278	9.37	9.39	9.35	9.65	0.11
sh600379	4147	2857	1741	0	115.34	13977	10.35	10.64	10.35	10.65	1.82
sz300214	4044	4387	6281	-1129	72.79	105376	4.85	4.88	4.81	4.96	0.21
sh603369	-7309	-6450	-2294	-1369	80.69	83598	15.28	15.11	15.04	15.38	-0.59
sh600629	-352	0	0	0	-126.01	5749	15.10	15.07	15.03	15.24	-0.86
sh600196	-18093	-15413	-9619	-6668	-5446.50	204427	44.50	43.65	43.20	44.55	-2.70
sh600094	-5369	-3571	-1643	-1000	-7.40	18114	6.94	6.88	6.87	6.96	-1.57
sh600580	-4810	-2312	-284	997	242.44	112944	8.05	8.13	7.95	8.13	1.12
sh601111	-48775	-46237	-35492	-27952	8344.30	502488	12.20	11.97	11.89	12.20	-3.08
sh601116	-2595	-1340	-516	0	-562.01	44739	20.99	20.72	20.67	21.19	-1.57
sz000626	-3614	-1705	0	0	-59.22	21741	13.38	13.13	13.13	13.38	-1.94
sh600589	-7409	-6785	-4122	0	-222.78	23474	6.23	6.13	6.12	6.26	-1.45
sh603167	-24189	-14965	-6725	-4980	-1893.17	103929	11.97	11.53	11.48	12.10	-3.43
sz002896	-605	1036	676	0	-587.97	21197	44.31	43.00	43.00	44.70	-0.81
sh600600	2125	-761	-2205	0	2898.00	88432	40.51	39.81	39.41	40.90	-2.90
sh600603	-4538	-5474	-4406	-2413	-46.48	29049	6.67	6.68	6.58	6.73	0.15
sz002496	-10686	-11233	-5859	-6284	1351.64	131525	5.11	5.17	5.08	5.29	1.17
sh600606	63863	64566	53544	44630	5457.80	897295	7.25	7.29	7.22	7.36	0.28
sh603466	612	129	0	0	-239.91	41325	52.94	52.55	52.36	54.50	0.08
sz002499	389	1139	500	0	-36.18	11011	20.14	19.97	19.56	20.25	-0.79
sh600565	-17978	-16363	-10460	-462	226.70	214916	3.95	3.94	3.93	4.02	-0.51
sh600567	-44999	-55728	-56994	-60736	-5947.77	600602	4.30	4.29	4.26	4.34	-0.46
sz002889	-1707	-2549	-3205	0	-1143.83	49340	28.30	27.96	27.71	28.65	-1.31
sz000878	-6725	-4935	-7957	-3892	5066.52	435248	13.30	13.44	13.16	13.74	1.05
sz002301	695	169	-700	0	191.34	16645	17.55	17.80	17.38	17.91	1.48
sz002658	-3172	-2524	-922	0	-489.14	25608	13.10	12.91	12.82	13.17	-1.97
sz300502	-5989	-4175	-1588	0	-1665.66	38569	30.56	29.16	29.07	30.68	-4.27
sz002891	-1847	-923	0	0	-192.55	8742	35.86	35.50	35.49	35.97	-1.06
sz000877	9892	11855	5973	-7488	1461.17	263206	10.39	10.47	10.31	10.80	1.45
sh600626	-4942	-5672	-2276	-1000	-283.15	34211	7.63	7.56	7.50	7.70	-1.18
sz000055	-11269	-10907	-6436	1098	-978.33	47167	6.00	5.94	5.93	6.06	-0.83
sz002081	-35398	-29969	-18172	-9412	-6800.87	226583	15.50	14.99	14.99	15.62	-3.41
sz300130	-4591	-4078	-2792	-1192	98.44	28384	23.74	23.05	23.00	23.74	-2.33
sz300136	-5368	-6007	-3418	-1516	-4220.53	90771	51.00	49.78	49.61	51.47	-3.21
sz002087	-6918	-5749	-4211	-542	80.98	64400	5.76	5.78	5.73	5.82	0.17
sz002088	-5498	-5458	-455	0	-2277.96	39927	12.78	12.59	12.50	13.06	-1.49
sh600883	-579	150	-510	0	3.08	9298	9.40	9.40	9.33	9.54	-0.11
sh601100	-1150	-29	-1148	0	373.12	49531	28.08	27.96	27.51	28.79	-1.65
sh600693	-2530	-2072	-2205	-1306	-90.97	19780	10.16	10.07	10.05	10.23	-1.27
sh600093	-2157	-4331	-2577	-1993	-214.05	54083	10.70	10.64	10.56	10.75	-0.47
sh600306	-1811	-1663	0	0	38.95	31058	10.76	10.86	10.67	10.91	0.46
sh600867	-13446	-12549	-7110	-5506	-519.78	97319	23.36	22.67	22.58	23.58	-3.82
sh603309	496	86	0	0	41.52	9253	17.60	18.24	17.60	18.25	3.64
sh603266	105	0	0	0	-50.23	4234	25.40	25.32	25.15	25.40	-0.35
sz002043	-18369	-12128	-7283	-5259	-1238.04	118264	12.07	11.68	11.65	12.07	-3.15
sz002155	-14142	-10279	-10085	-6321	-513.34	154379	9.31	9.24	9.21	9.47	-0.43
sh603269	406	200	0	0	172.27	9980	23.28	23.40	23.06	23.47	0.95
sh600122	9656	10501	15265	8556	360.97	68671	9.65	9.68	9.60	9.83	0.10
sz002016	-221	904	-605	2670	156.73	82665	10.13	10.22	10.13	10.36	0.10
sh603063	-2701	-1474	0	0	-139.21	16439	18.00	17.91	17.85	18.15	-1.38
sz002394	-1161	-784	0	0	-56.17	12945	11.98	11.95	11.93	12.05	-0.25
sh600303	2226	2485	1433	345	-177.49	101538	9.02	9.35	8.91	9.73	3.54
sz002390	-11140	-8676	-3174	-2399	111.06	40941	8.06	8.09	8.00	8.09	-0.12
sz002393	-2160	-857	-570	0	-769.09	7941	31.60	31.03	31.02	31.60	-1.62
sz002019	-25968	-22196	-8490	-1479	-5634.69	191022	23.00	22.15	21.96	23.08	-2.85
sh603289	-6498	-4621	-1579	0	-558.98	103604	19.26	18.87	18.83	19.53	-2.53
sh600260	-1112	-841	-316	0	2328.43	45391	28.68	28.88	28.63	29.04	-0.62
sh600266	8269	9401	3077	335	1874.24	64314	12.84	13.03	12.81	13.15	1.09
sh600269	-16882	-15108	-8934	-2207	24.17	47771	5.08	5.05	5.04	5.08	-0.59
sz002482	-5129	-4415	-4791	-2922	-437.66	31072	7.92	7.87	7.82	7.94	-0.13
sh600138	-3561	3194	-2582	-3059	9127.54	272051	19.72	20.57	19.72	21.20	4.95
sz300001	1230	1203	785	-1079	212.05	30036	13.42	13.62	13.34	13.66	1.79
sz000301	-2298	-2532	121	-270	107.20	62737	5.18	5.20	5.15	5.26	0.39
sz300611	-912	-291	0	0	-111.39	10532	14.67	14.42	14.39	14.71	-1.03
sz002279	-8368	-6910	-1242	0	-731.47	47627	10.25	10.19	10.10	10.40	-1.45
sz300615	-1246	-263	0	0	-574.45	13683	31.97	31.38	31.35	31.98	-2.43
sz300619	-1008	-293	0	0	-449.32	26272	44.79	45.70	44.79	47.80	1.47
sz002271	-1054	-1468	488	0	678.51	37162	39.54	39.00	38.90	39.98	-1.96
sh600337	2746	640	851	-1357	-184.47	37046	5.85	5.84	5.77	5.91	0.52
sh603605	3659	1706	-9	-1060	-1431.44	95733	28.20	28.46	27.89	29.48	0.21
sz002572	608	2646	1124	1148	3351.25	68178	35.93	36.05	35.68	36.30	0.75
sh603603	2904	1624	0	0	-100.95	42237	34.55	35.77	34.40	37.70	4.10
sz000429	5170	-147	-1749	-1314	-361.50	39984	8.07	8.03	8.03	8.12	-0.50
sz002472	-14541	-9845	-4467	0	-607.00	33409	9.90	9.78	9.74	9.94	-1.11
sh603767	1171	737	516	0	76.10	39496	15.42	15.58	15.28	15.98	0.19
sh600007	-111	0	0	0	27.34	3341	17.10	17.08	17.01	17.18	0.18
sz000657	3074	3711	2312	1096	208.20	38239	11.99	12.12	11.92	12.39	1.08
sh603127	-337	0	0	0	-100.87	11732	55.23	54.15	54.03	55.99	-2.70
sh600419	-462	-227	0	0	-207.22	5513	45.69	44.66	44.58	45.96	-1.37
sh603178	-616	-136	539	0	-199.69	21747	14.65	14.68	14.62	15.08	-0.68
sz002875	115	0	0	0	52.48	7805	26.54	26.30	26.28	26.72	-1.20
sh600395	33635	28739	21021	15200	674.71	177158	6.59	6.71	6.57	6.89	1.67
sz002877	43	-542	0	0	224.39	28008	23.40	23.60	23.25	24.11	0.51
sh600392	-5065	-6361	-4923	-278	1646.10	653839	16.53	16.94	16.49	17.56	1.50
sz002872	-1435	-271	0	0	-245.35	14122	30.23	30.15	30.00	30.56	-0.89
sz002878	-312	-200	0	0	-265.24	12514	36.33	36.08	35.88	36.71	-1.80
sh603012	-4411	-2227	0	0	-12.30	11923	7.38	7.31	7.30	7.43	-0.95
sz000959	10752	3980	831	1000	129.62	67299	5.82	5.82	5.79	5.92	0.17
sh600098	-21135	-18915	-13451	-10022	-990.43	57524	7.08	7.02	6.97	7.09	-1.13
sz300094	2125	1651	0	0	230.84	25363	6.75	6.81	6.70	6.89	0.89
sz300097	-8188	-5705	-599	0	-2187.01	66158	29.71	28.49	28.10	29.99	-4.11
sz002909	-407	1089	-1032	-1032	-776.58	50220	20.47	20.47	20.45	21.45	-1.25
sz000951	-3040	-970	-1477	0	437.59	72490	17.30	17.19	17.15	17.58	-1.32
sz000952	896	133	-616	0	467.19	21060	14.57	14.68	14.46	14.80	0.75
sh600090	-2843	-2898	-2354	500	-87.29	29072	8.04	7.94	7.89	8.04	-0.38
sz000957	-11674	-9546	-8226	-9804	3367.55	233076	10.45	11.59	10.45	11.59	9.96
sh600231	3985	6024	6417	17156	1876.92	320509	5.05	5.10	5.00	5.18	0.99
sh603118	-4476	-2020	-594	0	-113.55	28861	8.63	8.60	8.58	8.81	-0.81
sz002888	-2500	-1924	-847	0	-1144.83	25286	27.13	26.99	26.36	28.38	-1.06
sh600308	-9579	-9293	-4811	-2085	-734.39	78265	6.18	6.13	6.12	6.25	-1.13
sh600463	-1954	-1262	-1200	0	-112.94	10144	11.01	11.03	10.92	11.09	0.27
sz002881	-411	0	0	0	-210.50	15411	30.89	30.42	30.22	30.97	-1.81
sz002880	0	0	0	0	-547.96	6690	54.52	53.89	53.89	54.91	-1.82
sz002883	-13	0	0	0	-384.51	9740	43.45	43.10	42.78	43.95	-0.78
sh603113	3675	257	42	0	979.83	58484	22.05	22.40	22.05	22.95	1.50
sz002885	288	223	0	0	-6.16	11089	33.64	33.88	33.64	34.29	0.24
sz002884	15	0	0	0	-212.12	6448	51.82	51.70	51.70	52.66	-0.79
sz002886	-371	-625	0	0	-803.93	30136	38.54	38.14	37.50	38.60	-1.52
sz000002	-9633	-8962	-6589	-7694	3368.00	395488	30.55	30.79	30.40	31.09	0.95
sz002873	-113	0	0	0	33.69	6486	41.05	40.70	40.60	41.48	-1.45
sz300535	972	1667	1155	1155	-360.03	16932	37.00	37.05	36.82	37.93	1.90
sh600926	-20337	-17312	-8940	-7304	-281.89	310200	11.57	11.67	11.47	11.88	0.43
sh600648	-1538	-1316	-500	0	187.84	16352	17.72	17.58	17.45	17.72	-0.90
sh600133	2638	-731	169	-1053	548.76	75404	9.00	9.05	8.95	9.15	0.67
sh600644	-8735	-5829	-1914	0	-1.10	42580	7.18	7.13	7.09	7.26	-0.97
sh600131	-3784	-2840	0	0	-43.94	12079	6.98	6.90	6.90	6.98	-1.29
sh600136	-3158	-1847	-500	0	-238.11	25179	13.85	13.59	13.50	14.09	-2.09
sh600642	-39367	-30275	-24521	-19705	-1162.68	168353	5.94	5.85	5.83	5.94	-1.52
sh603507	-1961	-1395	-529	0	-189.29	36572	41.10	40.06	40.02	41.18	-1.86
sz002757	-1391	-653	-1056	0	-1066.02	10440	36.15	34.30	34.00	36.15	-6.05
sh600167	1064	224	0	0	375.40	29826	24.07	23.45	23.01	24.18	-5.06
sz002619	-8990	-8084	-4104	-6158	-26.70	75613	6.43	6.38	6.33	6.44	-0.78
sh600522	-613	-4602	-509	-3215	-19643.46	752514	14.50	13.87	13.82	14.50	-4.80
sh603508	0	0	0	0	-12.70	6885	38.27	38.08	37.96	38.63	-1.17
sh600483	-3990	-2942	-2043	0	-127.50	11553	7.47	7.42	7.38	7.50	-0.54
sz002901	-4073	-2433	-835	0	-1595.10	47846	38.15	37.22	37.17	38.76	-3.32
sz002902	-2576	-996	-809	-1385	-1406.42	78784	39.89	40.35	39.20	41.20	0.42
sh600577	-29561	-26033	-19329	-16828	-564.25	75205	3.78	3.72	3.71	3.78	-1.59
sh600487	-7363	-6881	917	1602	-15242.20	242254	41.30	39.92	39.83	41.30	-3.53
sh600486	-3009	-2623	-1006	0	-2900.87	31311	48.23	47.00	46.18	48.23	-2.59
sz000756	-7112	-5480	-2670	1000	-1038.63	30831	14.14	13.83	13.78	14.15	-1.21
sz300545	95	0	0	0	-305.74	5133	70.00	67.97	66.05	71.55	-2.05
sz300632	867	954	0	0	174.78	11619	21.51	21.70	21.30	22.00	0.46
sz300543	-919	-196	0	0	-351.41	12723	30.50	29.88	29.58	30.53	-1.13
sz300269	-3623	-3340	-3768	0	27.28	42417	12.75	12.65	12.54	12.82	-0.94
sz002611	38	-31	-1547	-1000	-329.21	22976	12.95	12.92	12.76	13.03	-0.15
sz300118	-4445	-2919	-1130	-1130	-380.12	22450	12.38	12.26	12.20	12.41	-0.97
sz000715	-982	-970	-1452	0	184.20	7560	9.41	9.55	9.41	9.55	0.32
sh603500	-2119	-849	0	0	-259.03	29537	25.40	25.14	25.09	25.99	-2.56
sh601928	-5087	-4518	-1458	0	34.83	40251	8.13	8.03	8.01	8.14	-1.11
sh603183	-2239	-2915	-740	0	-1007.66	60139	40.75	40.06	39.30	41.49	0.58
sz000758	12052	7930	-4452	-4570	168.97	187590	5.99	6.05	5.92	6.11	0.50
sz000049	-3616	-2743	-1136	0	-160.49	37088	38.61	38.79	38.49	39.55	0.08
sz000507	23785	23235	23161	13312	3050.11	194084	9.88	10.04	9.85	10.10	1.52
sh601607	-8104	-7227	-4498	-2487	-2803.50	66875	24.51	24.15	24.09	24.65	-1.67
sz000501	-2172	904	2787	1304	-443.70	40662	16.11	15.99	15.79	16.16	-0.74
sh600638	-1110	-248	0	0	-89.55	9351	14.93	14.54	14.52	15.04	-2.61
sz300401	-1807	-1534	-1179	0	1353.41	20796	42.80	42.49	41.77	43.13	-0.96
sh600737	-12830	-11222	-6333	-2245	-911.91	67909	8.07	8.02	8.00	8.12	-0.87
sh600736	323	743	0	0	33.40	18326	5.97	6.04	5.97	6.09	0.17
sz300409	-354	-341	0	0	493.18	18566	44.59	45.20	44.59	45.79	1.37
sh600828	-8364	-6671	-1584	-66	-214.68	23420	6.25	6.16	6.16	6.25	-1.12
sh603345	-1136	-216	0	0	-67.65	16463	23.84	24.05	23.76	24.36	1.05
sz002721	-32789	-31405	-34323	-32540	2592.59	155885	15.55	16.10	15.23	16.10	4.27
sz002050	-27201	-20578	-10945	-3570	-12338.32	349416	19.15	18.10	18.08	19.19	-5.53
sz002724	253	495	0	0	84.91	8279	9.33	9.37	9.31	9.44	0.11
sz002057	-3612	-1973	-1148	0	-499.32	24333	12.45	12.43	12.41	12.71	-0.56
sh600415	-17141	-13030	-7441	-7450	-601.09	93528	5.80	5.75	5.73	5.83	-1.03
sh601669	-39782	-34582	-26492	-19321	-1456.96	130536	7.28	7.26	7.21	7.31	-0.55
sh603026	1509	1211	637	0	-397.94	18518	24.22	24.18	24.09	24.62	-0.12
sh601666	-41768	-39338	-33492	-27438	3334.66	748132	6.00	6.20	5.99	6.34	2.48
sh600684	-6395	-5007	-3224	-1394	-85.66	28702	6.02	5.97	5.96	6.03	-0.83
sz002684	1228	1452	500	0	140.04	11466	17.46	17.41	17.34	17.59	-0.29
sz002682	-2052	-2294	-2081	-1000	435.52	37328	11.04	11.18	10.96	11.22	1.73
sz000826	-4635	-2821	466	2482	-4895.35	77748	33.79	33.17	33.13	33.79	-1.75
sz000828	-5404	-2974	-1174	0	-7.07	21170	11.07	11.00	10.95	11.16	-0.45
sh601326	-331902	-323079	-309413	-301765	8908.19	442491	6.60	6.60	6.53	6.60	10.00
sh601288	122860	126113	127231	136758	-701.20	3085492	3.76	3.75	3.72	3.80	-0.27
sh600969	-1206	-745	0	0	108.00	12561	12.34	12.39	12.30	12.47	0.08
sz300043	-9568	-7260	-6488	-4197	-373.42	38471	6.15	6.09	6.04	6.18	-1.14
sz300041	-497	-561	-2692	0	-104.73	20792	9.93	9.92	9.90	10.04	-0.10
sz300046	-2574	-1635	-1746	-1180	-293.70	65100	21.83	21.50	21.30	22.33	-1.96
sz300160	-895	-247	100	0	86.44	17413	7.60	7.54	7.52	7.60	-0.53
sh603939	-1253	-1013	-626	0	-1126.81	12821	44.90	44.16	43.60	45.39	-1.95
sh600919	-45728	-46086	-35713	-30208	-6501.49	412055	7.41	7.34	7.32	7.43	-1.34
sz300658	114	0	0	0	-38.64	2016	29.63	29.70	29.53	29.98	-0.77
sz300655	-46	199	0	0	-320.21	14728	28.85	29.22	28.85	29.95	0.86
sz300654	-2444	-1175	-654	0	-740.03	22681	30.57	29.30	28.00	30.57	-4.37
sz300653	15	-200	0	0	-217.43	5287	35.55	34.94	34.80	35.55	-1.27
sz300652	366	100	0	0	190.95	7729	27.10	27.30	27.10	27.50	-0.11
sz300651	424	200	0	0	-70.60	3665	33.06	32.99	32.80	33.35	-0.09
sz300650	-370	-220	0	0	143.85	7054	35.43	35.43	35.14	35.93	-0.06
sh603238	-19	136	0	0	56.23	12136	22.65	22.65	22.58	23.21	0.35
sz002900	-4162	-2618	-760	0	-382.50	45872	29.29	28.88	28.60	29.59	-2.20
sz300669	-313	0	0	0	-201.86	8931	23.76	23.86	23.76	24.24	-0.21
sh600854	4872	2826	9116	19309	995.45	148984	5.59	5.73	5.50	5.98	3.24
sh603233	-443	0	0	0	810.16	11962	52.30	52.10	51.57	52.88	-0.95
sh603232	216	0	0	0	-50.79	3061	48.61	48.20	48.01	49.00	-0.84
sz300493	-6139	-4188	-2121	-1498	-398.73	31178	14.16	13.81	13.81	14.30	-1.99
sz002126	17533	10585	6156	2876	442.14	106869	9.36	9.69	9.28	9.74	3.97
sz002127	-12079	4996	7641	11061	7526.93	136816	12.13	12.52	12.09	12.58	3.05
sh603725	-3048	-1048	0	0	-702.17	29783	20.60	19.94	19.90	20.69	-3.02
sh603721	267	415	0	0	-23.32	12998	26.80	27.05	26.60	27.47	0.04
sz002121	-4303	-2849	-3131	-2257	-61.24	38910	8.89	8.90	8.80	8.93	0.45
sh603303	-2070	-1521	-1627	-1627	8.91	15584	13.75	13.65	13.62	13.88	-0.80
sh603728	-382	-580	0	0	342.71	15252	23.71	23.93	23.54	24.10	0.08
sh600352	-21995	-21105	-11440	6339	-7017.70	512795	11.98	11.85	11.82	12.04	-2.07
sh600298	-8637	-4974	-697	0	-3794.59	69405	33.50	32.87	32.46	33.69	-2.17
sh600299	-2942	-1544	-89	0	-243.73	15040	10.05	10.03	10.00	10.12	-0.20
sh600356	-697	-444	0	0	4.14	6899	8.26	8.19	8.17	8.28	-0.85
sh600293	-5528	-4760	-2158	-1000	99.63	29119	7.89	7.88	7.84	7.94	-0.25
sz000786	-16338	-19763	-14097	-6270	-2886.30	302431	23.40	22.66	22.34	23.64	-3.20
sh603801	-6	19	0	0	-458.39	10822	53.20	51.79	50.91	53.45	-2.71
sz000153	-2876	-2365	-1200	-1200	47.89	13944	7.85	7.79	7.78	7.85	-0.76
sh600297	-19345	-15745	-11807	-5734	101.52	134281	7.80	7.71	7.65	7.85	-1.15
sh600295	565	-2362	1241	-879	-882.11	172381	14.03	14.22	14.02	14.59	0.57
sz300463	-998	-1349	0	0	694.56	21891	24.04	23.95	23.84	24.17	-1.20
sz002581	-207	-1453	764	2523	-212.10	52394	18.90	18.78	18.78	19.86	3.99
sz300195	-1158	-566	0	0	-193.99	6677	13.89	13.70	13.70	13.95	-1.79
sz300197	-2131	903	4687	8171	6752.96	199115	11.57	12.01	11.55	12.04	3.98
sz000910	-13576	-11387	-3703	-3940	2299.24	64271	22.99	23.10	22.86	23.30	1.14
sh600213	-326	1776	1732	4290	1924.23	72560	9.68	10.63	9.60	10.63	10.04
sz000919	-5758	-4796	-3824	-1000	-538.80	19060	8.72	8.66	8.65	8.72	-0.92
sz002221	-40815	-35437	-24635	-14971	-70.44	273682	12.60	12.34	12.29	12.88	-1.83
sh603305	1734	1127	0	0	421.14	36737	37.22	38.73	37.20	39.80	4.00
sh603158	-786	-256	0	0	-211.01	4497	18.85	18.73	18.61	18.85	-0.64
sh603159	-1582	0	0	0	-484.05	9978	25.00	24.47	24.40	25.37	-2.74
sh600221	-11242	-25410	-28152	-24965	-3871.47	391731	3.15	3.13	3.13	3.16	-0.95
sh600848	286	-758	-645	0	-739.14	49288	22.25	22.13	21.80	22.57	-0.49
sh600173	4746	5599	3107	3107	68.40	23340	5.74	5.78	5.71	5.84	0.17
sz002807	-16560	-11037	-10440	-1731	-515.92	109596	8.04	8.00	7.96	8.10	-1.11
sh600079	-15865	-12354	-8283	-2732	-1781.35	63715	18.22	18.04	17.89	18.22	-1.10
sz000685	-5629	-5044	-4619	-1006	-805.20	33020	10.18	10.15	10.10	10.24	-0.59
sh601888	-13576	-11215	-4387	-1413	-9095.96	115297	42.75	41.23	41.19	43.50	-3.26
sz300450	-1435	-852	-614	0	2104.25	38027	60.00	59.44	58.83	60.65	-0.02
sz300221	-9548	-7897	-4268	1284	-2484.40	59794	15.38	15.19	14.73	15.46	-1.75
sh601882	-6376	-4506	-3440	1713	1128.42	98100	10.91	11.73	10.91	11.73	10.04
sz300341	-1627	-798	0	0	-61.40	8733	6.67	6.56	6.56	6.68	-1.35
sz300347	-353	-64	0	0	-587.21	19839	34.02	33.68	33.50	34.30	-1.55
sz002105	1738	1482	844	1010	19.33	25722	6.40	6.48	6.33	6.50	1.25
sh603963	1220	-1245	-431	270	-1360.30	84694	30.30	30.60	29.38	31.79	1.02
sz000961	4124	1880	5018	-2467	1255.25	211990	6.11	6.19	6.08	6.28	1.31
sh601107	-12444	-14100	-15544	-11780	-572.97	41643	4.09	4.09	4.06	4.12	0.00
sh600581	-12300	-8621	-2458	-1094	618.16	348838	13.04	13.19	12.95	13.69	0.76
sh600586	5483	4465	3162	6491	530.57	85543	4.43	4.46	4.40	4.53	0.68
sh600452	0	0	0	0	49.48	5279	34.66	34.37	34.15	34.75	-0.92
sz002422	-6819	-7049	-5834	-2438	-1992.57	49526	24.41	23.95	23.86	24.75	-2.40
sh603496	321	0	0	0	-402.95	8504	34.56	34.19	34.15	34.87	-1.07
sh600674	11606	11259	14378	15985	1160.25	189304	10.22	10.12	10.11	10.26	-1.17
sh601086	-9922	-16566	-20030	-11694	-6083.28	538472	8.88	8.43	8.22	9.18	-0.82
sz002769	-1417	-1262	0	0	-119.04	9771	14.37	14.06	14.03	14.38	-2.23
sh600673	3200	2586	1018	-1463	-282.01	86930	6.59	6.55	6.52	6.68	-0.15
sh603378	-3788	-1761	-612	0	-197.20	73371	23.63	22.94	22.90	24.20	-3.49
sh601088	-10779	-8492	-2959	-3526	5968.94	330773	22.90	23.10	22.79	23.77	0.87
sz002763	265	417	0	0	-67.73	9813	13.50	13.39	13.37	13.75	-0.59
sz002643	-14792	-11498	-10619	-5760	-2015.37	75006	11.12	10.88	10.82	11.16	-1.98
sz002317	-4118	-4113	-5851	-2851	-589.16	66319	12.81	12.76	12.57	12.88	0.55
sz002164	-2193	-728	-604	0	-33.70	17296	8.72	8.68	8.66	8.80	0.00
sz300536	2240	408	654	1883	-156.24	46710	16.00	16.00	15.85	16.52	-0.68
sz300537	141	261	0	0	103.36	6958	15.80	15.61	15.45	15.80	-0.19
sz002527	-711	32	-500	0	-133.76	18330	9.74	9.75	9.71	9.86	0.10
sh603989	-614	-479	0	0	-187.72	12029	38.03	37.54	37.50	38.18	-2.16
sh603578	424	0	0	0	-10.14	7378	31.25	31.40	31.00	31.60	0.58
sh600688	-8595	-9240	-11158	-7748	-895.65	75513	6.33	6.33	6.32	6.40	-0.16
sh603197	391	0	0	0	-369.39	9118	54.65	54.68	54.30	55.50	-0.24
sh601811	502	-51	0	0	9.13	13167	13.18	13.13	13.08	13.38	-0.53
sh601996	-19548	-18280	-10536	-8456	-251.49	57473	4.89	4.82	4.80	4.89	-1.23
sz000042	-266	12	0	0	-30.75	3607	16.41	16.15	16.11	16.41	-1.46
sh600887	-9012	-11692	-8170	-9902	-17505.50	463420	32.09	31.67	31.56	32.54	-2.19
sz002002	4321	3686	3284	-2619	1198.56	85135	6.79	6.82	6.76	6.88	0.15
sh600823	-490	-17033	-18746	-17324	-1214.83	85501	4.90	4.89	4.86	4.92	0.00
sh601225	-41870	-36765	-16375	-17909	13700.30	1074282	7.92	8.08	7.89	8.21	1.89
sh600708	-5518	-5142	-3341	0	149.85	43684	6.68	6.69	6.67	6.74	-0.45
sh601799	234	-404	0	0	1888.79	16002	49.05	50.09	48.51	50.51	2.29
sh603688	-5139	-2734	-1504	-1504	-592.63	16842	15.85	15.31	15.29	15.89	-3.41
sh600814	-1745	-779	-588	0	-259.19	22548	8.95	8.86	8.81	8.95	-0.56
sh600701	-1726	-2977	2466	5271	-1107.60	71233	10.03	9.98	9.80	10.04	-0.40
sz300452	-1723	-276	51	0	123.42	27899	28.99	29.57	28.91	30.49	1.90
sz300457	1283	297	0	0	416.28	17365	26.75	26.89	26.62	27.51	0.60
sz002008	-27092	-27997	-14036	-8328	-2424.70	193603	52.01	50.52	50.50	52.29	-3.73
sh603277	-1455	419	-627	0	-137.26	52307	18.98	18.71	18.50	18.98	-0.95
sz002166	2639	2439	1433	0	442.83	62904	10.17	10.37	10.13	10.60	1.87
sh603803	-642	236	0	0	12.15	16891	17.97	18.15	17.84	18.31	0.78
sz002001	-16753	-14667	-10630	-5785	-873.20	268691	39.33	39.27	38.73	40.45	-0.58
sz002169	-338	-1876	-2338	-4216	356.71	58100	5.05	5.12	5.01	5.12	1.39
sh600635	-40887	-43126	-31387	-18335	-1562.62	283728	4.98	4.87	4.85	4.98	-2.60
sz000818	8007	5113	-2124	-6618	1387.25	117028	11.95	12.36	11.91	12.40	3.17
sz000548	-672	-1121	-3546	-1054	-107.17	81679	6.27	6.47	6.27	6.85	3.19
sz002363	241	450	500	0	-63.24	9145	8.50	8.58	8.49	8.61	0.47
sh603076	262	1050	1344	2129	3442.74	56483	34.76	37.38	34.76	38.80	5.98
sz002367	1855	857	-41	0	-264.76	26297	8.46	8.51	8.42	8.54	0.59
sz000813	-290	-1012	-65	1012	-573.94	62034	8.75	8.79	8.63	8.96	0.34
sh603299	-320	337	222	0	-133.08	40179	9.46	9.41	9.34	9.63	-0.84
sz002042	12616	12537	8767	-6069	1095.15	126116	12.90	13.04	12.76	13.11	1.01
sz300394	-840	-694	0	0	-191.59	7314	22.56	22.00	21.91	22.56	-2.48
sh600251	6170	3230	2958	-559	98.72	139880	7.60	7.72	7.58	7.89	1.85
sz300017	-21604	-22237	-17856	-12544	22199.80	991529	9.55	10.04	9.55	10.34	5.80
sh600371	-1261	-794	0	0	-70.66	11952	10.65	10.45	10.39	10.65	-2.43
sh603813	-2184	-329	-307	0	-1163.34	45574	30.42	30.31	30.20	31.50	-2.67
sz002725	-889	72	1170	0	-209.63	14480	14.05	14.09	14.03	14.45	-2.83
sz300626	-278	0	0	0	11.56	1490	27.90	27.77	27.38	28.24	-0.93
sz300627	-215	-215	0	0	169.34	6965	44.50	44.02	43.91	44.50	-1.21
sz300625	-820	-206	0	0	-217.77	13532	24.86	24.58	24.48	24.88	-1.17
sz300620	-32	484	0	0	-142.43	13936	40.59	40.49	40.27	40.98	-1.20
sz002493	4982	-511	76	2898	-304.26	180999	14.58	14.86	14.58	15.12	1.71
sz300058	16755	14959	16265	9471	714.08	176311	5.42	5.47	5.37	5.52	0.18
sz002262	-11731	-8347	-3283	-2823	-260.49	40453	14.55	14.23	14.18	14.56	-2.20
sh603617	-707	-942	0	0	60.98	11604	23.79	23.62	23.40	23.98	-0.88
sh600886	-30683	-30386	-31782	-30657	-2216.68	130984	7.39	7.30	7.28	7.39	-1.08
sh603615	-896	0	0	0	18.62	16117	13.97	13.75	13.72	14.29	-2.20
sh603976	-422	-515	0	0	-118.19	19126	27.04	27.49	27.04	27.77	0.04
sh603758	1086	2022	0	0	167.46	31700	13.64	13.79	13.55	13.94	1.03
sz002462	-1905	347	-646	0	-673.45	24807	25.47	25.58	25.47	26.08	0.39
sz002461	-9787	-7465	-2044	0	-1148.30	37812	11.81	11.49	11.44	11.85	-2.87
sz002466	8713	6900	4625	1996	1456.80	203631	51.99	52.91	51.50	53.50	1.95
sh603619	2806	786	1287	0	-766.02	104050	35.98	35.97	35.57	38.00	0.17
sh603776	-88	275	0	0	430.80	23144	59.60	60.30	59.50	62.58	0.67
sh600409	4100	399	-2255	-9059	-398.19	279639	9.43	9.46	9.33	9.61	0.53
sh600791	-2855	-3052	-2919	-1812	-155.18	29847	6.76	6.73	6.70	6.83	-0.88
sh603021	-5500	-5257	-2025	0	-323.76	13576	9.94	9.70	9.67	9.94	-2.02
sz002867	2279	1371	538	0	-389.87	14898	27.36	27.33	27.29	27.76	-0.40
sz002866	-452	-200	0	0	81.49	7262	35.55	34.96	34.80	35.79	-1.80
sh600790	-2961	-2682	-1059	-1000	-133.44	18862	5.95	5.95	5.94	5.98	-0.50
sz002863	-944	1169	-1222	-386	87.68	64916	12.89	12.94	12.79	13.19	0.00
sz002862	-101	0	0	0	13.18	2390	27.32	27.35	27.08	27.70	0.26
sz002861	-194	0	0	0	-113.99	8901	26.00	25.80	25.70	26.13	-0.62
sz002860	151	211	0	0	-644.74	17837	41.98	42.48	41.77	42.97	0.21
sz300305	690	831	914	0	-30.20	11414	7.60	7.63	7.57	7.67	0.13
sh603991	250	0	0	0	-28.78	5183	27.62	27.67	27.41	27.88	0.22
sz300303	-17158	-15877	-12497	-7037	-512.70	51475	3.64	3.61	3.59	3.65	-0.55
sz002868	9	0	0	0	-72.70	7908	24.20	23.95	23.80	24.28	-1.16
sz000928	10518	11204	3206	-290	567.59	337173	6.55	6.64	6.45	6.68	0.30
sh600089	-43133	-37539	-35935	-29691	-5612.58	234842	9.93	9.82	9.79	9.95	-1.50
sz000921	-18769	-14293	-7497	-5677	-1260.32	84236	14.01	13.60	13.57	14.07	-3.27
sh600081	52	207	0	0	-10.46	12522	12.11	11.98	11.96	12.13	-0.75
sz000923	-1123	-1137	-521	0	-377.15	26949	22.64	22.47	22.41	22.88	-0.75
sh603103	-2810	-1666	0	0	-165.67	42402	27.54	27.54	27.32	28.25	-1.18
sz002716	-11834	-8716	-2702	-1033	-1641.40	61071	18.69	18.69	18.26	18.83	0.00
sh603106	-9242	-4344	495	0	-1611.29	77958	24.93	24.44	24.30	25.46	-2.98
sh600988	-13746	-12364	-19773	-19002	-3880.68	587704	6.30	6.36	6.17	6.54	0.47
sz000030	5	-925	-105	1056	-124.35	34080	8.03	7.98	7.94	8.04	-0.37
sh603005	-2902	-2306	-1931	0	732.33	30339	35.51	35.84	35.51	36.27	0.06
sz002300	-5629	-4862	-1200	-1191	-322.57	53167	8.70	8.71	8.63	8.86	-0.11
sh600101	-311	-898	0	0	-66.76	13425	8.98	8.98	8.95	9.05	-0.22
sh603535	-2203	-844	0	0	-556.82	25109	25.47	25.46	25.42	25.88	-2.04
sh603538	-455	-210	0	0	-32.32	7320	27.80	26.91	26.86	27.95	-3.20
sz002910	-3116	-3606	-2335	-1990	-4771.22	262765	21.01	21.53	20.91	23.05	2.04
sz002603	84	799	0	0	85.86	21720	15.79	15.70	15.58	15.89	-0.32
sz002602	-3255	-2869	-1567	0	-658.28	16517	34.26	33.68	33.39	34.38	-1.69
sz002601	-1089	-7671	-2319	-1762	-1055.72	123888	15.45	15.46	15.41	15.78	0.06
sz000797	435	-2615	-5746	-3403	-179.82	56579	11.06	11.04	10.92	11.15	0.82
sz000796	-5298	-7052	-2077	-1459	-1663.23	53945	13.75	13.27	13.18	13.75	-1.56
sz300371	-873	-767	-500	0	-80.16	4848	18.27	18.10	18.09	18.48	-0.93
sz300373	3534	732	187	0	2069.12	102367	28.70	29.04	28.27	29.92	0.66
sz000722	2457	1642	-220	0	26.25	33852	8.74	8.98	8.74	9.35	2.05
sz000723	-937	-3628	-255	-2337	-1630.53	122811	7.03	7.05	6.97	7.21	0.28
sh600039	7428	8280	11578	17634	331.72	84246	4.02	4.04	4.00	4.05	0.50
sh600033	12202	12052	10985	10963	89.86	56664	3.63	3.62	3.62	3.65	-0.28
sz000729	-46228	-38257	-20494	-14136	2607.86	270344	6.82	6.76	6.68	6.88	-2.17
sh600037	-3379	-3839	-288	0	-334.09	33901	12.78	12.73	12.68	12.93	-0.47
sh600035	-1097	-1267	-792	1215	17.43	26797	5.21	5.19	5.15	5.28	-0.38
sz000513	-7800	-4735	-1171	0	-9744.13	71222	69.97	67.25	67.06	69.97	-3.98
sh601595	104	0	0	0	-77.00	6997	18.74	18.54	18.45	18.74	-1.17
sz000517	-22124	-1539	-163	-242	-122.43	67578	3.37	3.36	3.33	3.39	-0.88
sh603937	4522	1942	203	0	-314.37	236398	24.62	24.65	24.38	26.48	-1.64
sh601611	-9809	-6616	1208	8573	-290.14	148309	10.76	10.76	10.69	11.03	-0.37
sh601599	6156	8475	10129	12249	922.83	75661	6.56	6.61	6.56	6.70	0.00
sz002661	-4509	-3228	-1124	0	-569.65	14804	14.14	13.82	13.78	14.14	-1.85
sh600746	2909	2270	133	0	157.77	27219	7.89	8.00	7.86	8.11	1.39
sz002733	3082	3139	1161	0	838.31	39895	17.50	17.68	17.38	17.85	0.51
sh603757	38	0	0	0	-161.68	9776	58.01	58.01	57.59	59.90	0.05
sz002431	-11896	-9619	-9811	-8977	-1127.90	99430	8.34	8.22	8.22	8.35	-1.20
sz300199	-14335	-12877	-8712	-5818	136.51	51449	16.35	16.13	16.11	16.45	-1.47
sh603157	-8087	-8200	-6698	4926	-6352.74	169246	18.28	17.72	17.58	18.33	2.07
sh600073	-2821	-2542	-3212	-3466	20.52	43314	8.05	8.04	7.99	8.10	-0.50
sz300343	698	1432	323	0	497.91	29435	12.44	12.42	12.25	12.44	-0.56
sz000960	-6104	-4992	-2393	-1871	501.92	215651	12.60	12.68	12.53	12.95	0.40
sh600459	1717	886	-506	0	684.73	40516	21.50	21.81	21.45	22.13	0.93
sh600779	-2131	-1058	1300	1300	-2612.64	55159	45.63	44.77	44.56	46.19	-1.86
sh601311	-2778	-2198	0	0	-346.13	29946	12.75	12.80	12.69	12.85	0.00
sz002766	-2863	-2891	-2987	-3600	-745.71	77818	14.30	13.96	13.92	14.65	2.42
sh600439	9882	606	3049	2912	-443.51	33545	5.57	5.59	5.55	5.59	0.00
sz002645	-1445	-1185	0	0	-304.66	8795	17.99	17.69	17.56	17.99	-1.72
sz300539	-311	0	0	0	3.36	5907	10.82	10.88	10.74	10.89	0.37
sz002648	-19020	-16492	-6291	-4043	-1158.19	102900	16.21	16.00	16.00	16.54	-2.32
sh600681	1013	2389	472	-1041	-469.35	85589	14.66	14.37	14.30	15.10	-3.82
sz002463	5576	8494	9037	2119	-4578.34	539512	5.58	5.32	5.26	5.58	-4.14
sz002731	300	300	0	0	33.48	5369	18.50	18.48	18.41	18.78	-0.38
sz002730	-7765	-6146	-2830	-1719	-310.80	57648	13.10	13.18	12.95	13.35	-1.79
sz002041	-3470	-2312	-1520	0	100.68	29629	12.36	12.40	12.25	12.43	-0.32
sz002735	0	0	0	0	-146.41	3316	33.29	32.68	32.35	33.55	-2.42
sz002905	-299	-489	0	0	-61.83	22335	34.81	34.68	34.44	35.23	-0.37
sz002320	-5919	-3944	-1007	0	454.25	45113	21.62	21.30	21.09	21.83	-1.66
sh603031	84	-35	0	0	206.11	6779	23.40	23.99	23.40	24.08	1.87
sh603881	3608	2240	0	0	31.81	83844	47.24	47.76	47.00	49.89	0.51
sz000425	-123700	-123403	-110118	-103469	-27280.30	5001284	4.50	4.54	4.46	4.64	0.89
sh601689	-538	-93	1000	1000	-490.37	21704	24.68	24.67	24.45	25.19	0.37
sz300054	-11891	-7059	-412	-1466	613.55	103482	11.50	11.40	11.35	11.65	-1.64
sz300057	-1449	-1256	-1270	0	-113.92	8642	10.06	10.08	9.95	10.15	0.20
sz300051	-9717	-9442	-8797	-5680	-576.13	34346	9.55	9.46	9.30	9.55	-0.73
sz300119	-1401	-1456	585	0	537.60	14423	11.60	11.77	11.60	11.82	1.64
sh603399	-29	-221	0	0	-392.81	26148	14.79	14.90	14.73	14.97	0.88
sh600521	-5190	-5218	-4122	-2895	1310.05	90674	28.60	28.70	28.51	29.50	-0.80
sz300059	-9408	-11268	-12713	-16311	-5539.98	467859	12.55	12.52	12.30	12.65	-0.56
sh603393	-2587	-2096	0	0	-2345.32	60708	40.99	39.35	39.01	41.55	-5.36
sz300113	546	2245	839	2022	1627.41	100299	18.26	18.46	18.26	18.80	0.38
sz300662	-443	-660	-809	-1559	118.49	9804	24.95	25.05	24.71	25.18	0.00
sz300258	-1019	-989	500	0	784.37	20273	14.66	14.70	14.48	14.81	0.34
sz300667	379	690	0	0	-635.65	12696	40.38	39.31	39.00	40.38	-0.96
sz300665	-1823	-538	0	0	-457.42	23411	28.15	27.71	27.65	28.39	-2.29
sz300701	-779	-405	0	0	547.04	20851	37.13	37.05	36.51	37.68	0.00
sz300703	-370	0	0	0	-239.90	10292	32.68	32.29	32.24	32.99	-1.19
sz300702	-414	-671	0	0	238.45	14559	41.18	40.99	40.91	41.70	-0.82
sz300705	-2210	-509	-903	0	-338.16	36796	26.88	26.30	26.09	27.20	-2.92
sh600963	-18956	-20100	-17889	-11725	-3612.13	151881	6.51	6.40	6.35	6.52	-1.69
sz002139	-12982	-8459	-3293	-2301	-176.73	78356	11.50	11.37	11.28	11.58	-0.87
sh600841	-550	-287	0	0	-91.54	10356	12.18	12.14	12.07	12.18	0.00
sh600219	-40115	-35535	-21279	-13559	1078.67	846484	3.59	3.62	3.58	3.68	1.12
sz300464	-9496	-5621	-2025	-1009	-416.22	44559	11.75	10.75	10.56	11.75	-8.20
sh600846	6112	3816	356	-924	-333.19	179160	9.32	9.32	9.18	9.46	0.54
sh600845	126	-1077	0	0	761.33	24344	18.47	18.21	18.20	18.65	-1.51
sz300621	-2513	-2405	-500	0	-115.24	9069	19.12	18.92	18.90	19.19	-0.94
sh603717	-288	670	-595	0	-252.95	35832	27.68	27.67	27.38	28.15	0.65
sz002427	6929	3143	1103	0	-1387.95	53630	32.99	32.72	32.00	33.00	-0.03
sh603321	-2011	1459	2117	4058	-1932.55	158273	12.48	12.42	12.20	12.79	2.14
sh603326	-1650	-1044	0	0	60.23	13195	19.35	19.41	19.35	19.72	-0.46
sz002789	-136	0	0	0	-331.01	5421	39.83	39.67	39.52	40.18	-0.83
sh603081	-6756	-5103	0	0	-582.53	24321	27.31	26.60	26.58	27.31	-2.60
sh603086	-174	0	0	0	-203.85	5104	36.98	36.92	36.80	37.32	-0.59
sz002783	-41	-205	0	0	34.20	7383	17.92	17.90	17.76	18.05	-0.11
sz002429	-13348	-13275	-1448	6394	-97.40	307257	3.61	3.61	3.58	3.68	-0.82
sz002781	-522	-501	-501	0	-103.97	5070	24.38	23.90	23.88	24.51	-1.89
sh600367	-2784	-3320	-586	0	-239.70	37778	11.02	11.06	11.01	11.22	0.36
sh600362	-1229	3432	5201	6008	10286.70	569255	18.95	18.86	18.77	19.30	-0.05
sh600284	-6243	-5207	-2447	-1115	-460.45	36109	9.34	9.23	9.21	9.35	-1.70
sh603817	-15785	-12976	-8254	-4545	-1457.30	133619	13.33	13.24	13.03	13.48	-2.00
sh603811	-227	0	0	0	212.34	7834	29.83	29.63	29.52	30.18	-1.23
sh600283	-21943	-21013	-11945	-7506	-2077.68	66286	12.32	12.07	12.06	12.46	-2.11
sh600282	-39694	-32694	-26161	-20368	1805.19	631410	4.67	4.73	4.64	4.84	0.42
sz300023	-932	-51	0	0	-50.77	6595	10.74	10.76	10.69	10.80	-0.37
sh603200	-864	0	0	0	-35.21	21256	41.35	41.25	40.70	42.45	-0.70
sz300180	970	866	0	0	124.45	8264	24.09	24.10	24.00	24.20	-0.33
sh603517	-447	-202	0	0	-260.59	6557	40.35	39.18	39.10	41.17	-4.23
sh603882	-657	-415	0	0	-305.80	28858	32.75	32.08	31.90	32.75	-2.28
sh603883	-989	-140	0	0	407.18	18330	63.63	61.69	60.11	63.75	-3.59
sh603880	-22	200	0	0	-49.34	16626	25.25	25.29	25.11	25.72	-1.40
sz002558	2793	1979	-501	0	338.40	28492	35.47	35.05	31.90	35.47	-0.99
sh600216	-10162	-8501	-2268	-436	-578.90	104157	13.17	12.82	12.72	13.33	-3.10
sh600217	-38025	-31629	-24551	-14097	-2526.17	162524	6.51	6.36	6.28	6.62	-3.05
sh603885	-16115	-16148	-10691	-2620	-1102.02	66426	14.75	14.60	14.37	14.77	-1.82
sh603920	-2914	-4059	-1292	-770	-1282.98	69863	18.34	17.94	17.91	18.59	0.28
sh603665	0	0	0	0	-4.88	1557	30.57	30.26	30.06	30.57	-1.01
sz002557	-339	-774	0	0	-229.76	18988	15.58	15.40	15.28	15.63	-1.35
sz000709	-44915	-40680	-29881	-17114	1544.15	504298	3.81	3.83	3.80	3.87	0.26
sz000671	-24529	-10433	-4138	81	4873.36	333193	7.54	7.62	7.39	7.63	1.06
sz000672	-4687	-5944	-5466	-4239	-796.95	239823	9.90	9.86	9.75	10.10	-0.30
sh600064	-394	-760	0	0	164.90	12057	14.06	14.01	13.99	14.10	-0.28
sz000676	-3644	-2495	-1425	0	-166.16	16901	11.12	11.04	11.03	11.17	-0.72
sh601898	5396	4581	5999	-1241	261.67	132490	5.59	5.64	5.58	5.75	0.36
sh603860	-2944	-2537	-1022	-346	914.97	23867	39.87	40.62	38.93	40.62	9.99
sz002815	-516	-57	0	0	-666.31	10923	31.28	30.68	30.51	31.38	-1.89
sz300231	-30770	-22619	-12104	-7753	-7347.96	425894	12.73	12.45	12.32	13.27	-3.64
sh603866	-247	-247	0	0	271.28	4098	39.55	38.90	38.89	39.55	-0.89
sz000700	13374	12103	10641	10293	365.12	57607	5.59	5.64	5.54	5.68	1.44
sz300338	2350	1748	509	0	200.21	7228	21.45	21.19	21.01	21.45	-1.07
sz300688	-549	-224	0	0	-1426.17	25169	55.40	55.85	54.03	57.98	0.09
sz300689	-913	-333	0	0	-659.46	19641	44.98	43.91	43.86	44.99	-2.42
sz000601	1707	1372	39	-789	457.14	28609	7.11	7.19	7.10	7.22	0.14
sz300681	-65	324	0	0	314.50	13367	51.94	54.30	51.76	55.08	4.10
sz000608	1717	1666	1058	-1343	109.40	37352	6.44	6.47	6.37	6.47	0.47
sz300686	-915	-84	-116	0	36.39	24568	22.21	22.51	21.91	23.29	0.90
sz300687	-507	0	0	0	-801.96	8376	46.03	45.65	45.37	46.37	-1.25
sz000415	-6480	-6816	-7649	-9232	-355.30	150595	5.75	5.75	5.73	5.84	-0.17
sh600782	-28528	-23733	-10498	-9446	806.45	641805	6.48	6.40	6.36	6.62	-1.23
sz000417	-5084	-4187	-1300	0	-297.52	23722	8.11	8.04	8.03	8.15	-1.23
sh600787	6693	6992	11785	13840	-2251.10	159702	10.80	10.75	10.69	11.04	-0.74
sh601718	-3637	-3106	-6478	0	-174.97	62432	6.70	6.70	6.66	6.77	-0.30
sh600667	-6269	-3055	3266	8259	-977.03	826263	9.01	9.11	8.88	9.25	0.22
sh603568	-1941	-1259	-700	0	-257.30	18683	21.35	21.03	20.98	21.35	-0.85
sh600665	-1239	-1335	-1138	-592	-185.93	23748	4.20	4.23	4.20	4.25	-0.24
sz000780	406	1014	-933	0	347.30	30421	4.90	4.92	4.88	5.01	0.41
sh600661	886	389	600	0	29.39	18952	25.07	24.77	24.71	25.36	-1.82
sh600547	-2519	-1063	4496	1226	-1508.15	117353	30.40	30.28	30.17	30.65	-0.03
sz300521	-1003	-262	0	0	-137.12	12809	17.10	16.69	16.65	17.10	-2.34
sz000999	-764	-483	-1495	-2793	1029.81	49443	26.06	26.28	25.99	26.42	0.77
sz002675	-3462	-1898	620	0	118.50	31760	12.22	11.96	11.91	12.22	-0.50
sh601398	-18044	-13862	-9533	-3011	7373.50	2151400	6.09	6.05	6.02	6.15	-0.49
sz000895	-10976	-7156	-3314	-2622	-5538.71	88973	27.03	26.42	26.39	27.22	-2.55
sh603331	-1931	-1223	-337	-1030	130.14	20509	18.92	19.18	18.92	19.38	0.74
sz000899	-1760	-2103	-1090	0	-65.63	15687	5.84	5.88	5.84	5.93	0.51
sz002124	-3027	-2226	-1518	0	-281.63	19954	8.37	8.29	8.25	8.42	-1.07
sz002678	15063	7556	-755	0	-1466.75	34361	10.84	10.92	10.69	11.00	0.74
sz000779	355	501	0	0	42.32	7051	13.64	13.79	13.64	13.97	0.44
sz000778	-24550	-33113	-26511	-14538	-496.40	270854	5.14	5.18	5.13	5.25	0.58
sz300233	-556	-427	0	0	78.81	5923	19.00	18.91	18.81	19.12	-0.47
sh600529	4675	5018	2791	0	756.42	34066	20.67	21.02	20.67	21.30	1.69
sh601006	-41612	-30533	-19812	-20644	6732.50	666971	8.95	9.02	8.95	9.17	0.45
sh601001	15679	8433	9711	6116	635.71	164266	5.83	5.89	5.78	6.05	1.73
sh603335	-2683	-3201	-193	0	-432.73	65953	11.14	11.35	11.01	11.55	0.89
sz000529	-3963	-2315	-1876	0	3.19	14480	6.78	6.73	6.70	6.80	-1.03
sh601238	2881	2509	7735	2100	759.33	61638	24.38	24.41	24.28	24.80	0.54
sz000521	-4125	-4184	-957	-3221	292.65	27997	5.06	5.04	5.03	5.08	-0.40
sz000524	-2672	-1697	0	0	-369.28	10403	11.45	11.32	11.31	11.48	-1.48
sz000525	1375	2315	-517	0	197.06	32996	20.20	20.36	20.01	20.46	0.79
sz000151	-3756	-2769	-500	0	-351.94	19861	12.39	12.14	12.12	12.44	-2.65
sh601789	8	386	-78	0	-18.27	32323	4.53	4.52	4.50	4.57	-0.44
sz002795	1467	581	0	0	217.24	24104	15.52	15.82	15.52	16.36	1.61
sz300428	-6053	-4223	-1143	-1225	-1498.89	54993	20.10	19.85	19.81	20.55	-2.93
sz300429	-938	-1121	0	0	-203.66	9062	23.40	23.49	23.00	23.79	-0.04
sh600809	-2364	-2022	-1060	0	96.49	40779	56.61	55.16	54.75	56.78	-1.04
sh603698	-30	0	0	0	-10.07	7279	19.59	19.29	19.26	19.60	-1.63
sh600713	-13268	-12758	-8969	-2600	-678.28	37465	6.27	6.20	6.16	6.32	-1.27
sz300425	1225	2587	372	433	261.72	61050	10.64	10.73	10.44	10.84	1.04
sh600804	11289	3450	-128	956	547.99	140425	17.00	17.43	16.90	17.76	2.29
sh600717	684	704	719	1734	69.99	36205	10.28	10.26	10.23	10.31	-0.29
sz300421	-103	0	0	0	78.10	5307	19.00	19.25	18.96	19.38	1.64
sz002582	-2952	-1482	0	0	-719.89	42189	11.86	11.65	11.65	12.02	-1.77
sz002627	679	529	0	0	-25.06	4113	18.25	18.20	18.13	18.29	-0.55
sz002079	-34033	-31283	-19759	-13300	-1691.35	206101	9.16	9.02	9.00	9.25	-1.74
sz300296	-6663	-5481	-2499	-1031	1486.33	72724	20.28	20.13	20.02	20.42	-0.35
sh603367	-4882	-4733	-7359	-4692	-110.28	140792	20.86	20.09	19.90	20.86	-2.62
sh603363	-17148	-14911	-10245	-8219	3110.41	26725	16.68	16.68	16.68	16.68	10.03
sz000631	-14862	-10867	-8032	-5104	-52.71	47171	4.03	4.03	4.01	4.05	-0.25
sz002370	-130	129	0	0	-12.85	5020	14.16	14.12	14.00	14.17	-0.49
sh603043	467	275	0	0	-165.14	16493	19.09	18.97	18.94	19.26	-0.94
sz002129	-49313	-51840	-55483	-65931	-24865.20	1147351	11.53	11.18	11.16	11.74	-4.44
sz000807	-8149	-11535	-15036	-8323	-1694.60	2336260	8.94	9.46	8.92	9.84	5.58
sh603599	-594	102	0	0	-142.28	18315	18.23	18.21	18.19	18.45	-0.71
sz000553	-6011	-4948	-3439	0	-884.53	43243	15.80	15.54	15.52	15.95	-1.33
sz000552	12141	10300	7185	8365	182.07	163211	3.41	3.46	3.40	3.51	1.17
sz002406	2281	4087	4555	3808	108.43	25283	7.10	7.13	7.06	7.16	0.42
sh603997	-139	-1242	0	0	-228.55	16482	11.45	11.28	11.08	11.45	-1.57
sh603917	12145	9996	4510	2754	2751.54	133383	25.88	28.67	25.57	28.67	10.02
sh600569	-43282	-38060	-29862	-22640	323.87	578341	4.58	4.62	4.57	4.77	0.22
sz300065	313	834	0	0	-408.12	20358	17.70	17.77	17.66	17.98	0.62
sz300438	-1971	-1223	-559	0	-33.39	19204	29.66	29.89	29.55	30.00	0.67
sh603808	627	0	0	0	160.91	11388	22.10	22.38	22.02	22.65	1.08
sz300063	-7203	-6897	-1011	0	25.49	31173	5.50	5.41	5.41	5.50	-1.64
sz300639	-816	-905	-1029	-1029	-2227.23	40226	71.25	72.54	70.95	74.28	2.52
sh603809	1058	1866	543	0	241.34	62094	34.76	35.56	34.62	36.75	1.92
sz300144	-2312	-2063	-2407	-1410	-366.99	41291	18.73	18.80	18.55	18.95	0.37
sz002402	-11831	-9270	-3689	-2114	374.43	82737	9.20	9.24	9.10	9.31	0.22
sz300635	-5742	-3645	-1563	0	-1387.68	35585	19.95	19.68	19.57	19.95	-2.57
sz300637	3	0	0	0	-151.29	4729	20.62	20.43	20.35	20.70	-1.11
sz002290	-1936	-1619	-691	0	-188.28	9972	12.77	12.80	12.62	12.81	0.23
sz002298	-1506	-807	-595	0	-84.80	18079	8.89	8.86	8.83	8.93	-1.01
sh603626	-2253	-2316	0	0	-1230.57	36855	27.90	26.87	26.60	28.38	-3.10
sz002100	1698	2340	0	0	52.68	11428	8.02	8.05	8.02	8.14	-0.12
sz002101	2730	532	-705	0	-304.27	31287	21.45	21.40	21.26	21.67	0.14
sz002515	-7071	-6016	-3120	0	-503.34	31571	8.44	8.27	8.22	8.44	-2.01
sz002513	-1832	-1515	0	0	19.17	11173	9.96	9.92	9.90	10.03	-0.40
sz002869	-199	0	0	0	178.15	7406	30.60	30.45	30.33	30.88	0.40
sz002106	-13505	-12300	-7410	-3994	-533.85	78689	10.22	10.08	10.06	10.27	-0.49
sz002107	-365	-210	0	0	34.46	4514	11.74	11.56	11.50	11.74	-0.26
sz002456	-18577	-7241	-6505	-7077	-2125.41	250436	20.08	20.05	19.83	20.45	-1.04
sz002455	1373	1403	-384	-1226	-257.65	52003	9.25	9.36	9.23	9.48	1.19
sz002450	-27862	-24689	-22207	-17163	-3366.50	275316	21.95	21.53	21.51	22.04	-2.23
sz002518	-5092	-3147	-605	0	-451.01	27312	16.92	16.64	16.55	17.00	-1.60
sh600436	-3600	-840	0	0	-4458.79	35630	64.29	62.36	62.20	64.32	-2.99
sz002859	-580	-818	-521	0	184.88	11440	34.03	33.88	33.82	34.27	-0.47
sz002852	-71	0	0	0	477.60	11913	32.50	32.80	32.38	33.55	0.83
sz002853	-250	-232	0	0	-58.41	24976	31.80	31.83	31.51	32.50	0.25
sz002851	156	0	0	0	-66.13	4160	34.27	34.01	33.82	34.30	-0.53
sz002856	2991	4407	4851	2964	3552.44	51382	44.90	44.06	43.70	46.00	-1.56
sz002857	-639	-639	0	0	189.09	3239	26.98	27.00	26.80	27.06	0.00
sz002855	-2365	-1990	-595	0	-173.29	19152	13.28	13.03	12.98	13.28	-1.81
sh603825	726	0	0	0	432.94	12651	29.78	30.27	29.42	30.33	1.03
sh603826	-4729	-4057	0	0	-450.25	59313	15.43	15.33	15.26	15.67	-1.73
sh601991	-6625	-5282	-4752	-293	-454.80	71548	4.18	4.14	4.13	4.19	-1.19
sz000666	379	659	0	0	-21.47	19262	19.37	19.37	19.36	19.54	-0.21
sh601997	-28842	-18773	-14206	-12829	-1266.56	144343	13.51	13.42	13.36	13.65	-1.18
sh603822	-365	0	0	0	363.88	16805	34.25	35.55	34.10	37.50	2.69
sz002876	-1801	-1022	0	0	-1729.49	9576	61.00	58.79	58.58	61.01	-3.59
sh603980	-2606	-1422	-528	0	-404.76	32625	20.42	20.29	20.21	20.70	-1.22
sh603985	-77	-207	0	0	56.28	4682	36.34	36.62	36.28	36.94	0.08
sz000937	25196	30040	27552	17507	1078.22	318452	5.58	5.65	5.55	5.80	1.25
sz000936	-17936	-15499	-11758	-9806	-742.31	107656	6.65	6.63	6.55	6.68	-0.45
sz000858	-7905	-7077	-8410	-9273	-37788.60	263330	79.25	77.90	77.86	79.94	-1.98
sh603360	-436	0	0	0	18.52	7849	21.15	21.31	21.11	21.50	0.14
sh603138	10089	3243	53	0	-547.06	118352	47.00	48.20	46.70	51.76	1.58
sh603139	-323	-5	0	0	61.31	9913	25.34	25.09	25.05	25.54	-1.03
sh603136	-359	0	0	0	-196.98	13141	42.04	41.75	41.05	42.46	-1.00
sh600982	-11536	-10666	-7432	-3862	-284.57	49028	4.39	4.31	4.28	4.39	-2.05
sz002206	-5061	-4590	-2088	-1335	-349.92	48901	5.89	5.90	5.86	6.00	-0.34
sh600980	-49	-546	-501	0	-265.94	15428	14.89	14.76	14.74	15.07	-0.87
sh600509	-16301	-14942	-6668	0	-271.60	47792	6.92	6.86	6.85	6.94	-1.29
sh600115	-22719	-24134	-31063	-29627	-11019.25	888524	8.21	8.09	8.02	8.27	-2.76
sh600502	-26218	-31914	-30772	-28730	-3235.20	153510	6.92	6.84	6.80	6.97	-0.44
sh600051	230	730	1505	0	-314.34	21395	9.53	9.36	9.32	9.60	-1.89
sz000488	-11892	-10877	-7738	-3180	-838.61	143230	16.13	16.08	16.02	16.34	-0.37
sh603926	153	0	0	0	182.88	9775	26.66	26.59	26.40	26.98	-0.30
sh603527	-4263	-1289	-171	0	-1224.74	70759	28.00	27.94	27.80	29.49	-2.55
sz002637	-2130	-2027	-813	-1143	-18.12	14320	10.98	10.95	10.82	11.03	-0.27
sz002635	1562	929	-693	0	-1445.30	85176	26.70	26.51	26.01	27.27	0.04
sz300204	-487	-11	0	0	56.48	8487	13.68	13.64	13.58	13.72	-0.15
sz300200	-972	-198	0	0	-39.29	8473	9.67	9.66	9.61	9.74	-0.82
sz002695	-3395	-2294	-617	0	-333.63	29938	17.03	16.96	16.93	17.13	-0.70
sh603311	-17	0	0	0	0.00	3976	15.72	15.72	15.60	15.77	0.13
sz300365	-98	0	0	0	-165.05	3314	31.13	30.70	30.66	31.58	-2.07
sh600029	2721	-1086	-2814	-2243	-7084.20	751500	12.13	11.90	11.72	12.15	-3.25
sz000732	37482	31724	19070	12952	895.68	217662	18.90	20.31	18.75	20.31	10.02
sh601127	1307	663	-583	0	-501.86	52579	19.59	20.37	19.59	20.87	3.98
sz000635	-355	326	446	0	-300.34	17280	14.30	14.35	14.27	14.49	0.00
sz000980	1315	2718	-2735	-8299	-1165.82	271234	11.51	12.23	11.41	12.60	6.26
sh600325	-29999	-15717	-10301	-7911	46.69	152537	7.27	7.15	7.11	7.27	-0.97
sh600021	488	-827	148	0	-128.24	23146	9.13	9.05	9.05	9.13	-0.88
sh600020	680	-409	-5376	-6590	-26.95	179629	4.81	4.85	4.81	4.91	0.41
sh600188	-6378	-1252	364	463	4548.56	452749	14.49	14.96	14.40	15.15	3.31
sz000985	-231	0	0	0	-14.08	7683	20.00	20.07	19.96	20.48	-0.15
sh600893	-3970	-2963	-1392	0	133.48	42543	27.21	27.08	26.99	27.41	-0.62
sz000567	-657	-302	-500	0	185.44	20225	23.65	23.70	23.61	24.03	0.04
sz000568	-8088	-7338	-5782	-1212	-6287.21	87309	65.28	63.70	63.45	66.00	-2.51
sh600757	-8330	-6042	-2059	-1771	-84.32	45073	6.88	6.83	6.80	6.89	-0.58
sh600755	-7285	-6116	1601	-3315	318.94	159935	9.72	9.71	9.63	9.79	0.21
sh603797	5835	-4290	-3704	-2997	-4290.53	159158	21.56	21.89	21.30	22.22	4.39
sh600758	6457	6053	2905	-3033	199.40	91593	7.22	7.33	7.20	7.44	1.24
sz002742	2083	3436	5540	2330	896.16	39603	20.65	20.80	20.32	20.96	0.87
sz002707	-2123	-755	0	0	-239.03	22796	10.59	10.55	10.47	10.74	-0.28
sz002705	-997	-406	0	0	-20.78	10643	12.69	12.65	12.61	12.74	0.00
sh603848	9170	7311	1601	0	482.02	210862	20.05	21.79	19.99	22.35	6.71
sh603557	-5691	-3527	-1159	0	-418.65	39709	15.70	15.46	15.37	15.84	-2.52
sz300511	601	452	0	0	77.16	12746	24.50	24.20	24.00	24.69	-1.06
sz002701	-37142	-34541	-49607	-41950	-2138.21	161135	6.21	6.14	6.04	6.27	-1.60
sz300514	-353	-254	0	0	-63.27	14254	27.75	27.78	27.45	28.35	0.40
sz002332	-13157	-9525	-3406	0	-663.01	41883	8.49	8.36	8.35	8.55	-1.88
sz000597	4785	702	942	565	-1076.70	91378	11.92	11.91	11.78	12.14	0.08
sz002709	3037	1135	-218	0	1954.79	49400	44.98	45.89	44.84	46.30	2.36
sh601872	-12726	-11885	-7418	-4873	-289.14	70132	4.39	4.35	4.33	4.40	-1.14
sz000021	-30738	-29034	-22181	-10939	-3072.25	176264	9.56	9.26	9.23	9.61	-3.44
sh600552	5	-489	-2270	2100	-437.04	42567	7.40	7.44	7.34	7.52	1.36
sh600507	-28797	-25286	-12867	-7099	-5954.30	381844	12.50	12.34	12.29	12.74	-0.96
sz000027	-11932	-10926	-6982	-7191	-394.97	45599	6.10	6.04	6.03	6.10	-0.49
sh603380	-921	-285	0	0	-290.03	14215	20.20	20.14	20.04	20.37	-0.35
sh603385	-1011	115	0	0	-72.52	17362	21.78	21.78	21.69	22.19	-0.14
sh603387	-116	0	0	0	-351.09	10310	60.60	59.53	59.45	60.89	-1.72
sh603386	-2515	-1293	-2228	-2221	374.20	103753	16.29	16.44	16.09	17.16	-0.66
sh603388	-2086	-1106	0	0	-203.04	15505	18.24	18.04	17.91	18.44	-2.33
sz002092	13301	8738	-432	-2794	-220.29	296012	13.08	13.28	12.98	13.42	1.61
sz300102	-25190	-24004	-23274	-10363	-6235.44	370166	10.31	10.22	10.20	10.57	-1.54
sz002091	11191	9985	1374	-3724	463.79	130908	8.85	8.96	8.84	9.09	2.05
sz300677	-1649	-722	0	0	-1882.24	22105	53.64	52.29	52.15	53.68	-1.86
sz300670	-1095	-755	0	0	116.34	15150	21.99	22.10	21.94	22.47	0.59
sh600978	6368	6596	5837	1060	629.85	59425	8.58	8.69	8.53	8.77	1.16
sz300166	-13205	-8490	-6882	-2532	-403.68	84514	13.05	12.68	12.66	13.16	-3.13
sz000596	-1160	-929	0	0	-1465.03	34303	65.80	64.13	63.90	65.90	-2.24
sh600970	-35247	-29598	-19246	-12626	-1224.84	220305	9.33	9.10	9.10	9.47	-2.26
sh600874	-9300	-13009	-3852	-3929	-8159.78	362684	13.60	13.07	13.06	13.60	-0.91
sz300470	120	0	0	0	-333.77	4443	38.72	38.88	38.30	39.15	-0.03
sz300477	47	337	94	-1500	77.40	20444	21.96	21.70	21.68	22.07	-0.82
sh600873	-18377	-13995	-12298	-6844	-1255.58	114510	5.16	5.08	5.06	5.18	-1.55
sz002145	-20708	-21841	-14205	-6248	-745.18	108773	5.86	5.82	5.82	5.91	-0.85
sz002416	-240	-162	-2	0	299.33	23275	9.35	9.36	9.34	9.43	-0.11
sz002143	6141	11044	12066	6580	-751.49	50222	13.08	13.05	13.00	13.16	-0.99
sh603316	-3423	-1831	0	0	-176.93	31605	14.82	14.57	14.53	14.94	-3.57
sz002790	244	0	0	0	-122.25	2980	26.63	26.23	26.15	26.63	-0.87
sz002388	-2785	-2870	-1363	0	-112.10	15057	7.83	7.78	7.75	7.86	-0.64
sh603099	-467	-200	0	0	-22.49	4929	11.70	11.70	11.58	11.79	0.09
sz002026	-5707	-3239	23	0	19.45	21727	8.11	8.07	8.05	8.13	-0.49
sz002796	1020	233	0	0	365.51	7722	28.50	28.80	28.17	29.70	0.88
sz002798	-798	0	0	0	-409.30	6589	55.10	53.20	52.56	55.15	-2.55
sz002741	338	43	0	0	-95.24	10410	14.95	15.08	14.90	15.10	-0.13
sz002384	-12103	-11083	-4585	0	-4639.78	78600	28.15	26.65	26.63	28.54	-5.33
sh603922	3867	1640	0	0	757.05	50737	27.34	28.82	27.15	29.67	4.34
sh600270	-5109	-3289	-875	0	-559.82	36603	17.13	17.12	17.01	17.18	0.00
sz002897	-509	-273	0	0	-1444.59	31011	38.83	37.80	37.62	38.83	-2.88
sz002895	-700	518	77	77	55.45	85374	24.65	24.96	24.48	25.87	0.81
sz002892	-187	-220	0	0	-954.88	18365	37.93	37.10	36.90	38.04	-3.06
sz002893	-4471	-4208	-2662	-2662	-1073.71	63718	28.58	27.85	27.68	28.95	-3.70
sz002890	226	1173	1405	0	-268.28	14595	33.70	33.66	32.90	34.50	0.78
sh600277	3339	3640	1539	2242	226.49	124033	6.40	6.48	6.37	6.56	1.09
sh600279	481	-35	-391	0	-65.23	21712	5.79	5.80	5.78	5.84	0.17
sz002898	-4490	-2692	-249	-1102	-731.78	64146	21.00	20.85	20.72	21.71	-3.11
sz002899	-2879	-1291	0	0	-176.45	28456	28.34	28.46	27.82	29.00	-0.18
sz300033	-1653	-800	0	0	-1362.09	21213	50.24	49.82	49.79	50.30	-0.86
sz300031	-2307	1794	2396	2755	-592.35	32481	15.05	14.75	14.50	15.05	-1.99
sz300525	0	0	0	0	35.03	1079	42.58	42.36	42.14	43.49	-0.84
sz002810	1193	1180	1592	1592	-242.54	14899	23.69	23.80	23.55	24.20	0.17
sz000039	-26294	-23932	-27569	-20376	-5032.20	265940	22.30	21.57	21.42	22.55	-2.40
sz000023	-5624	-2980	-1653	-1653	-959.46	34930	20.82	20.45	20.45	21.38	-3.13
sh603179	-272	0	0	0	-393.02	9683	36.65	36.39	36.00	37.20	-0.41
sz300605	221	0	0	0	-49.19	6331	26.79	26.79	26.30	27.38	-0.04
sz300607	-505	-200	0	0	341.48	7845	68.09	67.90	67.50	68.84	-0.44
sz300609	38	-249	0	0	-125.67	13098	35.74	35.36	35.30	36.51	-1.42
sh601699	2183	36	-2265	-368	-1600.00	1094182	10.88	11.08	10.83	11.62	0.54
sh600535	-5188	-2375	468	0	-1633.29	33230	36.20	35.48	35.46	36.20	-1.69
sz002245	-49852	-46252	-33371	-28246	-4685.61	279141	10.74	10.41	10.41	10.84	-3.61
sh603896	-1800	-655	0	0	-228.81	26071	59.18	57.11	57.00	59.76	-4.10
sz002242	-1777	-1874	0	0	-344.07	20302	17.05	17.06	16.96	17.17	0.00
sh603677	-2350	-2004	-1604	-1044	-148.55	8101	23.75	23.38	23.35	24.35	-3.07
sz300241	7907	7836	3574	1338	-601.44	108482	18.08	18.35	17.63	18.95	2.97
sz002567	-123731	-112669	-82788	-74975	3550.22	337338	7.20	7.87	7.20	7.87	10.07
sz002562	-7718	-8458	-3651	-1995	-1249.18	85618	16.31	16.08	16.01	16.59	-1.65
sh603898	2340	1950	0	0	699.07	21456	28.39	29.28	28.31	29.50	3.28
sz002668	-5880	-5758	-4012	-2798	-260.39	22694	18.38	18.80	17.90	18.80	2.23
sh603777	550	0	0	0	-54.43	13881	26.48	26.17	26.05	26.74	-0.27
sh600017	-15302	-13457	-9641	-4156	-361.18	66664	3.89	3.87	3.86	3.89	-0.51
sh600011	-11289	-9867	-4467	-333	603.94	77080	6.35	6.27	6.26	6.37	-1.26
sh600018	-42828	-48389	-53396	-69715	-10555.93	430789	6.76	6.61	6.55	6.78	-2.79
sh600019	-20248	-20047	-19662	-9665	3083.81	630842	8.34	8.37	8.30	8.52	0.24
sz002277	-9571	-8461	-3617	-2744	-45.37	69720	5.92	5.92	5.85	5.99	0.34
sh603879	-1273	-202	0	0	-141.93	16188	17.63	17.41	17.38	18.07	-1.80
sh600380	-24683	-22533	-15230	-4856	-2586.02	180488	11.20	10.94	10.93	11.20	-2.23
sh600382	-5674	-4852	2909	315	-739.61	43856	12.50	12.52	12.42	12.99	0.16
sh600383	-15827	-15603	-11915	-14084	-521.71	243683	12.45	12.47	12.36	12.53	-0.64
sh600172	13638	12803	11275	9342	3412.51	197513	8.66	8.84	8.66	8.95	3.51
sz300327	-5355	-2893	-1459	0	-2014.41	36034	31.40	30.97	30.88	31.58	-1.81
sz300088	-36140	-22203	-14762	-14406	2786.07	284392	8.04	8.04	7.99	8.17	0.00
sh600895	-476	-2059	-273	562	-319.42	53179	14.28	14.42	13.98	14.64	0.91
sz300081	-1333	-1941	-40	0	71.39	21551	10.15	10.08	10.06	10.22	-0.10
sz002714	-7588	-5346	-500	0	-2850.05	49517	53.28	52.35	52.10	54.09	-3.25
sz300698	-3619	-1962	-439	0	-945.68	58073	27.90	27.32	27.22	28.80	-1.73
sz002097	-18780	-18478	-11895	-3866	-1119.72	76196	7.50	7.31	7.31	7.51	-2.66
sz300693	-710	-779	-778	0	836.68	27242	35.28	36.28	34.88	36.97	2.83
sz300692	1432	-355	-1092	-1100	-1120.92	78979	43.60	43.70	43.20	46.57	-1.47
sz300643	-4836	-2912	-1682	0	-708.23	33208	13.55	13.22	13.18	13.64	-3.15
sz300697	6129	3372	1758	1728	-1186.35	132005	23.92	24.43	23.92	25.90	0.53
sh600377	-12804	-11514	-8540	-7000	221.15	26217	9.91	9.88	9.84	9.94	-0.30
sh600891	-278	48	-500	0	-22.59	18472	7.57	7.62	7.57	7.71	0.40
sh600793	719	314	0	0	339.26	13225	23.08	23.49	22.76	23.66	1.86
sz000012	-21667	-17341	-13571	-7511	-615.87	98824	8.21	8.15	8.11	8.25	-0.97
sz000404	-4135	-4710	-2826	2092	-141.42	57501	6.19	6.22	6.15	6.25	0.48
sh600795	-11397	-4445	1212	12104	880.62	504000	3.06	3.08	3.04	3.11	0.33
sz000018	-19043	-17054	-12928	-10702	-482.94	67488	6.05	6.00	5.97	6.07	-0.99
sh600121	-299	-2556	2683	332	-129.28	48168	5.84	5.87	5.82	5.97	0.51
sh600650	-1864	-1865	0	0	-376.97	29331	14.64	14.52	14.40	14.75	-2.16
sh600123	-28483	-24854	-16312	622	-4344.89	393886	9.22	9.19	9.15	9.46	-0.54
sh600657	-11991	-12226	-13086	-5716	-393.07	60907	5.48	5.48	5.46	5.53	-0.90
sh600498	-22595	-15881	-9286	-2172	-7208.69	94183	30.87	29.99	29.89	30.87	-2.53
sh600499	-36303	-41453	-40656	-36603	-8615.00	683386	11.47	11.15	11.12	11.85	2.01
sh603456	964	745	500	0	160.65	5751	15.64	15.49	15.37	15.70	-0.45
sz002746	-2648	-1443	0	0	-633.47	17688	24.31	23.45	23.40	24.50	-3.93
sh600491	-27987	-24999	-12173	-6786	-1506.47	84274	9.64	9.50	9.42	9.79	-1.35
sz002748	-3091	-3956	-6157	-1680	-1435.80	92369	15.71	15.53	15.40	16.20	4.23
sz002749	130	0	0	0	182.18	3803	63.14	63.98	63.00	64.57	1.36
sz000078	-13305	-12185	-5297	-843	56.44	94546	5.86	5.81	5.80	5.91	-0.34
sz000798	-679	-23	0	0	-5.17	8899	8.32	8.31	8.27	8.39	-0.12
sz300554	-222	0	0	0	-346.28	7203	62.20	60.61	60.40	62.60	-2.82
sz000880	-5912	-4534	-809	0	-347.50	26207	9.39	9.20	9.12	9.39	-3.06
sz000887	30967	26539	20342	15952	3167.17	209003	16.93	17.91	16.93	18.20	5.91
sz300558	-1532	-1413	-573	0	449.06	11866	63.12	63.30	63.12	65.08	-1.25
sz300254	-1115	-300	0	0	-155.88	9468	10.28	10.15	10.12	10.29	-1.17
sz000060	-38726	-34756	-18884	-9464	4203.86	458772	10.56	10.59	10.50	10.80	0.28
sz000062	-1659	-1123	0	0	-309.14	10406	23.53	23.32	23.26	23.54	-0.85
sh601015	-10790	-5621	-710	155	2655.81	440638	10.08	10.41	10.00	10.98	2.36
sz000069	-42018	-32123	-30645	-27010	1003.19	321410	8.30	8.17	8.15	8.32	-1.92
sh601939	-45418	-34294	-18046	-14729	8958.40	1332422	7.49	7.50	7.45	7.69	-0.53
sh600153	-488	1417	3673	3940	291.38	89171	10.86	10.82	10.79	10.94	-0.46
sz002521	15758	13472	11603	6022	791.35	48873	8.78	9.01	8.78	9.07	2.50
sz300487	-198	283	0	0	-36.50	15894	16.72	16.81	16.61	17.20	1.27
sh600833	410	453	0	0	-47.90	5053	13.96	13.89	13.83	13.99	-0.50
sz000088	3245	1453	-210	-1031	90.77	42311	7.50	7.57	7.50	7.64	0.26
sh601633	10983	10930	7842	4291	639.29	91502	11.40	11.53	11.31	11.72	1.50
sh600835	253	237	-1198	-754	-1358.52	133009	25.75	25.96	25.45	26.09	0.78
sz002597	-21309	-15063	-8923	0	-4567.30	93592	25.66	24.87	24.82	25.70	-2.78
sh600727	-7462	-4508	-2120	0	-142.34	20811	7.43	7.36	7.34	7.46	-0.81
sz300435	3	0	0	0	-46.83	2659	15.71	15.83	15.66	15.89	-0.06
sz002594	12704	9010	-2506	-3081	-15254.80	267163	63.75	67.11	63.37	69.51	5.92
sz300433	-11651	-2957	2078	0	-7381.75	127099	29.52	28.99	28.71	29.96	-0.75
sz300430	82	-50	0	0	420.08	17148	19.61	20.59	19.43	21.21	5.70
sh603421	167	250	0	0	-106.64	5779	25.43	25.04	24.88	25.75	-2.11
sh603357	1580	1596	218	0	6.19	77723	21.71	21.81	21.58	22.28	0.37
sz002069	99	1033	-10	0	169.03	14473	7.83	7.87	7.79	7.87	0.38
sz002068	2901	3611	1	-4415	-115.82	130646	9.36	9.45	9.27	9.63	1.07
sh603050	287	-34	0	0	4.73	22507	19.65	19.73	19.51	20.47	1.18
sh603359	-1494	-993	0	0	-196.39	24856	34.30	34.02	33.86	34.78	-1.28
sh603055	-4941	-2200	62	1294	-914.18	116348	16.55	16.92	16.37	17.30	1.20
sz002062	-2964	-1493	-236	0	88.72	16489	5.25	5.27	5.24	5.31	-0.38
sz002061	4218	3817	3326	1081	-28.66	60339	15.10	14.97	14.90	15.36	-2.22
sh603586	-596	-624	0	0	182.58	9638	23.99	23.79	23.76	23.99	-0.87
sz002696	-1951	-1970	0	0	-86.05	6442	18.80	18.52	18.48	18.95	-1.49
sh603225	-582	-200	0	0	-297.31	22278	34.74	34.67	34.54	35.15	-0.43
sz002690	-1282	-1293	500	0	-226.91	21158	19.27	18.96	18.96	19.59	-1.66
sz002340	-24784	-24659	-18169	-15822	1114.32	850429	6.98	7.03	6.97	7.13	1.01
sh603580	336	0	0	0	62.08	11690	29.78	30.22	29.71	30.68	1.27
sz002698	525	600	600	0	8.59	8074	9.79	9.79	9.73	9.90	0.10
sh603589	-3593	-2309	0	0	896.34	31163	45.70	44.81	44.78	45.70	-2.12
sh603906	-1349	-791	0	0	-88.36	12208	15.09	15.11	15.09	15.29	-0.72
sh603768	-205	0	0	0	13.81	9377	18.01	18.11	17.90	18.26	0.17
sz300075	-1929	-506	-533	0	-82.40	25136	16.12	16.02	16.02	16.18	-0.50
sh603908	-102	0	0	0	1.48	3347	34.71	35.02	34.20	35.08	0.78
sz300073	12579	4401	1326	1007	503.39	130626	25.68	26.24	25.68	26.77	1.82
sz000333	-10049	-7839	-5371	-1518	-18440.30	347082	56.33	54.39	54.39	56.69	-3.39
sz300648	-121	-226	0	0	-294.49	4132	69.80	68.50	68.10	69.92	-1.65
sz002448	-482	896	1413	0	-124.83	22438	8.86	8.91	8.85	8.97	0.45
sz000338	-41089	-37942	-30989	-28876	648.40	888707	8.23	8.26	8.21	8.49	-0.48
sz300647	-2311	-1036	0	0	-323.96	17621	19.73	19.36	19.30	19.81	-2.96
sz300640	-87	0	0	0	-94.69	5050	25.05	25.17	24.98	25.45	0.36
sz300641	-805	-424	0	0	-50.31	10206	14.69	14.65	14.62	14.85	-0.41
sz300178	-632	-367	0	0	-57.42	11398	13.16	13.12	13.10	13.28	-1.20
sz002283	991	2205	1633	1906	119.02	97290	5.72	5.67	5.66	5.88	0.53
sz300720	-693	-452	-1168	-1168	-466.10	44652	32.14	32.00	31.70	33.27	-0.53
sh600900	-54027	-53561	-50368	-44692	-1464.30	419306	16.13	15.79	15.72	16.17	-2.05
sh603377	-1251	-270	0	0	-355.61	10055	39.80	39.67	39.21	39.80	-0.33
sh603637	-970	0	0	0	-245.44	7609	23.58	23.64	23.20	23.81	0.51
sz300481	-296	-461	-1472	0	-308.55	42983	22.10	22.39	22.10	23.50	3.37
sh603630	-346	0	0	0	148.04	9758	27.27	27.09	26.87	27.50	-0.04
sh603226	1668	1430	568	0	1082.61	13228	29.68	30.29	29.48	30.31	1.14
sz002111	-37	-946	0	0	5.28	10268	14.36	14.33	14.25	14.49	-0.07
sh603730	1554	953	0	0	651.38	29123	35.43	36.00	35.20	36.68	1.69
sh603223	0	0	0	0	2.68	2835	24.32	24.23	24.21	24.70	-1.42
sz002114	-2266	-2261	-1613	-1113	-40.63	20072	17.16	17.29	17.07	17.37	0.23
sz002588	3194	2598	2441	396	-440.88	55732	6.68	6.76	6.65	6.83	1.35
sh603229	-1095	-474	0	0	-196.56	13342	17.28	16.90	16.88	17.34	-3.37
sh600004	-28950	-28025	-18186	-10796	-6501.90	165847	14.83	14.24	14.13	14.83	-3.46
sz002285	-3372	-3049	-4903	1436	324.51	461813	11.25	11.22	10.92	11.50	-0.44
sh603286	648	600	600	0	164.23	12334	37.68	36.78	36.50	37.68	-1.05
sz300707	-113	-586	0	0	-27.08	31496	46.75	47.43	46.40	49.15	0.72
