sz000902	-3799	1968	2968	0	-249.26	53799	10.35	10.35	10.06	10.40	0.49
sz000901	-2515	0	0	0	-920.69	37551	23.55	23.64	23.16	23.69	0.38
sz000906	-3920	0	0	0	-36.31	33130	7.59	7.67	7.50	7.71	0.39
sh601628	-10645	1635	0	0	1886.81	182726	30.00	30.29	29.88	30.43	0.56
sh603648	-10193	-3106	0	0	-458.11	111547	20.97	21.52	20.78	21.83	0.05
sh600990	22	0	0	0	-256.75	19680	56.35	56.61	55.61	56.80	0.51
sh600993	-1412	0	0	0	-399.85	34127	21.14	21.26	21.05	21.39	0.00
sh600995	-1206	0	0	0	63.10	26375	9.06	9.19	9.06	9.20	0.77
sh600997	-20363	-4183	-850	0	-1598.86	141924	6.46	6.42	6.35	6.54	-0.31
sh600999	-7478	2557	2557	0	-87.65	123882	18.01	18.11	17.86	18.23	-0.28
sh600998	-3817	-1097	0	0	243.53	38646	18.66	18.51	18.36	18.66	-0.86
sh600338	-864	0	0	0	-284.39	17721	41.86	41.94	41.47	42.39	-0.29
sz000698	-7154	-2661	0	0	216.46	41465	6.13	6.14	6.10	6.18	0.33
sh600048	-48770	-17680	-19650	0	-1741.60	1181745	15.74	15.78	15.34	15.95	-0.50
sh600518	11402	8428	0	0	1869.09	135818	22.00	22.10	21.91	22.18	0.18
sh600515	-8080	1027	0	0	508.80	72171	12.29	12.71	12.20	12.82	3.33
sh600516	-115956	-34177	-15229	0	-16424.40	1191980	33.05	33.17	32.35	33.80	-0.69
sh600511	232	0	0	0	-786.13	29210	28.20	28.26	28.07	28.37	0.93
sh600510	-1202	0	0	0	-114.02	13994	6.89	6.92	6.83	6.92	0.44
sz002831	-3657	0	0	0	1950.00	30684	58.70	60.32	58.40	60.32	3.91
sh600197	-297	0	0	0	370.79	30094	25.00	24.79	24.48	25.00	-1.27
sh600196	-11510	-1153	0	0	5565.00	122318	43.35	43.82	43.19	44.24	0.21
sh601111	-72052	-43044	-29057	0	-3820.40	790378	12.08	11.92	11.60	12.08	-1.32
sh601116	-1620	0	0	0	128.25	39637	20.78	20.92	20.40	21.15	0.63
sh601117	42986	32256	19172	0	3778.05	254748	7.14	7.27	7.10	7.29	1.82
sh600420	-5171	0	0	0	-11.91	38460	12.32	12.33	12.28	12.41	0.16
sh600422	-7826	-1000	0	0	-129.81	55712	9.33	9.37	9.31	9.44	0.75
sh600600	-1701	0	0	0	-692.52	52260	42.40	42.53	41.85	43.18	-0.65
sh600606	-171605	-111297	-76010	0	-12628.80	2539195	9.61	9.43	9.30	9.64	-2.58
sz000987	-1191	0	0	0	68.64	19292	9.95	9.94	9.86	10.00	-0.20
sz000877	-148356	-108149	-81643	0	-32002.88	885398	12.18	11.84	11.65	12.18	-3.82
sh601800	-12225	-3645	-2362	0	-994.36	85128	13.39	13.39	13.35	13.51	-0.67
sh601801	1214	1363	0	0	50.47	33793	10.47	10.57	10.38	10.61	0.76
sz000055	-2821	0	0	0	85.94	43210	6.27	6.32	6.23	6.35	0.64
sz000050	-10457	-3338	-2054	0	-3358.68	134431	20.00	20.15	19.80	20.33	0.75
sz300137	-11049	-2968	-2193	0	-1756.17	129217	21.80	22.00	21.73	22.28	1.52
sz300138	-1313	0	0	0	-41.12	10419	12.67	12.60	12.52	12.67	-0.40
sz000550	-1066	0	0	0	-42.76	17614	16.49	16.40	16.24	16.49	-0.55
sz300007	5357	1807	2036	0	2033.15	62613	13.29	14.11	13.16	14.17	6.17
sz300004	-1197	0	0	0	131.77	39431	9.90	10.05	9.80	10.08	1.52
sz300003	-7754	-1160	0	0	-247.21	71950	25.17	25.00	24.61	25.20	-1.15
sz300009	-13977	-2758	0	0	-3867.52	114963	25.71	25.61	25.00	25.95	-1.23
sh600335	-398	1479	0	0	-308.06	42026	11.32	11.44	11.24	11.47	1.24
sz002042	-8721	-1273	0	0	-264.59	44794	12.81	12.88	12.60	12.91	0.08
sz002643	-6659	-1754	0	0	-822.28	77433	11.41	11.46	11.31	11.57	-0.35
sz002238	-199	0	0	0	-93.52	14090	10.14	10.20	10.04	10.21	0.79
sz002236	-26963	-5783	-1992	0	11146.16	311501	23.59	24.39	23.23	24.45	2.48
sz002237	4146	3407	3000	0	-74.73	85625	10.70	10.80	10.70	10.88	1.22
sz300316	-16648	1226	0	0	908.07	177908	18.80	18.98	18.42	19.39	0.58
sz300317	-124	0	0	0	836.13	101775	15.05	15.57	15.03	15.78	4.01
sz002646	-112	0	0	0	-27.00	14077	15.45	15.53	15.33	15.56	0.52
sz002645	-1362	0	0	0	1617.33	53001	19.70	20.63	19.69	21.14	4.83
sz002233	-40994	-9173	-2001	0	-5232.47	200635	12.40	12.11	12.03	12.42	-3.27
sz002648	340	1923	0	0	-496.29	105832	18.55	18.61	18.21	18.78	0.32
sz002757	-401	0	0	0	-217.76	4403	37.00	36.91	36.00	37.39	-2.04
sz002756	-6918	-4002	-4002	0	-2095.60	22043	25.50	25.13	24.98	25.64	-0.91
sz002753	326	0	0	0	-101.29	17495	21.10	21.27	20.84	21.45	0.66
sh603508	0	0	0	0	150.45	10531	38.28	39.47	37.86	39.98	3.11
sh603507	-299	0	0	0	462.25	39831	39.14	40.58	39.05	40.96	2.84
sz000756	-4004	0	0	0	-503.42	38945	14.17	14.12	14.01	14.22	-0.63
sz300269	-705	0	0	0	200.35	34491	12.44	12.64	12.38	12.75	1.85
sz300267	-1987	8065	7042	0	516.76	130513	6.65	6.69	6.57	6.76	0.00
sz300265	-1126	0	0	0	62.11	12872	9.19	9.16	8.95	9.22	1.44
sz300262	-4667	0	0	0	-25.21	41193	9.18	9.23	9.11	9.28	0.54
sz002356	104	0	0	0	126.29	29365	29.81	30.02	29.36	30.37	0.27
sz002686	-721	0	0	0	-293.64	14074	12.45	12.56	12.33	12.65	0.80
sz002682	-1456	-1326	0	0	131.56	26905	11.34	11.54	11.21	11.55	1.67
sz300658	-500	0	0	0	-62.58	3194	29.53	29.80	29.25	29.98	0.95
sz300655	-390	0	0	0	-54.44	9065	27.40	27.94	27.25	28.28	1.53
sz300654	216	0	0	0	3206.82	48366	30.59	32.56	30.59	32.80	6.20
sz300653	0	0	0	0	115.93	5017	33.57	34.34	33.36	34.50	1.78
sz300652	0	0	0	0	103.05	6731	27.49	27.88	27.30	27.95	1.38
sz300651	-2380	0	0	0	-716.46	8522	33.47	33.00	33.00	33.94	-2.40
sz300650	0	0	0	0	-61.95	5576	36.68	37.26	36.35	37.39	1.91
sh600850	-1122	0	0	0	-159.16	18518	19.27	19.55	19.08	19.61	1.03
sh603238	0	0	0	0	36.35	8712	21.76	22.23	21.62	22.25	2.49
sh600987	-5577	0	0	0	63.77	29290	11.63	11.53	11.46	11.63	-1.03
sz300499	-539	0	0	0	-67.87	14225	21.57	21.29	21.00	21.87	-3.10
sz300498	-7134	-597	2156	0	-3304.34	118643	26.28	26.46	26.12	26.68	0.49
sh600856	-37446	-29550	-4476	0	2239.33	403761	12.55	12.74	12.41	13.19	0.39
sz300495	2584	1503	0	0	165.35	19066	15.42	15.50	15.30	15.55	0.52
sh600859	445	0	0	0	361.97	54533	20.41	20.44	20.20	20.87	0.15
sh603233	0	0	0	0	41.61	5109	52.00	51.48	50.78	52.46	-0.06
sz002536	-7860	0	0	0	-648.50	65936	14.95	15.04	14.93	15.39	-0.40
sz002531	-25628	-7744	2014	0	-1367.79	118445	7.54	7.46	7.32	7.64	-1.19
sz002530	-450	0	0	0	69.63	9059	23.44	23.60	23.05	23.70	0.68
sz002533	-2784	-2848	-2848	0	68.66	21477	6.84	6.87	6.76	6.87	0.15
sh603726	-200	0	0	0	-162.07	5707	30.53	30.88	30.44	31.10	0.49
sh603725	81	0	0	0	47.61	21733	18.77	19.14	18.28	19.46	1.70
sh603722	-589	0	0	0	990.70	33461	36.36	38.31	36.10	39.50	4.02
sh603721	600	0	0	0	203.96	9607	26.18	26.68	25.70	26.90	1.95
sh603728	-398	0	0	0	-45.87	14055	22.70	23.13	22.63	23.40	1.23
sh600298	-17370	-5880	-3658	0	-1623.17	104750	34.23	33.73	33.39	34.25	-1.55
sh600299	-7301	1132	0	0	-602.31	45381	12.22	11.77	11.62	12.22	-2.89
sh600293	-14383	-2558	-2558	0	-408.16	72923	8.37	8.40	8.34	8.47	-0.83
sh600291	-15050	-2991	-2991	0	1719.04	165792	24.30	24.50	24.11	24.85	0.20
sh600297	-6731	-3616	-4129	0	-480.51	86417	8.05	8.05	7.99	8.13	-0.12
sh600295	-13559	-1641	0	0	-2155.16	136659	15.36	15.40	15.16	15.57	0.06
sz000915	0	0	0	0	121.86	25797	31.06	31.47	30.81	31.65	1.25
sz000910	-1715	0	0	0	136.00	35242	24.88	25.18	24.67	25.35	1.00
sz000919	498	0	0	0	338.74	26752	8.92	9.03	8.87	9.06	1.46
sz002221	-12980	-5537	2210	0	-2885.53	187005	13.14	13.25	13.00	13.32	0.68
sz002220	-947	0	0	0	412.37	25537	7.40	7.52	7.34	7.55	1.62
sh603659	-96	0	0	0	285.66	32249	53.50	54.63	53.20	54.97	1.34
sh603658	-752	0	0	0	-170.77	6986	50.30	50.55	49.50	50.76	0.60
sh603656	0	0	0	0	67.11	5362	29.82	30.55	29.71	30.74	1.73
sh600076	-9824	68	0	0	-316.17	102902	7.22	7.31	7.17	7.32	0.83
sh600075	-12233	-6515	-2936	0	-647.19	67713	8.06	8.07	7.90	8.08	0.87
sz000681	6489	4027	-692	0	293.40	208143	21.17	20.81	20.06	21.79	3.74
sh600073	-3877	-1000	0	0	-635.62	47309	8.22	8.28	8.20	8.29	0.73
sz002829	-164	0	0	0	-125.01	10020	26.62	26.88	26.32	26.95	0.45
sz002828	-2682	0	0	0	-701.18	30043	25.30	24.88	24.50	25.32	-2.85
sh603685	988	0	0	0	5.65	59278	34.29	35.86	34.20	37.22	3.88
sz002820	0	0	0	0	-56.52	4337	25.22	25.47	25.00	25.54	1.27
sz002827	-180	0	0	0	355.30	31115	18.38	18.82	18.11	18.98	2.23
sz300453	1369	1987	0	0	213.29	8843	16.09	16.44	16.00	16.48	2.30
sz002825	0	0	0	0	-76.77	5412	24.76	24.99	24.58	25.15	0.89
sh601107	-5501	-2731	0	0	7.65	24917	4.19	4.19	4.17	4.20	-0.24
sh601101	-7471	2465	4206	0	-1192.46	124115	8.48	8.46	8.30	8.57	-0.82
sh600459	-4767	-1000	0	0	-597.87	47912	22.40	22.55	22.32	22.70	1.49
sh603683	-862	0	0	0	235.93	24539	19.38	19.96	19.19	20.16	1.89
sh601108	-52266	-21957	-17017	0	-6298.03	394115	18.33	18.57	18.15	18.68	0.16
sh600452	-1925	-1113	0	0	-66.52	10647	34.40	35.24	34.40	35.46	1.73
sh600674	-9370	-1036	0	0	-450.54	79976	10.05	10.06	10.02	10.11	-0.20
sh600676	-4621	0	0	0	-164.55	28982	6.58	6.61	6.55	6.62	0.15
sh603378	-690	0	0	0	365.75	47225	22.51	23.27	22.00	23.30	2.96
sz000997	-1015	-880	1381	0	6276.62	340749	19.29	20.06	19.12	20.35	4.10
sz000869	-3823	0	0	0	-2638.23	29083	40.34	40.03	39.57	40.34	-1.36
sz000860	-2370	1430	0	0	-1245.87	28638	19.32	19.31	19.13	19.39	-0.62
sh601811	119	0	0	0	20.82	15567	13.14	13.23	13.01	13.24	0.99
sz000046	-11815	-1228	0	0	-539.34	47419	7.86	7.86	7.76	7.88	-0.25
sz000040	-10759	-467	0	0	-1389.01	66896	13.71	12.94	12.79	13.71	-5.75
sz300127	-5707	0	0	0	-513.57	53730	17.78	18.01	17.50	18.27	0.61
sz300121	-8486	-193	0	0	-270.89	51357	14.30	14.12	14.08	14.59	-0.14
sz300129	-1642	0	0	0	-323.38	26329	7.11	7.16	7.11	7.17	0.28
sh600701	17328	10475	2214	0	1689.06	201005	9.78	10.15	9.66	10.24	3.68
sh600703	2319	4063	6650	0	7423.60	239709	25.02	25.40	24.60	25.77	0.75
sh600704	-2934	1087	0	0	-571.45	70693	7.10	7.10	7.04	7.12	-0.14
sh600705	33840	32361	32391	0	-166.16	275418	5.62	5.73	5.60	5.75	1.78
sh600706	-645	0	0	0	-67.76	6281	19.15	19.00	18.93	19.15	-0.31
sh600763	493	0	0	0	3045.69	69947	34.98	37.03	34.73	37.06	6.62
sz300015	-5177	1008	0	0	-1789.59	97073	33.77	33.89	33.37	34.99	-0.03
sz300014	16536	10702	4465	0	3982.32	171032	19.41	19.83	19.26	19.83	2.11
sz300017	-7116	20293	18022	0	-43.22	512628	11.17	11.09	10.90	11.34	-0.54
sz300307	1872	0	0	0	507.32	36140	8.15	8.28	8.11	8.29	1.60
sh603099	0	0	0	0	109.14	5397	11.98	12.10	11.94	12.14	0.92
sh603536	0	0	0	0	132.56	7846	19.45	19.95	19.45	20.30	1.58
sh603535	-250	0	0	0	-64.54	15485	25.32	25.64	25.04	26.13	0.67
sh603538	0	0	0	0	-20.51	4915	26.69	27.08	26.41	27.36	1.84
sz300271	-1423	-103	0	0	312.37	81006	15.16	15.78	14.99	15.87	2.94
sz300274	-3828	-2546	-821	0	-198.84	148146	16.77	17.12	16.71	17.30	1.90
sz300569	-215	0	0	0	-44.62	9963	22.30	22.55	22.06	22.67	1.12
sz002324	252	0	0	0	-101.59	3248	23.75	23.63	23.50	23.75	-0.80
sz002320	5350	3747	2597	0	90.03	49219	21.15	21.40	20.78	21.66	1.18
sz002322	-4270	0	0	0	-725.79	16710	18.65	18.72	18.58	18.81	0.11
sz002323	-770	-1723	0	0	-232.57	102413	6.73	6.88	6.65	6.93	2.69
sh603398	0	0	0	0	24.91	10303	16.36	16.37	16.33	16.79	0.31
sh603396	0	0	0	0	-459.64	37894	42.50	44.79	41.87	45.09	3.75
sh603393	-944	0	0	0	-1744.99	37886	38.39	38.04	37.99	38.79	-2.01
sz300662	480	1304	0	0	2325.88	62632	23.99	26.16	23.99	26.16	10.01
sz300660	0	0	0	0	-198.42	4212	66.60	66.96	65.91	67.35	0.47
sz300665	-200	0	0	0	-132.83	11501	27.20	27.68	26.72	27.75	1.62
sz300669	0	0	0	0	-37.27	6434	23.76	24.29	23.63	24.31	1.80
sh600843	-1159	0	0	0	-75.95	13721	10.55	10.64	10.52	10.70	0.66
sz300463	-498	0	0	0	845.48	26519	22.12	22.22	22.12	22.45	0.32
sh600845	10965	5282	2000	0	2583.97	89816	18.94	20.51	18.82	20.80	7.89
sh603711	-15703	-3538	-2102	0	-2323.22	172401	29.70	29.89	28.99	31.86	-2.92
sh603716	0	0	0	0	100.07	4101	49.90	50.96	49.71	51.73	2.33
sh603717	0	0	0	0	-215.47	14964	27.71	28.10	27.70	28.23	0.64
sz002036	-10278	-7215	-2025	0	-1807.16	94017	15.61	15.90	15.17	15.99	1.86
sz002789	0	0	0	0	3.79	3800	39.76	40.10	39.37	40.30	0.75
sz002038	-5011	0	0	0	355.89	71530	31.66	32.24	31.56	32.85	1.42
sh603083	1456	1665	2829	0	4812.17	119695	45.07	49.44	44.62	50.49	7.71
sh603081	-9	0	0	0	758.61	17164	27.19	27.80	27.00	27.98	2.24
sh603086	0	0	0	0	100.55	4490	36.69	37.16	36.26	37.34	1.42
sz002783	-844	0	0	0	22.67	14024	17.21	17.41	17.09	17.44	0.35
sz300568	-330	0	0	0	-124.19	17677	26.98	27.28	26.71	27.40	1.11
sh600285	-5983	-1003	0	0	-692.76	38202	9.55	9.46	9.39	9.56	-0.53
sh600284	-1782	0	0	0	77.84	23846	9.53	9.57	9.50	9.59	0.42
sh600280	2376	13402	11108	0	614.44	97708	8.15	8.26	8.10	8.50	1.72
sh600282	-153176	-113836	-106598	0	-8898.37	691890	5.04	4.95	4.93	5.06	-2.17
sz002504	-53338	-21755	-17743	0	-1570.30	322490	4.93	4.72	4.72	4.94	-5.03
sh600885	-808	0	0	0	-310.42	12933	44.42	44.07	43.78	44.68	-0.92
sh603882	-269	0	0	0	85.74	31451	32.00	32.63	31.60	33.30	0.90
sh603883	-1900	-1000	0	0	-533.61	6448	64.88	63.62	63.20	64.88	-1.13
sh603880	839	0	0	0	-292.41	30912	25.48	26.27	25.33	26.88	2.14
sh603203	0	0	0	0	-94.99	3427	39.10	39.45	39.00	39.50	0.66
sh603887	0	0	0	0	-10.28	5534	25.55	26.30	25.55	26.45	2.22
sh603669	-860	0	0	0	-172.75	11282	19.37	19.46	19.13	19.57	0.46
sh603667	0	0	0	0	46.80	3097	21.60	21.56	21.31	21.64	-0.55
sh603888	265	0	0	0	410.96	19375	23.30	23.90	23.23	23.95	2.53
sh603665	0	0	0	0	183.96	6251	35.66	35.39	34.91	35.79	-0.62
sz002258	-28391	-6380	-2500	0	-3855.99	154700	18.38	17.36	17.13	18.50	-4.93
sh603663	0	0	0	0	-7.28	5009	19.92	20.27	19.81	20.35	1.55
sh603660	-1699	0	0	0	159.94	16489	33.49	33.93	33.02	34.18	1.28
sh603977	-626	0	0	0	-106.09	9278	13.73	13.71	13.64	13.78	-0.15
sh600060	-9466	0	0	0	-1636.09	73296	15.80	15.65	15.60	15.84	-1.39
sz000672	-86288	-11316	-9160	0	-19060.90	921689	12.40	11.55	11.48	12.44	-9.20
sh600062	-1598	0	0	0	-729.97	49575	25.00	25.01	24.78	25.28	-0.71
sh600064	-4475	-2116	-2116	0	-374.66	31396	14.61	14.55	14.44	14.61	-0.34
sh600067	-2253	9962	8640	0	586.42	135375	6.71	6.82	6.68	6.85	1.64
sh600068	-53459	-40099	-19757	0	-3935.40	455838	8.69	8.70	8.57	8.76	-0.34
sh603869	0	0	0	0	-151.00	4710	21.16	21.22	21.02	21.35	0.19
sz002818	-233	0	0	0	1292.00	24500	30.04	31.41	30.04	31.59	3.66
sh603860	0	0	0	0	-196.27	14865	36.27	37.01	35.84	37.48	1.70
sh603861	0	0	0	0	65.70	8418	16.96	17.09	16.90	17.15	0.95
sz002815	-277	0	0	0	-84.71	14010	30.27	31.08	29.82	31.37	2.98
sh603866	-681	0	0	0	-585.76	8596	43.58	43.12	42.61	43.58	-1.37
sz002811	0	0	0	0	181.93	8923	19.10	19.31	18.87	19.39	1.10
sz300688	-215	0	0	0	308.15	9433	51.57	52.46	50.65	52.88	1.73
sz300689	-228	0	0	0	626.39	11064	41.08	42.50	41.08	43.26	2.34
sh600449	-43285	-5738	0	0	-2640.56	174856	12.42	12.04	12.02	12.43	-4.44
sz300681	0	0	0	0	420.22	6534	50.50	51.50	50.10	51.97	1.20
sz300683	0	0	0	0	111.74	7500	53.09	54.77	53.08	55.18	1.28
sz300687	0	0	0	0	429.65	16100	47.40	49.11	47.40	49.75	2.93
sz000415	-273	13690	12688	0	-254.27	217979	5.93	6.05	5.89	6.18	1.85
sz000417	-600	3183	2183	0	202.29	37099	7.92	7.99	7.86	8.01	0.88
sz000411	0	0	0	0	-156.53	6984	20.84	20.60	20.42	20.84	-1.15
sz000413	28079	45710	38408	0	1830.24	420145	9.29	9.44	9.28	9.48	1.29
sz000418	-1367	0	0	0	371.33	24451	71.50	72.02	71.00	72.75	-0.91
sz000786	-85715	-47373	-20758	0	-26833.10	475100	24.80	23.50	23.25	24.84	-5.28
sh600663	-1354	0	0	0	-479.41	24310	19.99	20.04	19.96	20.33	0.00
sh600661	-201	0	0	0	-24.04	9933	24.22	24.64	24.22	24.75	1.23
sh600660	-5672	0	0	0	-2451.04	82718	30.00	29.79	29.60	30.22	-0.70
sz000789	-171970	-130583	-98024	0	-22440.40	1023578	14.00	13.18	12.91	14.00	-7.31
sh600668	-9423	-1287	0	0	-1377.96	50521	16.25	16.12	15.95	16.25	-1.59
sh601398	19524	51363	77818	0	7526.00	1970473	6.18	6.21	6.14	6.24	0.81
sz000895	-17195	-1229	0	0	5010.35	183058	28.54	27.94	27.68	28.55	-2.17
sz000898	-108069	-75998	-64456	0	-4640.40	324679	6.64	6.54	6.50	6.64	-1.51
sh601390	-48801	-17672	-10478	0	-826.33	252974	8.58	8.57	8.55	8.62	-0.12
sz000070	41444	36728	33430	0	5033.87	224811	9.27	10.22	9.26	10.22	10.01
sh601009	-77724	-55724	-51086	0	8458.30	1120545	8.25	8.27	8.16	8.38	1.85
sh601006	-72526	-39270	-43392	0	-9449.88	695138	9.89	9.78	9.67	9.94	-0.91
sh601007	-300	0	0	0	-89.20	9563	10.79	10.85	10.73	10.89	1.02
sh601000	55221	60591	71881	0	3311.19	382172	4.82	4.92	4.77	4.96	2.07
sh601001	-22146	-13086	-2283	0	-742.39	148828	6.52	6.48	6.36	6.60	-1.22
sz000528	-12459	1397	2457	0	-247.97	113615	8.65	8.58	8.50	8.66	-0.81
sz000524	-961	0	0	0	-127.31	10693	11.59	11.55	11.51	11.68	0.52
sz000525	-5807	-1310	0	0	128.40	54818	22.60	22.60	22.16	22.85	-1.09
sz000090	-16211	-2996	0	0	-432.59	84666	10.91	10.83	10.66	10.92	-0.82
sh600711	-28852	10083	-2451	0	-5783.26	644387	9.36	9.31	9.08	9.57	1.09
sh600710	-15330	-10612	-7089	0	-793.55	44734	6.71	6.72	6.66	6.73	-0.15
sh600717	-6579	0	0	0	184.89	65084	10.78	10.74	10.69	10.79	-0.19
sz000096	-1359	0	0	0	-231.10	10422	13.63	13.59	13.40	13.86	-2.16
sz300068	-8390	-1650	518	0	-2281.30	57268	15.80	16.08	15.80	16.19	0.63
sz300065	-2302	0	0	0	372.32	33166	17.20	17.33	17.04	17.43	0.29
sh603856	-998	-1500	0	0	-35.09	71755	20.13	20.63	19.90	20.88	2.53
sz002567	-6868	0	0	0	-684.06	59803	7.93	7.86	7.77	7.93	-0.25
sh603527	1379	0	0	0	635.99	52292	27.76	29.21	27.76	29.88	4.58
sz300204	-1908	0	0	0	-258.83	14329	13.75	13.82	13.70	13.87	0.36
sz300207	2026	8034	565	0	1041.93	102474	10.06	10.40	10.04	10.44	2.97
sz300203	-2805	-1200	0	0	-1200.13	68103	35.60	36.60	35.49	36.61	3.33
sz300208	-4566	-659	0	0	-510.95	46419	11.95	11.90	11.72	12.00	1.19
sz300209	421	0	0	0	308.32	35974	18.40	18.74	18.10	18.90	1.85
sz002705	-1654	0	0	0	184.18	17409	12.82	12.86	12.79	13.09	0.55
sh603416	0	0	0	0	-71.44	3941	31.50	32.08	31.50	32.16	1.13
sz300518	0	0	0	0	-275.19	3095	50.00	50.60	49.60	50.71	1.08
sz300519	-600	0	0	0	126.08	11763	19.45	20.10	19.40	20.58	2.60
sz002563	-1008	-3375	-2065	0	710.89	54356	8.34	8.36	8.21	8.49	0.36
sz300510	-129	0	0	0	-68.68	7490	26.83	27.03	26.71	27.19	0.78
sh603005	-1710	0	0	0	-1714.06	46727	32.80	32.97	32.51	33.33	0.24
sz300514	0	0	0	0	10.39	13908	26.97	27.81	26.85	28.29	3.00
sz300516	0	0	0	0	96.59	5213	45.08	45.86	44.51	46.30	2.41
sz300517	-200	0	0	0	184.56	8238	18.98	19.23	18.89	19.31	1.64
sz300512	315	0	0	0	50.17	8749	17.66	17.86	17.54	17.93	1.13
sh603380	-249	0	0	0	-104.70	14419	20.00	20.32	19.93	20.46	1.25
sh603383	151	0	0	0	297.00	17197	43.61	45.50	43.06	46.07	4.33
sh603385	-1196	0	0	0	397.61	18806	21.82	22.03	21.61	22.29	0.96
sh603387	0	0	0	0	4.65	6820	57.48	57.87	57.02	58.25	1.10
sh603386	-8308	3040	4363	0	4989.58	60631	16.38	17.99	16.38	17.99	10.03
sh603388	86	0	0	0	81.22	9158	17.30	17.52	17.05	17.70	0.75
sz300677	-1069	0	0	0	-2015.59	17547	57.00	57.14	56.85	58.29	-1.38
sz300670	-39	0	0	0	586.00	17096	22.00	22.55	21.60	22.64	3.11
sz300673	0	0	0	0	201.43	4411	42.43	43.12	42.12	43.43	2.45
sh600161	-1355	0	0	0	-117.49	44766	29.85	30.00	29.73	30.30	0.27
sz300473	0	0	0	0	17.27	11173	41.30	41.69	40.40	42.48	-0.29
sh600874	-30855	-388	0	0	-2006.91	197784	14.23	14.22	14.05	14.30	-0.97
sz300470	4535	0	0	0	208.26	13224	41.39	42.18	41.25	42.30	1.91
sz300477	-2537	0	0	0	-745.05	30462	21.40	22.07	21.20	22.15	2.94
sz300476	-2199	0	0	0	-1299.42	20031	25.40	25.40	24.97	25.58	0.00
sz300475	-1021	0	0	0	86.97	11069	14.24	14.38	14.06	14.42	1.13
sh603258	0	0	0	0	250.68	9097	32.23	32.80	32.06	33.07	1.77
sh603707	-808	0	0	0	566.87	27949	28.23	28.02	27.51	28.90	-0.81
sz300478	-1531	-1030	0	0	-1404.65	18051	40.33	40.31	40.00	40.80	-1.08
sh603701	-240	0	0	0	-157.81	7314	18.76	18.90	18.60	19.06	1.23
sz002791	-210	0	0	0	-55.21	8794	19.42	19.40	19.26	19.60	-0.10
sz002790	0	0	0	0	101.00	2854	26.49	26.84	26.44	26.97	0.52
sz002793	-996	0	0	0	-150.43	21194	17.57	17.50	17.26	17.83	-0.74
sz002792	-354	0	0	0	343.65	22627	35.02	35.28	34.40	35.59	0.74
sz002027	-45647	-22766	-17350	0	-4504.60	538768	13.69	13.34	13.16	13.87	-1.69
sz002026	-7148	-2742	0	0	-184.18	42651	8.05	8.10	8.00	8.11	0.25
sz002025	-2701	0	0	0	-77.42	50880	23.58	23.20	22.88	23.77	-1.57
sz002796	-771	0	0	0	131.43	11056	31.00	31.32	30.55	31.49	1.03
sz002798	-883	0	0	0	-196.06	5128	51.50	51.77	51.49	52.18	0.33
sz002029	-16947	-4460	-4460	0	-787.42	33822	8.38	8.38	8.32	8.41	0.00
sz002028	-2973	-1000	0	0	-662.72	19436	16.04	15.95	15.93	16.15	-0.56
sh603090	-477	0	0	0	-739.60	30705	19.94	21.11	19.88	21.40	4.92
sh600271	-8802	12502	6807	0	3281.91	332447	21.89	22.47	21.75	22.70	1.44
sh600278	203	0	0	0	-224.30	27658	12.11	12.13	11.96	12.16	0.08
sz002247	-87	0	0	0	-216.40	15623	12.82	12.85	12.63	12.90	0.23
sz002245	-22009	-5584	-4460	0	-221.20	155534	10.23	10.28	10.08	10.35	0.00
sz002244	15837	11059	321	0	1143.53	311951	8.30	8.37	8.22	8.51	1.70
sh603890	-19	0	0	0	2168.19	78605	38.80	40.65	38.62	41.33	3.99
sz002241	-2932	-2360	-6118	0	15.15	313390	16.70	17.02	16.60	17.03	1.92
sh603679	-97	0	0	0	75.20	5930	25.65	25.74	25.35	25.81	-0.04
sz000662	3670	2337	0	0	314.15	15376	14.80	14.99	14.73	15.07	0.81
sh600016	-99135	-57918	-45803	0	2249.70	924641	8.83	8.80	8.75	8.93	-0.23
sz000666	-9261	-1367	0	0	-179.64	64933	20.06	19.86	19.72	20.07	-1.00
sz000665	1389	0	0	0	296.47	32578	10.01	10.24	10.01	10.24	1.89
sz000669	-5996	-1923	0	0	-417.75	50691	14.50	14.36	14.30	14.57	-1.31
sh600018	-39963	-19741	-18243	0	-1133.29	259357	7.01	6.98	6.92	7.03	-0.43
sh600019	-150668	-103317	-82900	0	-14447.28	846260	9.05	8.83	8.78	9.06	-2.43
sz002801	-368	0	0	0	101.77	4302	35.55	36.20	35.55	36.28	0.61
sz002800	0	0	0	0	-43.74	5219	29.55	30.21	29.55	30.40	1.21
sz002803	-1300	0	0	0	67.86	5712	43.18	44.78	43.18	45.00	2.80
sz002802	0	0	0	0	-99.55	5481	28.41	28.68	28.38	28.75	1.13
sz002805	327	0	0	0	-451.54	7184	28.85	29.00	28.31	29.28	0.00
sh600381	-1252	0	0	0	104.49	17545	10.39	10.45	10.34	10.49	0.00
sz002807	-27362	-7431	0	0	-1375.08	116130	8.22	8.19	8.15	8.28	-0.85
sh600383	-102023	-45529	-20369	0	-2418.60	592126	16.08	15.88	15.51	16.08	-1.24
sz002809	-2511	0	0	0	-971.24	44715	31.28	30.52	29.52	31.32	-5.63
sh600388	-8643	-1145	0	0	-281.27	85812	16.26	16.38	16.12	16.39	1.24
sh600389	-3336	0	0	0	-592.31	20899	18.55	18.68	18.42	18.80	0.05
sz300698	-4739	-185	-104	0	4974.02	88801	24.16	26.52	23.78	26.52	10.00
sh600477	-20652	-10329	-7494	0	-370.17	110418	11.03	11.00	10.89	11.06	-0.81
sh600475	0	0	0	0	-43.64	9941	14.45	14.53	14.36	14.57	0.21
sz300693	0	0	0	0	76.58	12639	33.90	34.56	33.26	35.23	1.35
sz300690	0	0	0	0	-98.52	5728	55.90	56.82	55.81	57.28	0.78
sz300697	613	-1464	0	0	-45.20	75371	24.07	25.01	24.06	25.75	3.39
sh600658	-940	0	0	0	43.91	19769	11.09	11.05	10.96	11.12	0.27
sz000402	-36085	-20888	-10999	0	-1927.05	214589	11.67	11.60	11.47	11.72	-0.26
sz000400	-6273	-3104	0	0	-1199.63	73271	12.95	13.08	12.87	13.10	0.69
sh600120	-736	0	0	0	-535.60	24969	25.02	25.18	24.97	25.28	-0.04
sh600121	-12880	-1999	0	0	-387.79	51324	6.41	6.35	6.29	6.41	-1.09
sh600122	-27107	-13737	-11954	0	903.63	126037	9.47	9.56	9.41	9.62	1.06
sh600123	-32133	-1599	471	0	-3685.77	233288	9.68	9.49	9.39	9.73	-1.76
sh600126	-2451	0	0	0	-247.74	30653	6.94	6.92	6.90	6.99	-0.72
sh600655	-19154	-4227	0	0	-2176.68	71033	11.48	11.27	11.19	11.52	-1.31
sh600498	-863	-1143	-2011	0	4997.03	145050	29.05	29.90	28.91	30.13	2.57
sz000796	-1653	0	0	0	-437.64	24544	13.64	13.69	13.55	13.79	-0.51
sz000791	-4003	3292	2465	0	-560.47	192107	8.02	8.08	7.96	8.28	2.15
sh600491	680	0	0	0	95.62	40113	9.63	9.72	9.60	9.77	0.83
sz000798	-1503	0	0	0	-9.96	11099	8.49	8.53	8.43	8.55	0.47
sz000881	-5957	0	0	0	-454.94	35489	13.08	13.10	12.88	13.15	-0.91
sz000887	-1967	-1800	0	0	1479.40	73206	18.10	18.28	17.94	18.35	0.83
sz000888	-1465	0	0	0	-387.26	28319	10.75	10.81	10.67	10.88	0.09
sz000060	-10067	22876	12903	0	-3227.29	429002	11.36	11.45	11.22	11.48	0.97
sh601019	-8844	-750	0	0	685.96	116273	12.32	12.52	12.31	12.65	1.13
sz000062	-375	0	0	0	607.00	20851	23.67	23.86	23.50	23.92	1.97
sz000069	-35883	-19668	-20014	0	-1696.62	485663	9.42	9.41	9.16	9.43	0.43
sz000531	-2745	0	0	0	-352.17	13618	7.92	7.96	7.91	7.98	-0.25
sh601636	-287798	-211238	-170344	0	-14160.90	1680379	7.53	7.07	6.85	7.53	-7.10
sz000089	-3018	3	0	0	409.38	57492	8.71	8.71	8.67	8.73	-0.11
sh601633	-5558	-2298	439	0	-204.59	96259	12.19	12.22	12.00	12.29	-0.49
sh600729	-1621	0	0	0	-1826.93	22779	24.55	24.72	24.40	24.79	0.08
sh600727	-6411	-1185	0	0	-84.68	70702	8.55	8.66	8.47	8.67	0.23
sh600723	1744	1000	0	0	211.47	20103	8.30	8.44	8.30	8.46	1.20
sh600720	-164655	-82228	-69718	0	-11315.44	618275	11.62	11.13	11.04	11.62	-6.00
sz300073	-2910	-201	0	0	-2778.12	71766	25.68	25.33	25.00	25.68	-1.48
sz300070	-10778	-5072	1193	0	803.34	153847	17.37	17.46	17.29	17.49	0.63
sz000333	-50660	-9121	-2108	0	-10884.50	316035	60.01	59.62	58.88	60.88	-1.55
sh600872	-1146	0	0	0	-1040.88	28056	26.36	26.16	25.94	26.40	-0.30
sh600873	-25542	-12034	-8034	0	-775.02	122389	5.48	5.44	5.43	5.49	-0.73
sh601137	-2557	-1068	0	0	-124.63	51297	11.77	12.19	11.77	12.25	3.74
sz002412	0	0	0	0	124.09	3158	16.65	16.57	16.48	16.65	0.12
sz002410	3020	1492	0	0	-164.21	56155	20.29	20.38	20.15	20.68	0.39
sz002140	-2938	1113	0	0	240.49	43153	11.49	11.52	11.35	11.56	-0.60
sz002022	5622	1897	0	0	1521.96	56829	13.82	14.11	13.75	14.18	2.10
sz002795	-455	0	0	0	65.91	19164	15.63	15.97	15.35	16.23	1.91
sh603098	0	0	0	0	-61.41	7661	17.76	17.80	17.53	17.88	0.23
sh603879	-257	0	0	0	-127.75	11505	20.30	19.95	19.70	20.50	-1.43
sh603096	-250	0	0	0	-100.41	9946	59.40	63.23	59.01	64.06	6.11
sz300212	-3223	0	0	0	-779.94	48996	27.29	27.96	26.94	28.05	2.08
sz300219	-6084	-2330	0	0	-645.66	28928	11.56	11.60	11.39	11.63	0.35
sz002385	7351	21401	17787	0	-101.51	335333	6.55	6.55	6.46	6.66	1.39
sz002493	-21270	-3970	0	0	-931.33	148765	15.45	15.46	15.05	15.54	0.19
sz002491	-19362	-10750	-7014	0	-777.13	66585	12.88	12.77	12.58	12.88	2.08
sz002496	-42182	-8619	-7151	0	-74.78	208921	5.98	5.85	5.80	5.98	-1.85
sh603466	0	0	0	0	584.94	18287	50.86	51.41	50.12	52.26	1.42
sz002499	-1202	0	0	0	150.13	6564	19.83	19.94	19.73	19.99	0.55
sz300509	0	0	0	0	52.12	7719	26.38	26.23	26.00	26.75	-0.27
sz002301	1278	2000	2000	0	-330.39	11241	17.65	17.37	17.18	17.65	-1.08
sz300503	431	0	0	0	117.59	13620	12.63	12.95	12.63	12.98	2.05
sz300502	-659	0	0	0	-160.08	29731	25.75	25.94	25.60	26.30	0.93
sz300507	-717	0	0	0	-231.26	17553	28.03	28.27	27.41	28.35	-0.56
sz300506	-3982	0	0	0	-539.87	26627	22.70	22.61	22.31	23.00	-1.57
sz300505	-670	0	0	0	63.36	14530	30.15	30.83	30.14	31.20	1.75
sh600867	-16875	-3419	0	0	-4537.95	77632	24.53	24.08	23.94	24.56	-1.91
sz300446	-286	0	0	0	51.80	6735	21.91	22.17	21.76	22.24	1.65
sz300447	0	0	0	0	37.53	6938	18.88	19.02	18.85	19.16	0.74
sh603260	-6279	-1209	0	0	112.48	122532	61.35	62.73	60.60	64.51	1.52
sz300445	540	0	0	0	77.23	15881	15.78	16.23	15.55	16.65	3.51
sh603266	0	0	0	0	-25.52	3136	25.45	25.74	25.22	25.86	1.10
sz300443	105	0	0	0	59.07	9843	16.14	16.42	16.08	16.48	1.05
sh603268	2485	0	0	0	-76.77	7308	27.11	27.73	26.97	27.93	1.06
sh603269	4552	1691	0	0	1274.17	39286	25.03	25.77	24.90	25.95	2.06
sh603060	0	0	0	0	38.01	6657	21.55	21.93	21.45	22.05	0.97
sz002014	-2959	-1613	0	0	-316.10	12524	11.84	11.77	11.51	11.89	-0.84
sh603063	3184	0	0	0	438.26	24985	18.00	18.47	17.89	18.48	1.43
sh603066	-1104	0	0	0	-66.70	15231	12.66	12.69	12.45	12.80	0.08
sh603067	-209	0	0	0	-175.10	11243	12.65	12.88	12.65	12.90	1.34
sz002019	-14880	-1719	994	0	-5478.35	170947	21.48	21.41	20.95	21.58	-1.11
sh603288	34	0	0	0	-686.54	21675	57.00	56.52	56.00	57.75	-1.12
sh603289	-733	0	0	0	439.64	48799	17.70	18.18	17.64	18.45	2.08
sh600261	-6759	-2260	-2260	0	125.83	46172	5.54	5.50	5.49	5.55	-0.72
sh600260	3323	3292	0	0	1600.84	121165	30.00	31.38	29.81	31.49	4.67
sh600266	-9301	-1156	-2327	0	174.28	88339	13.74	13.67	13.61	13.75	0.15
sh600269	-1945	2761	0	0	-19.33	53113	5.20	5.20	5.17	5.20	0.19
sh603283	-624	0	0	0	591.88	1898	31.17	31.17	31.17	31.17	9.99
sh603286	179	0	0	0	466.81	19461	38.46	41.94	38.25	42.28	9.05
sz002273	-25244	-4641	-3406	0	-2832.74	143322	22.58	22.56	21.82	22.68	-0.35
sz002271	-537	0	0	0	-800.41	38134	41.30	41.78	40.46	41.97	0.94
sz002277	6313	4863	-128	0	876.46	176835	5.97	6.07	5.93	6.08	1.68
sz002275	1518	2004	2004	0	371.29	16763	16.23	16.58	16.16	16.59	2.09
sh603605	-2221	0	0	0	248.19	55245	28.66	29.27	28.28	29.67	0.97
sh603607	761	0	0	0	124.47	42547	41.12	42.72	40.71	43.49	1.86
sh603602	163	0	0	0	1634.90	43356	50.00	52.39	49.81	54.09	3.85
sz002472	-10303	-1500	0	0	151.84	77273	9.44	9.34	9.25	9.53	-1.37
sh603608	768	1394	0	0	199.63	16643	10.96	11.20	10.96	11.23	1.73
sh603609	915	0	0	0	-72.77	14241	8.89	8.97	8.87	9.03	0.22
sz002477	-41328	-33413	-29810	0	-1390.36	233791	4.61	4.62	4.59	4.64	0.43
sh600007	2008	2002	0	0	-15.76	20663	17.49	17.45	17.35	17.63	-1.75
sz000657	-1051	-1836	0	0	-447.89	54220	12.56	12.70	12.56	13.06	1.11
sh600004	-7643	-959	0	0	-2218.22	109813	14.68	14.69	14.68	14.93	-1.08
sz000650	10570	4627	-4765	0	449.42	76051	5.33	5.43	5.30	5.45	1.50
sh600000	-50087	-19623	-18621	0	-4585.00	378164	12.95	12.94	12.87	13.04	-0.61
sz002588	-10167	-7316	0	0	-1707.64	58280	6.71	6.70	6.67	6.73	-0.15
sh600009	-3040	0	0	0	-1631.74	41599	43.80	43.44	43.16	44.19	-0.82
sz002875	0	0	0	0	47.04	10106	26.81	27.01	26.22	27.25	0.78
sh600395	-26693	-15333	-7543	0	-1698.96	125814	7.10	7.11	7.00	7.17	-0.84
sh603179	0	0	0	0	-248.98	4842	36.10	36.50	36.10	36.79	0.14
sh603848	-3279	0	0	0	541.97	119440	22.10	22.47	21.80	23.40	-0.88
sz002878	241	0	0	0	-148.69	9328	34.96	35.75	34.88	36.15	2.08
sz002879	-4265	-2763	0	0	2337.83	29561	51.50	53.50	51.43	53.89	-1.56
sh600398	-5956	-17	0	0	-642.75	59106	9.64	9.72	9.64	9.83	0.31
sh600461	-22745	-10692	2	0	-597.58	53472	6.37	6.37	6.30	6.39	0.00
sh600463	-791	0	0	0	-235.16	12209	11.61	11.62	11.50	11.69	0.09
sh603110	-2472	0	0	0	347.43	53074	26.00	27.10	25.66	27.80	1.23
sh603113	-443	0	0	0	-277.38	35991	23.23	23.37	23.23	23.62	-0.09
sh603116	-102	0	0	0	-135.05	8484	15.30	15.48	15.30	15.57	0.39
sh600138	-8820	0	0	0	-937.30	105666	22.66	22.34	22.22	22.69	-1.59
sh600649	-16934	-199	0	0	-1540.09	102058	9.13	9.14	9.08	9.17	-0.33
sh600648	-2092	0	0	0	-368.57	16054	18.80	18.69	18.57	18.80	-0.74
sh600133	-15441	-1641	-3500	0	-378.06	129111	9.80	9.86	9.72	10.00	0.92
sh600132	-2451	-1000	0	0	-390.08	28408	22.85	22.69	22.45	22.94	-1.35
sh600137	373	0	0	0	589.44	28917	24.00	24.54	23.70	24.56	2.16
sh600640	3065	1611	0	0	266.97	47865	14.64	15.26	14.54	15.98	4.59
sh600643	-9805	-5751	-4360	0	-121.01	119321	11.32	11.27	11.15	11.34	-0.70
sh600642	-29196	-13648	-6898	0	1496.61	112741	5.93	5.92	5.90	5.94	-0.17
sz002908	-9585	3447	4818	0	5300.93	96914	30.65	34.31	30.35	34.31	10.00
sz002909	337	1191	0	0	1189.28	83406	21.37	22.91	21.11	23.60	4.80
sz002900	1735	1370	0	0	1866.32	85587	28.99	30.92	28.80	31.90	5.35
sz002901	-1267	-1050	0	0	745.58	71722	36.89	38.57	36.66	39.10	3.40
sz002902	4083	-770	0	0	4329.51	99878	39.80	42.40	39.78	44.35	5.16
sh600480	-1223	0	0	0	-109.65	37717	16.12	16.29	16.05	16.30	0.56
sh600487	-12846	-560	0	0	421.70	238539	40.25	40.59	39.88	41.17	0.27
sh600486	-1657	0	0	0	-1742.05	22116	54.21	53.62	53.13	54.55	-0.41
sz002906	-58856	-24873	-20209	0	-5851.31	212487	26.10	26.26	25.17	26.89	-2.74
sz002907	-5839	3037	1865	0	2319.75	152027	33.44	35.29	33.00	35.29	10.01
sh601020	-812	0	0	0	-29.10	29559	20.44	20.65	20.40	20.82	0.98
sh601021	-7330	0	0	0	50.67	48149	36.40	36.02	35.50	36.40	-1.02
sh603500	-1495	0	0	0	-271.12	41771	26.60	26.62	25.90	27.16	0.04
sz002242	-601	0	0	0	-1190.85	37945	17.72	17.63	17.46	17.73	-0.84
sh601601	-27238	-4817	-145	0	5416.90	328072	38.61	39.12	38.46	39.40	0.98
sh601607	-18566	-3335	-3202	0	-2990.74	98403	25.12	24.89	24.78	25.16	-1.15
sz000501	-5884	-1400	0	0	-225.70	44050	17.11	17.05	16.97	17.23	-0.87
sh600737	-7873	-2000	0	0	-357.69	70017	8.08	8.11	8.03	8.12	0.50
sh600736	-4097	-1565	0	0	232.20	40611	6.27	6.28	6.19	6.32	-0.16
sh600739	3037	1001	0	0	901.68	43327	17.76	17.95	17.75	17.98	1.13
sh600208	6831	25836	30114	0	2828.35	697262	5.15	5.33	5.10	5.39	3.09
sz002561	-1271	0	0	0	65.60	16638	11.90	12.03	11.90	12.06	0.67
sh601288	879436	840519	782634	0	13466.70	4006490	3.91	3.99	3.90	4.00	2.05
sz300042	-1665	0	0	0	-485.65	4900	31.52	31.86	31.46	32.00	1.08
sz300043	23461	18145	7867	0	2587.99	160048	6.09	6.37	6.04	6.41	4.77
sz300041	-530	0	0	0	-267.14	20323	10.09	10.15	10.05	10.18	0.20
sz300046	-568	0	0	0	613.83	72759	21.78	22.22	21.40	22.44	1.46
sh600015	-74018	-40567	-18074	0	-5963.39	292409	9.33	9.29	9.27	9.38	-0.64
sh601515	-1197	0	0	0	66.24	16645	9.84	9.87	9.79	9.92	0.00
sh600012	-2693	0	0	0	-361.54	14939	11.30	11.32	11.18	11.35	0.27
sz300194	-2952	0	0	0	-26.04	28828	5.84	5.88	5.81	5.90	0.34
sz300195	-471	0	0	0	-94.28	7161	14.19	14.22	14.09	14.25	0.00
sz300196	-3691	0	0	0	-676.73	22966	13.77	13.64	13.52	13.86	-0.94
sz300197	-8469	165	-2291	0	1084.66	134812	11.37	11.56	11.27	11.57	1.67
sz300190	-513	0	0	0	99.00	18413	11.74	11.91	11.71	11.93	1.10
sh603878	-270	0	0	0	-316.35	14588	16.51	16.71	16.33	16.75	0.91
sh600380	-57924	-17591	-10902	0	-2993.28	283387	12.33	12.25	12.19	12.43	-2.08
sh600382	-3247	-2153	-2153	0	-126.69	17050	12.85	13.02	12.85	13.05	0.77
sz300222	3144	1900	2320	0	2265.40	105981	19.81	20.62	19.56	20.73	3.20
sz300221	-1430	0	0	0	7.90	37756	16.60	16.73	16.46	16.89	0.60
sz300227	913	0	0	0	-53.22	27547	21.58	21.62	21.15	21.73	-0.05
sz002482	-23002	-2292	0	0	-1247.42	76047	8.40	8.29	8.18	8.41	-1.43
sh603477	1487	12934	2597	0	264.94	163972	16.63	17.22	16.63	17.60	0.82
sz002315	122	0	0	0	1500.10	34912	21.76	22.75	21.60	22.98	4.31
sz002317	-7441	-309	0	0	-890.58	64521	12.33	12.27	12.20	12.44	0.25
sz002311	-6968	0	0	0	-757.17	28430	22.29	22.13	22.11	22.50	-0.76
sz002310	-8108	-8718	-8466	0	3031.41	218505	19.49	19.70	19.20	19.70	0.72
sz002313	-3367	0	0	0	-1322.47	32619	31.80	31.84	31.60	32.24	0.03
sz300536	-10032	-1836	-2861	0	122.48	117672	20.70	21.30	20.32	21.58	1.48
sz300537	-1824	-1041	0	0	-34.49	18117	15.69	16.01	15.69	16.27	-0.56
sz002649	-22194	-5132	-1500	0	-2991.45	444821	12.71	13.14	12.46	13.43	3.46
sz300535	400	0	0	0	213.88	6747	35.98	36.67	35.53	36.72	2.52
sz300532	-318	0	0	0	-22.44	16018	23.85	24.32	23.48	24.56	1.42
sz300533	0	0	0	0	20.28	7646	49.67	51.00	49.33	51.22	2.20
sz300530	0	0	0	0	271.16	2461	36.05	36.77	35.70	37.08	2.20
sh600826	-1126	0	0	0	199.53	20443	13.40	13.58	13.38	13.70	1.12
sh600820	-17570	-3578	-2006	0	-1013.03	113927	8.43	8.42	8.33	8.45	-0.24
sz300450	-948	0	0	0	-1626.78	34188	59.08	62.00	58.90	62.08	4.94
sh600816	-12438	-3300	0	0	-1057.08	66274	13.23	13.18	13.15	13.26	-0.53
sz300452	-1230	0	0	0	-639.65	21653	27.76	27.22	27.21	28.36	-2.16
sz300457	-3188	-1500	0	0	-885.16	33391	25.72	25.82	25.26	26.00	0.00
sz002009	-2206	-2596	0	0	2378.71	68452	16.80	17.51	16.72	17.59	4.23
sz002008	5914	7127	4114	0	3819.40	258371	53.70	54.88	53.30	55.69	1.54
sh603277	-300	0	0	0	167.13	25966	18.12	18.33	17.85	18.51	0.83
sz002001	-27172	-1764	-2848	0	-6579.10	163629	40.29	39.79	39.51	40.87	-1.97
sz002003	-2991	0	0	0	-320.17	30507	12.34	12.38	12.28	12.44	0.24
sz002002	328	6221	9782	0	-676.19	104969	7.23	7.28	7.20	7.37	0.83
sh603278	-3514	0	0	0	-983.21	63508	23.39	23.70	22.96	23.98	0.85
sz002007	-6683	-1193	0	0	351.32	49697	28.71	28.52	28.48	28.82	-0.94
sh603076	-656	0	0	0	584.64	22440	37.02	37.98	36.71	38.56	1.58
sh603299	-4353	-1000	0	0	-219.82	44795	10.16	10.20	10.05	10.25	-0.20
sz002050	-6945	-2384	-208	0	-433.99	168977	20.05	20.40	19.80	20.56	0.79
sh600479	-1548	0	0	0	-75.22	12477	13.95	13.87	13.78	13.95	-0.57
sh600926	-33919	-9350	123	0	-3567.13	149530	11.78	11.73	11.69	11.86	-0.93
sz002267	-50001	-12796	-7507	0	-2816.58	214199	8.85	8.66	8.62	8.99	-3.13
sz002262	-10158	-1202	-2203	0	1824.83	79175	15.02	15.30	14.92	15.39	1.80
sh603617	518	1732	0	0	841.54	14485	24.80	24.99	24.25	25.00	2.04
sz002468	-4246	0	0	0	-536.67	20791	25.42	25.16	25.02	25.60	-0.98
sz002462	-2	0	0	0	-251.34	12208	27.59	27.73	27.50	27.88	0.51
sz002466	-14364	-5881	-7149	0	-17511.24	159930	55.75	55.46	54.86	56.09	-0.45
sh603619	-17249	-6088	-8237	0	-6863.04	149470	44.80	45.78	44.09	46.20	-2.30
sz002464	-1132	0	0	0	262.50	16027	31.12	31.10	30.88	31.64	-1.52
sz002867	283	1000	0	0	549.90	31630	28.26	29.47	28.26	29.78	3.84
sz002866	0	0	0	0	318.68	9650	36.51	36.75	35.10	36.83	0.60
sz002865	-614	0	0	0	-96.04	17342	21.81	22.37	21.59	22.41	2.85
sz002864	-7360	-3921	-2671	0	-2902.65	118125	37.10	37.34	36.10	41.52	-2.86
sz002862	0	0	0	0	58.06	3717	27.48	27.88	27.21	27.98	1.60
sz002861	-232	0	0	0	661.66	19546	26.43	27.38	26.30	27.53	3.44
sz002860	-213	0	0	0	-338.61	8662	41.41	41.74	40.60	42.05	0.60
sh603858	-496	0	0	0	-1007.43	21020	51.39	51.54	50.91	51.58	0.10
sz002869	-206	0	0	0	182.99	8338	30.06	30.58	29.86	30.71	1.53
sz002868	-217	0	0	0	59.90	5730	23.96	24.31	23.91	24.47	1.25
sh603108	-2136	0	0	0	-360.42	19614	12.79	12.63	12.50	12.79	-1.17
sh603103	0	0	0	0	369.48	26001	27.52	28.17	27.52	28.49	1.11
sh603101	0	0	0	0	-22.41	7101	13.07	13.26	13.07	13.35	0.84
sh603100	-367	0	0	0	35.60	9348	9.99	10.09	9.93	10.09	1.00
sh603106	-34411	-17607	-12609	0	11918.05	177027	27.27	27.27	26.38	27.27	10.00
sh600109	-23610	-7850	3040	0	-1179.04	129858	9.63	9.67	9.58	9.68	-0.10
sh600106	-3236	481	0	0	-233.93	48651	4.62	4.61	4.58	4.66	-1.28
sh600101	-51	0	0	0	-140.14	20293	9.24	9.29	9.22	9.31	0.54
sz002911	-33187	-14471	-14083	0	-5315.26	268760	30.00	30.45	29.70	32.83	-3.15
sz002910	-5732	-1303	-2633	0	755.51	203941	22.25	24.44	22.25	25.26	6.35
sh600499	12702	12523	-4195	0	3877.61	437535	11.27	11.74	11.10	11.88	3.53
sh600038	-3262	0	0	0	-523.12	41058	45.60	45.91	45.21	46.15	0.33
sh600033	2040	307	0	0	-185.22	49171	3.68	3.68	3.67	3.69	0.00
sh600030	-32833	11327	32118	0	-22104.50	1133795	19.46	19.28	19.12	19.55	-1.68
sh600031	-59751	-87288	-99903	0	-42343.20	1602882	9.68	9.38	9.26	9.69	-3.79
sh600036	3063	23497	17964	0	7322.00	540744	30.52	30.92	30.40	31.15	1.28
sh600037	-1934	0	0	0	-402.76	43160	12.89	13.16	12.79	13.21	1.94
sh600745	-5160	0	0	0	-1322.91	25724	32.60	32.32	31.83	32.81	-1.19
sh600746	-1201	0	0	0	-75.45	19910	8.24	8.34	8.13	8.35	1.83
sh600741	-28967	-3976	0	0	-2038.37	146976	28.15	27.62	27.32	28.22	-1.88
sh600742	-1358	0	0	0	-219.35	17900	16.98	17.12	16.91	17.16	0.88
sh600743	27474	46176	30174	0	399.24	416246	4.12	4.19	4.00	4.36	2.44
sz000429	-8019	-5396	0	0	-531.88	32097	8.20	8.13	8.11	8.21	-0.97
sz000423	-477	0	0	0	-2697.71	36317	63.89	63.60	63.50	64.07	-0.76
sz300055	-16265	-7542	-5252	0	-2593.60	151470	19.97	20.10	19.56	20.26	0.20
sz300054	-15076	-3099	0	0	-525.78	94187	12.53	12.56	12.32	12.63	0.08
sz002127	-16333	-4572	0	0	1100.15	92929	12.45	12.48	12.28	12.53	-0.64
sz300183	-4018	0	0	0	1089.01	68997	18.91	19.28	18.67	19.50	1.58
sz300182	22100	30483	14070	0	4469.58	334725	9.23	9.53	9.21	9.56	3.25
sz300180	1805	1208	0	0	207.00	8316	24.50	24.53	24.16	24.67	0.12
sz300237	1330	0	0	0	355.18	27443	16.12	16.43	16.08	16.68	1.36
sz300236	-1714	0	0	0	-850.64	32022	32.98	33.52	32.53	33.75	0.72
sz300231	-54610	-14023	-8428	0	-3287.90	309441	11.75	11.84	11.55	12.15	-0.84
sz300230	257	0	0	0	-31.49	12410	12.86	12.97	12.85	13.09	0.31
sz300233	-572	0	0	0	139.43	9012	18.58	18.50	18.36	18.59	-0.64
sz000701	-5248	503	0	0	-238.91	56741	10.15	10.28	10.04	10.49	1.28
sz300494	222	0	0	0	295.05	42859	17.10	17.40	16.89	17.49	1.28
sz002537	-6021	91	-2914	0	-343.45	313698	11.50	11.86	11.35	12.20	1.72
sz300521	216	0	0	0	143.78	15359	15.22	15.40	15.03	15.43	1.52
sz002126	-1848	0	0	0	-462.29	55551	9.47	9.61	9.37	9.64	1.37
sz002675	-1919	0	0	0	-334.78	25161	11.34	11.37	11.26	11.42	0.44
sz002672	-1687	0	0	0	1122.56	48833	16.00	16.23	15.98	16.26	1.37
sz002673	348	3140	2049	0	1423.65	150381	12.36	12.49	12.35	12.55	0.64
sz002670	-5241	-1257	0	0	-958.59	76457	19.31	19.41	19.18	19.65	-0.67
sh603331	-218	0	0	0	246.56	11479	19.59	19.87	19.38	20.20	0.97
sh600482	-2987	0	0	0	-486.73	29497	24.35	24.64	24.34	24.73	1.03
sh603488	-1109	0	0	0	-36.48	20571	18.10	18.16	18.00	18.57	0.33
sz300428	-1708	0	0	0	-614.05	34825	19.55	19.08	18.88	19.55	-3.20
sz300429	450	0	0	0	-256.80	8579	23.06	23.59	23.06	23.68	0.94
sh600809	-3118	-1259	-2259	0	-582.86	48426	59.21	58.91	58.00	59.30	-0.32
sh600804	-9780	-1027	0	0	-730.27	70363	17.28	17.42	17.17	17.58	0.75
sh600803	-11008	1899	2072	0	-1779.38	158195	14.98	15.03	14.85	15.26	-0.40
sz002581	-542	0	0	0	230.39	17109	18.85	19.08	18.84	19.18	1.22
sh600801	-126454	-52920	-42250	0	-13045.63	663417	14.54	14.13	13.75	14.55	-5.04
sz002078	-26912	-11109	-9736	0	-1969.07	285499	9.82	9.73	9.64	9.85	-0.51
sz002071	24735	15790	0	0	2304.91	75132	9.62	9.91	9.51	9.95	2.48
sh603042	1248	0	0	0	687.05	36326	27.58	28.59	27.56	29.19	2.51
sh603043	-309	0	0	0	-85.20	13438	19.18	19.31	18.95	19.38	0.47
sh603041	962	0	0	0	-294.43	7252	22.10	22.50	22.10	22.59	0.76
sh603599	-1146	0	0	0	-101.95	30885	19.78	19.70	19.52	20.16	-0.66
sh603912	-24262	-11375	-5164	0	9265.09	81585	26.00	28.59	25.61	28.59	10.00
sh603916	-149	3173	2059	0	305.96	109734	17.12	17.68	17.12	18.14	2.26
sh603917	37	0	0	0	2333.26	74061	26.90	28.26	26.77	28.72	3.55
sh603919	0	0	0	0	-235.45	11668	18.60	18.46	18.30	18.65	-1.02
sh603809	-336	0	0	0	1848.79	61555	35.88	37.44	35.42	38.70	5.17
sh600933	-15863	4355	0	0	-103.87	261749	16.31	17.00	16.11	17.34	2.47
sz002292	-11673	-1003	0	0	-935.97	76870	14.31	14.40	14.23	14.47	0.63
sz002293	2954	3339	0	0	788.46	81572	14.01	14.88	13.96	14.95	6.29
sz002294	-609	0	0	0	1178.75	50232	41.48	41.93	41.48	42.19	1.13
sz002100	-55	0	0	0	-23.03	19619	8.29	8.27	8.23	8.35	-0.48
sz002101	-2899	0	0	0	-424.36	17100	20.34	20.40	20.18	20.45	0.25
sz002456	-14761	-1417	-5166	0	-7405.80	395528	20.01	20.01	19.46	20.08	0.05
sz002454	-3229	0	0	0	-170.98	26804	12.29	12.29	12.10	12.34	-0.73
sz002450	-30433	-9775	-5454	0	2165.78	269865	21.65	21.80	21.33	21.94	0.46
sz002859	-2409	0	0	0	-1128.28	33220	34.85	34.96	34.70	35.27	2.10
sz002852	-259	0	0	0	-33.70	8742	32.58	33.06	32.40	33.50	0.79
sz002853	-2118	0	0	0	-696.51	48233	34.10	33.78	33.25	34.48	-0.94
sz002850	0	0	0	0	-179.72	4727	60.90	61.65	60.65	62.04	0.88
sz002856	7983	6254	4644	0	3269.65	43947	45.93	46.39	45.89	47.60	0.26
sz002857	0	0	0	0	-42.25	4304	27.63	28.03	27.05	28.36	0.65
sh601992	-48079	-12111	-10944	0	-4723.79	733799	5.96	5.90	5.86	5.98	-1.50
sh603825	0	0	0	0	-245.26	11640	30.46	31.26	30.04	31.68	2.56
sh603826	-240	0	0	0	312.49	36217	14.43	15.00	14.40	15.09	3.31
sh601997	-12184	-12	0	0	-2633.24	95830	14.11	14.05	14.03	14.26	-0.71
sh603823	0	0	0	0	-99.69	15752	15.96	16.23	15.84	16.29	2.01
sh601998	-93004	-51841	-61215	0	1879.50	904135	6.60	6.72	6.59	6.84	1.82
sh601999	6462	4067	2008	0	458.61	40303	7.58	7.77	7.54	7.79	2.51
sh603829	-505	0	0	0	606.40	60009	17.46	18.30	17.32	18.66	3.86
sh603139	464	0	0	0	-84.96	29829	26.60	27.05	26.40	27.98	0.86
sh603136	-240	0	0	0	558.01	15475	41.90	43.00	40.62	43.50	2.53
sh600240	-8824	-1914	0	0	-556.32	57322	9.06	9.09	8.96	9.14	0.33
sh603133	0	0	0	0	-236.75	12663	32.18	32.91	32.18	33.00	1.54
sh603131	0	0	0	0	-94.01	10714	20.34	20.63	20.31	20.86	1.43
sh600113	554	1063	0	0	-10.76	45373	10.30	10.59	10.23	10.70	2.42
sh601199	-4036	-1200	0	0	-63.97	19146	5.69	5.69	5.67	5.74	0.00
sh600115	-46537	5087	9545	0	2824.00	937337	8.21	8.26	8.03	8.28	0.85
sh600114	-16272	-5300	0	0	-753.18	57937	15.12	15.10	15.08	15.33	-0.98
sh600118	-804	0	0	0	223.99	38964	25.10	25.34	25.01	25.46	0.48
sz000988	-19961	-4732	0	0	-2310.07	137284	16.97	17.15	16.80	17.30	0.29
sh600029	-96659	-89312	-86063	0	-19133.30	1256268	11.42	11.29	11.04	11.42	-1.66
sh600028	-204559	-127160	-101341	0	3999.30	1635527	7.15	7.08	7.01	7.18	-0.98
sz000635	-6527	0	0	0	-649.25	41541	16.60	16.26	16.03	16.60	-1.87
sh600026	-12020	-2087	2599	0	-21.78	73508	6.24	6.23	6.20	6.25	-0.32
sz000631	-37354	-2647	-6510	0	-402.78	501276	4.73	4.84	4.56	4.90	1.04
sh600023	-28682	-23842	-19928	0	-39.57	179447	5.44	5.46	5.42	5.47	0.37
sz000985	-68	0	0	0	-55.95	9871	20.22	20.50	20.22	20.60	-0.49
sz000567	1331	0	0	0	996.79	22192	24.79	24.93	24.11	25.00	1.14
sh601377	-25112	-9039	-83	0	-1596.28	188549	7.34	7.40	7.34	7.41	0.14
sz000568	-6219	-1049	0	0	3391.10	74531	70.90	70.14	69.70	71.21	-1.11
sh600757	192	2192	0	0	159.84	56274	6.98	7.05	6.95	7.06	0.86
sh600755	-26792	4431	3865	0	-1357.85	206970	10.52	10.56	10.45	10.63	0.28
sh600754	1826	1445	0	0	3146.97	60789	33.97	35.31	33.50	35.55	3.85
sh600750	-2456	0	0	0	-1319.39	31269	26.48	26.71	26.35	26.86	0.79
sh600758	-10238	923	0	0	-678.38	72151	7.63	7.68	7.60	7.71	-0.13
sh603197	0	0	0	0	146.98	6266	52.20	52.51	52.00	52.87	0.63
sz002778	-249	0	0	0	-179.33	5857	25.01	25.02	24.75	25.25	-0.95
sh601579	234	0	0	0	-372.31	12829	12.08	12.05	12.02	12.14	-0.66
sz002223	-2018	0	0	0	-1270.70	42060	20.97	20.78	20.68	20.97	-1.14
sz002222	-3124	-1212	0	0	92.75	74240	18.12	18.41	17.93	18.60	0.66
sh603567	7	0	0	0	-65.22	7420	14.51	14.52	14.42	14.64	0.07
sz002677	-2495	0	0	0	209.28	15504	17.31	17.30	17.28	17.50	-0.86
sz300522	-592	0	0	0	428.10	11057	20.35	20.83	20.30	20.97	2.61
sz002063	-45194	-4204	-27578	0	-3057.50	1110994	13.10	13.77	12.88	13.77	9.98
sz300527	6	0	0	0	-381.80	7046	23.24	23.32	23.20	23.47	0.34
sz300526	439	0	0	0	246.03	15816	18.01	18.45	18.00	18.65	1.37
sz000338	-144581	-87967	-37587	0	-11747.11	655586	8.86	8.74	8.68	8.88	-2.02
sz300088	36222	30123	19099	0	834.66	398789	7.70	7.85	7.61	7.93	1.68
sh600170	-30799	-17534	-4613	0	-439.79	156424	3.78	3.80	3.78	3.81	0.00
sz300082	668	0	0	0	486.50	41626	6.94	7.06	6.90	7.08	1.44
sz000685	1682	2996	4500	0	130.97	33587	10.37	10.43	10.35	10.46	0.58
sz000686	-18459	-7442	-8322	0	-1813.69	157898	8.65	8.68	8.60	8.69	0.12
sz002669	-707	0	0	0	336.47	21214	23.53	24.83	23.18	24.95	4.28
sz002668	-3769	0	0	0	-639.96	53160	20.41	20.52	20.18	21.20	-1.54
sh603456	916	0	0	0	606.30	14494	15.08	15.30	14.92	15.40	1.32
sz002661	-321	0	0	0	-221.30	6036	14.37	14.37	14.29	14.45	-0.69
sz002664	-1828	0	0	0	-323.09	15735	26.81	26.64	26.47	26.81	-0.63
sz300554	0	0	0	0	-47.44	7926	59.00	60.28	57.72	61.35	1.48
sz300557	0	0	0	0	246.70	4077	36.65	37.42	36.11	37.44	2.10
sz300550	0	0	0	0	85.86	4204	30.36	31.03	30.15	31.13	2.07
sz300553	0	0	0	0	-6.33	1469	40.33	40.93	40.10	40.97	1.46
sz300558	0	0	0	0	-7.08	12249	63.01	63.00	62.78	64.30	-0.02
sz300559	0	0	0	0	42.77	2707	37.58	39.16	37.58	39.37	3.76
sh603555	-1218	0	0	0	-385.73	10832	18.17	18.00	18.00	18.17	-0.99
sh603708	-4977	0	0	0	846.07	33967	21.66	21.74	21.51	22.20	-0.69
sh600831	-203	-1033	0	0	2.98	46340	8.14	8.38	8.09	8.39	2.82
sh600837	-29373	-6082	-1126	0	-3004.86	174556	13.48	13.35	13.26	13.49	-1.26
sz300439	-1479	0	0	0	-816.71	16641	19.07	19.04	18.67	19.07	0.05
sh600835	-10016	-2937	0	0	1043.18	100202	24.65	24.85	24.37	25.18	0.44
sz002597	-7037	0	0	0	-1374.42	72628	25.91	26.05	25.76	26.23	0.73
sz002595	-180	0	0	0	-194.60	19993	18.91	18.53	18.46	19.05	-2.47
sz300433	-11931	0	0	0	-2491.39	111148	30.34	30.28	29.58	30.66	-2.32
sz300430	0	0	0	0	20.89	4560	19.30	19.55	19.18	19.59	1.03
sz002068	-13069	-3747	-2603	0	-489.84	56979	10.30	10.25	10.18	10.37	-1.16
sz002067	-8028	3167	-1973	0	304.37	127596	6.04	6.01	6.01	6.08	0.00
sz002065	54690	78448	47280	0	-51.30	1036913	8.56	9.06	8.53	9.32	4.86
sh603055	3378	1322	0	0	583.95	65554	16.54	16.94	16.43	17.37	1.80
sh603586	0	0	0	0	-78.33	9649	23.90	24.14	23.68	24.20	0.79
sh603585	0	0	0	0	-53.23	5231	32.03	32.34	32.03	32.38	0.40
sh603580	0	0	0	0	155.83	6795	29.79	30.62	29.79	30.71	1.93
sh603589	-2242	0	0	0	-472.25	33464	49.70	49.66	48.91	49.94	-0.86
sh603903	-514	0	0	0	-451.45	16297	38.29	38.51	37.65	38.61	-1.48
sh603900	-2596	0	0	0	-794.70	21843	31.31	31.13	30.58	31.90	-1.30
sh603906	-450	0	0	0	39.10	10713	14.82	15.26	14.82	15.27	1.94
sh603909	-200	0	0	0	-10.74	1486	31.54	31.77	31.35	31.94	1.02
sh603557	0	0	0	0	293.87	18296	14.82	15.34	14.82	15.44	2.61
sz002502	-6442	-5205	-3914	0	-608.49	26334	8.58	8.62	8.56	8.67	0.23
sz002283	-7989	-5821	-4110	0	-87.89	69535	5.74	5.82	5.67	5.82	1.39
sz300722	-1887	0	0	0	-80.29	42454	35.45	35.83	34.77	37.20	0.00
sz300720	-1433	0	0	0	26.09	26781	30.35	31.49	30.04	31.94	2.74
sz002287	0	0	0	0	-177.45	10676	36.08	36.08	35.64	36.45	-0.74
sh600900	8383	11099	6391	0	2780.38	188207	16.23	16.32	16.17	16.41	0.93
sh603637	0	0	0	0	199.85	7395	24.25	24.41	24.19	24.45	0.41
sh603630	-257	0	0	0	-26.18	12232	27.60	28.15	27.27	28.18	1.85
sh603633	0	0	0	0	4.57	8180	17.55	18.02	17.54	18.08	2.21
sz002441	-610	0	0	0	177.29	30782	9.99	10.17	9.96	10.22	1.80
sz002440	-4108	-975	-5730	0	332.91	156284	19.76	20.31	19.46	20.34	2.16
sz002111	-255	0	0	0	-73.82	12662	14.39	14.50	14.31	14.55	0.76
sz002110	-79700	-28786	-13397	0	-8566.30	393100	24.04	22.86	22.61	24.08	-6.04
sz002117	-3931	0	0	0	608.27	63205	19.99	20.53	19.66	20.88	2.09
sz002116	-660	0	0	0	-5.99	9456	10.67	10.75	10.62	10.78	0.75
sz002449	-3695	2165	0	0	-1745.07	70594	17.40	17.57	17.40	17.76	0.40
sz002448	-5238	-2623	0	0	-483.74	27648	9.06	9.08	9.00	9.12	0.22
sz002119	1352	2400	2400	0	76.35	17241	18.50	19.06	18.43	19.06	1.87
sh600340	-5850	14735	4766	0	25892.80	458200	39.47	40.05	38.68	40.15	1.47
sz300497	0	0	0	0	-56.01	8086	36.01	36.46	36.01	36.75	0.50
sh600345	-4470	3490	3209	0	-2470.16	192039	30.86	33.05	30.47	34.00	6.75
sh600346	-30303	-17536	-10497	0	-3122.86	231711	13.98	13.88	13.51	13.98	0.65
sh601985	-1466	6993	7977	0	996.60	154212	7.38	7.39	7.36	7.41	-0.14
sh601988	342986	389649	371917	0	11120.80	2447965	4.03	4.09	4.03	4.10	1.49
sz000960	-20449	-839	5238	0	-1431.74	141629	13.42	13.41	13.33	13.62	-0.22
sz000963	-1932	0	0	0	1357.07	33382	57.32	57.10	56.83	57.91	-1.04
sh603127	0	0	0	0	452.63	8283	56.50	57.53	55.55	58.28	1.25
sh603129	0	0	0	0	353.19	16265	25.98	26.85	25.67	26.86	2.68
sh603128	-10461	1248	0	0	-235.78	128537	8.71	8.82	8.64	8.86	0.80
sh600236	-11959	-1400	0	0	-147.43	32831	5.69	5.67	5.65	5.71	-0.35
sh600230	-8381	2531	0	0	-7233.54	117884	48.24	46.86	46.81	48.50	-3.66
sh600231	-90575	-45407	-42790	0	-5753.22	384677	5.13	5.04	4.99	5.13	-2.33
sh600233	-1640	0	0	0	-412.79	20626	16.97	16.97	16.81	17.14	-0.35
sh600697	316	0	0	0	120.60	8538	25.49	25.59	25.40	25.60	0.39
sh600694	-586	0	0	0	-109.40	9797	33.94	34.23	33.71	34.30	0.88
sh600160	-33368	-8890	-199	0	-2304.35	150942	11.27	11.14	11.08	11.32	-0.80
sh601188	335	0	0	0	-78.55	11857	4.14	4.17	4.14	4.17	0.48
sh600690	-37785	6394	2907	0	5579.60	680238	20.65	20.96	20.52	21.30	1.01
sh601186	-7834	5183	6012	0	1461.83	210578	11.55	11.57	11.54	11.65	0.09
sh600168	-2460	-1208	0	0	8.09	16325	8.39	8.43	8.38	8.44	0.72
sh603369	-4536	492	0	0	-456.89	100570	16.30	16.36	16.08	16.45	0.31
sh603368	0	0	0	0	-154.71	5715	47.70	47.98	47.31	48.03	0.65
sh600580	15082	10234	-2144	0	795.91	182535	8.55	8.77	8.52	8.87	3.30
sh600581	-85525	-37079	-11708	0	-14437.84	437291	14.50	14.06	13.93	14.56	-4.87
sz000999	-607	0	0	0	288.34	32026	26.50	26.54	26.37	26.65	0.23
sh600585	-150381	-90862	-51897	0	-66455.50	1211713	32.90	31.24	30.77	32.90	-7.33
sz000627	2605	-717	2000	0	614.24	112891	8.21	8.24	8.13	8.29	0.37
sz000626	-2147	0	0	0	-511.56	23866	13.24	13.43	13.12	13.47	0.60
sz000625	-38477	-22841	-14551	0	-1072.13	150390	13.05	12.94	12.93	13.05	-0.84
sz000623	-9507	-3032	0	0	-255.63	60925	22.36	22.46	22.30	22.52	0.00
sz000990	-2871	0	0	0	-8.04	28852	17.54	17.47	17.32	17.60	-0.96
sz000620	2117	1997	4031	0	-205.22	33950	6.33	6.40	6.25	6.40	0.16
sh600768	-653	0	0	0	-109.92	11387	14.22	14.26	14.13	14.28	0.49
sh601366	1677	0	0	0	174.07	27882	10.25	10.40	10.17	10.47	1.17
sh601368	-1002	0	0	0	-46.29	12610	8.91	8.95	8.83	8.96	0.45
sh600761	-10822	-2921	-2921	0	-494.33	45508	10.66	10.64	10.52	10.67	-0.47
sh600765	-12524	-10079	-9078	0	35.89	59805	12.38	12.39	12.25	12.44	0.08
sh600569	-154518	-97113	-58656	0	-8665.94	678507	5.10	4.98	4.95	5.11	-3.11
sz300338	0	0	0	0	-305.02	7195	20.34	20.27	20.10	20.40	-0.34
sh600562	-3350	0	0	0	-2000.37	29523	23.22	23.10	22.80	23.37	-0.17
sh600563	0	0	0	0	-8.73	8519	47.91	48.23	47.51	48.80	0.48
sh600565	-389	4432	-4428	0	1251.10	314674	4.43	4.46	4.38	4.47	1.13
sh600566	4111	1200	0	0	467.27	65302	40.80	41.64	40.80	42.46	3.25
sh600567	-95894	-64692	-60810	0	-6730.88	620192	4.61	4.56	4.53	4.63	-2.56
sz001979	-44201	-20916	-12519	0	-12477.10	328575	21.89	21.45	21.30	21.90	-1.38
sh601966	-505	0	0	0	-542.85	39471	18.19	18.01	17.90	18.20	-1.15
sh601965	-3454	0	0	0	-113.81	28997	8.74	8.73	8.71	8.84	-1.13
sh601567	-4281	0	0	0	-345.02	23330	9.69	9.60	9.51	9.73	-0.83
sh601566	-718	0	0	0	243.15	17599	14.23	14.22	14.17	14.24	0.07
sz300097	-1087	0	0	0	-1227.23	40394	26.47	26.82	26.21	26.88	1.32
sz002615	6184	1946	-2059	0	978.85	50750	9.93	10.03	9.88	10.17	0.30
sz002617	-10925	-2528	-2528	0	-1528.33	29439	16.00	15.68	15.54	16.00	0.00
sz002612	-17	0	0	0	-77.17	19721	11.73	11.95	11.71	11.96	1.53
sz300547	0	0	0	0	201.16	3409	48.33	48.88	47.90	49.16	0.83
sz300546	0	0	0	0	55.07	7690	20.45	21.09	20.45	21.20	2.03
sz300545	0	0	0	0	137.57	3585	61.68	61.99	61.00	62.89	0.02
sz300543	0	0	0	0	105.72	13818	29.50	30.05	29.13	30.41	1.52
sz300548	0	0	0	0	201.48	7904	47.11	48.60	47.07	48.77	2.94
sz000049	-2631	0	0	0	-228.37	32184	39.72	40.25	38.98	40.33	1.31
sz300403	-1662	0	0	0	6.65	20963	15.71	15.71	15.47	15.75	0.00
sh600827	-12951	-4277	-3261	0	-2768.61	73800	13.44	13.21	13.12	13.44	-1.64
sz300401	-390	0	0	0	1505.31	30889	44.15	47.32	44.15	47.57	6.05
sz300407	-7950	-1870	0	0	-488.94	76577	12.42	12.62	12.23	12.67	-0.47
sh600823	-295170	-212559	-162249	0	-8339.90	1551615	6.55	6.38	6.26	6.56	-4.06
sz300408	-4588	-1807	-2619	0	-1002.47	68364	22.00	21.94	21.70	22.03	-0.09
sz300409	-4055	0	0	0	-1651.69	65712	56.71	54.63	53.70	57.60	-1.48
sh600828	-599	-1469	0	0	-177.56	33755	6.33	6.37	6.26	6.39	-0.16
sz002053	-616	0	0	0	-103.41	35435	11.41	11.48	11.35	11.49	0.35
sz002051	1002	0	0	0	-472.16	33918	18.70	18.72	18.56	18.78	0.54
sz002056	-62274	-22532	-20554	0	-2895.42	340900	11.23	11.23	11.06	11.34	-0.53
sz002057	-1960	0	0	0	-171.62	31798	12.76	12.84	12.63	12.93	0.00
sz002726	-2316	0	0	0	-198.12	36704	11.70	11.65	11.46	11.81	-0.26
sz002727	-875	1000	0	0	1380.45	38279	21.36	21.10	20.91	21.42	0.52
sz002728	-752	0	0	0	243.78	18549	18.55	18.92	18.21	18.97	1.99
sh603025	0	0	0	0	-52.99	7135	30.50	30.50	30.19	30.70	-0.03
sh603026	-220	0	0	0	-35.56	14043	24.19	24.53	24.19	24.59	0.86
sh603027	-705	0	0	0	-296.22	12603	19.31	19.07	19.01	19.31	-1.24
sh603020	333	0	0	0	-27.12	9122	12.16	12.28	12.15	12.34	0.74
sz002627	402	0	0	0	-114.67	5373	18.12	18.23	18.09	18.27	0.22
sz002626	-2516	184	0	0	-843.27	38329	20.00	19.86	19.61	20.10	-0.70
sh601818	250864	211237	151956	0	-6799.70	2015684	4.14	4.15	4.12	4.17	0.48
sz002620	1969	0	0	0	-45.56	29042	9.41	9.53	9.33	9.60	1.28
sh603936	0	0	0	0	25.84	8742	23.88	24.15	23.83	24.34	0.37
sh603937	-9158	0	0	0	1216.50	195659	24.12	25.82	24.11	26.60	4.75
sh603933	0	0	0	0	-641.28	11598	50.56	51.15	49.96	51.45	0.77
sh603938	-126	0	0	0	-2781.94	25889	38.00	38.17	37.80	38.88	-0.52
sh600917	-45353	-3248	-3514	0	-2131.88	341116	12.10	11.44	11.41	12.48	-5.84
sz300716	-3461	0	0	0	155.06	71829	27.87	28.18	26.61	29.00	0.86
sz300717	-438	0	0	0	80.64	25312	36.03	37.24	35.60	37.79	3.02
sz300715	-491	0	0	0	-298.76	11703	32.67	33.10	32.31	33.46	1.19
sz300712	-1646	0	0	0	15.66	27097	23.25	23.91	23.01	24.28	1.70
sz300710	-243	0	0	0	983.18	18054	40.05	41.71	40.01	42.40	2.58
sz300711	4544	7550	6417	0	8680.23	101377	26.84	29.81	26.52	29.81	10.00
sz300718	-424	0	0	0	-24.54	19764	37.92	38.64	37.70	39.28	0.99
sz002434	-6097	-2687	0	0	182.33	64309	10.17	10.18	10.08	10.19	0.20
sz002435	-283	0	0	0	-77.90	5680	17.12	17.02	16.95	17.20	-1.56
sz002124	-2032	-1404	0	0	-563.14	21179	8.73	8.70	8.64	8.73	-0.34
sz002123	3005	4716	4716	0	1129.73	70583	10.22	10.41	10.14	10.48	1.17
sh603336	0	0	0	0	-34.29	19031	22.18	22.76	22.08	22.95	1.25
sh603339	0	0	0	0	280.47	10846	23.28	23.58	23.10	23.65	1.07
sz002128	-17873	-2031	0	0	-2984.26	203369	11.42	11.44	11.31	11.60	0.53
sh600352	16982	26659	3645	0	-1149.20	651970	12.40	12.48	12.15	12.52	1.13
sh603808	-1836	0	0	0	-327.67	28973	21.25	21.21	20.82	21.37	0.66
sh600350	8066	14527	16353	0	47.82	117393	6.15	6.18	6.13	6.20	0.49
sh600356	-389	0	0	0	-83.25	12853	8.31	8.39	8.31	8.41	0.60
sh600354	-7532	-1259	0	0	-325.79	63440	7.11	7.15	7.04	7.18	0.42
sh603803	81	1074	0	0	180.30	36250	17.51	18.59	17.50	18.67	5.69
sh603801	-292	0	0	0	-1523.12	14086	55.40	53.91	53.60	55.73	-2.12
sh603806	0	0	0	0	-134.19	6341	34.40	34.18	33.88	34.66	-0.35
sz002108	-938	1048	0	0	137.88	96007	12.01	12.08	11.90	12.11	0.08
sz002548	-225	0	0	0	-86.51	7302	10.70	10.74	10.62	10.75	0.47
sh603157	2501	3187	3187	0	687.61	87842	16.77	17.62	16.64	17.96	4.45
sh600229	-425	0	0	0	-0.77	18776	7.63	7.74	7.61	7.77	1.31
sz002540	-1660	1989	0	0	-348.17	27208	7.58	7.57	7.50	7.63	-0.13
sz002541	137	0	0	0	60.39	12634	13.89	13.95	13.83	14.05	0.43
sz002543	-7499	0	0	0	-1304.97	28145	21.77	21.40	21.20	21.77	-1.97
sh603158	-382	0	0	0	-139.05	2581	18.35	18.34	18.28	18.45	-0.76
sh603159	0	0	0	0	20.35	7459	24.60	24.95	24.38	25.07	1.30
sh600177	-2432	4729	0	0	-529.96	74662	9.54	9.53	9.48	9.59	-0.21
sh600176	-52927	-6642	-15943	0	-7014.31	386319	17.54	17.01	16.77	17.60	-2.97
sz000408	-10110	-5213	-5880	0	-1459.21	171104	18.78	19.31	18.62	19.73	1.52
sh600173	-23136	1245	-2500	0	-864.50	169833	6.39	6.32	6.24	6.48	-2.92
sh600171	-42703	-487	2626	0	-4289.23	268007	15.79	15.76	15.51	15.99	-0.94
sz000761	-45762	-32152	-19907	0	-2129.41	178797	5.38	5.29	5.26	5.38	-1.49
sh600179	11070	3951	-1751	0	1245.72	112352	28.08	28.31	27.80	28.35	0.50
sh601888	-3782	-1331	0	0	-1304.65	80053	46.40	45.89	45.13	46.50	-1.06
sh601886	11496	5524	4068	0	-233.36	50336	8.76	8.92	8.63	8.94	1.25
sz000612	-3498	0	0	0	-81.75	42779	8.93	9.02	8.88	9.03	0.56
sh600594	-2050	3505	0	0	153.29	72045	10.46	10.55	10.35	10.59	0.57
sh600597	-22618	-9349	-5066	0	-2062.49	120994	15.09	14.72	14.69	15.09	-2.77
sh600596	-16125	-7302	-9981	0	836.70	517800	11.75	12.02	11.62	12.17	0.59
sh600593	372	0	0	0	284.48	6189	28.20	28.01	27.78	28.23	0.04
sz000967	-4323	0	0	0	-240.06	31806	9.32	9.37	9.26	9.45	-0.11
sh600598	-27421	5955	4302	0	-788.20	427142	11.12	11.28	10.96	11.43	1.08
sh600779	-5370	0	0	0	-5812.68	70229	49.00	47.85	47.33	49.01	-2.15
sh601311	-1613	0	0	0	485.91	55961	13.08	13.37	13.00	13.39	2.22
sh600771	-3465	0	0	0	-6.06	25866	43.00	43.02	42.50	43.30	-0.37
sh600572	-7083	3981	-14	0	-422.50	93421	7.30	7.25	7.20	7.32	-0.28
sh601088	-66799	-23962	-7066	0	-15487.50	465576	24.95	24.28	24.08	25.12	-2.53
sh600688	-83844	-35960	-26702	0	-891.09	342379	6.99	6.87	6.83	7.02	-1.86
sh600681	-15360	-2730	0	0	1772.71	114124	14.88	14.23	14.16	14.88	0.78
sh601952	-4418	-958	-2014	0	-200.81	84326	13.19	13.33	13.11	13.35	0.60
sh600684	-109659	-88695	-88373	0	-5653.72	497851	6.79	6.80	6.58	6.92	-1.73
sh600687	4926	1000	0	0	315.89	28889	11.49	11.56	11.42	11.60	0.43
sh601229	-26578	-13975	-8239	0	-1630.18	185890	14.80	14.80	14.71	14.95	-0.07
sh601225	-55945	-51649	-63432	0	-14292.10	866417	9.19	8.96	8.83	9.24	-2.93
sh601555	-3572	4888	5336	0	-447.99	110102	9.62	9.68	9.54	9.72	0.41
sh601799	-227	0	0	0	19.07	4604	51.01	50.54	49.90	51.01	-0.65
sz000548	-3875	1700	0	0	-249.02	31100	6.68	6.67	6.61	6.72	-0.15
sz000811	-2578	1042	0	0	143.66	40318	8.03	8.09	8.01	8.13	0.50
sz000813	-4984	208	2376	0	-561.98	68254	8.88	8.99	8.75	8.99	1.24
sz000546	-9620	-1647	0	0	-1477.21	50190	17.15	16.63	16.32	17.15	-3.03
sz000544	-2162	0	0	0	-270.90	12392	14.84	14.77	14.67	14.85	-1.27
sz300393	155	1012	0	0	649.94	20057	35.80	37.55	35.80	37.85	3.87
sz300396	-458	0	0	0	-401.10	11655	43.50	43.65	43.11	44.18	0.37
sz300395	-2055	0	0	0	-495.74	19141	16.15	16.05	16.00	16.18	-0.93
sz300158	-3823	0	0	0	-282.70	23908	14.09	14.18	14.01	14.22	0.64
sz000541	-3840	-1010	0	0	-662.76	58210	9.28	9.29	9.23	9.34	0.00
sz002714	-2426	-1141	0	0	-557.82	41566	59.20	58.68	58.00	59.20	-1.10
sh600986	1113	0	0	0	407.09	22460	10.80	11.03	10.75	11.09	2.22
sz002653	-435	0	0	0	-86.20	7533	11.56	11.53	11.42	11.60	-0.26
sz300572	0	0	0	0	211.25	3830	61.14	64.70	61.00	64.88	5.84
sz300573	311	0	0	0	-68.01	9400	24.55	25.17	24.24	25.53	2.73
sz300570	-1172	0	0	0	497.24	72435	20.92	21.45	20.75	21.79	1.37
sz300571	0	0	0	0	232.24	5198	46.50	47.36	46.02	47.37	1.83
sz002603	-8703	-265	3363	0	252.66	87285	16.28	16.09	16.05	16.35	-0.62
sz002602	507	0	0	0	-1507.52	19406	35.10	34.80	34.39	35.16	-0.68
sz300575	0	0	0	0	18.33	5472	39.92	40.61	39.85	40.66	0.97
sz300378	-4993	-1000	0	0	396.30	71131	14.95	15.58	14.87	15.79	3.59
sh600985	-14929	-2696	0	0	-236.66	99778	15.49	15.19	14.91	15.85	-0.65
sz300371	-678	0	0	0	-112.41	8695	19.00	19.10	18.67	19.18	0.53
sz300374	-1480	0	0	0	-627.03	31880	15.84	15.71	15.36	15.85	-1.13
sz300375	-8624	-4213	0	0	-2520.78	59919	17.90	17.95	17.70	18.07	-0.39
sz300376	-4709	-1170	0	0	-574.20	108715	7.29	7.39	7.21	7.45	1.09
sz300501	0	0	0	0	11.58	3217	34.33	34.66	34.00	34.87	1.35
sh601198	-19547	1239	0	0	-2737.55	86528	14.20	14.20	14.10	14.28	0.00
sz002733	-78	-1149	0	0	-406.78	22811	17.28	17.38	17.03	17.41	0.06
sz002732	-1129	0	0	0	-222.69	8542	28.00	28.10	27.60	28.20	0.43
sz002731	90	0	0	0	-87.62	6209	18.05	18.18	17.98	18.20	0.33
sz002043	1455	4050	2201	0	-789.79	119731	12.35	12.47	12.30	12.61	1.14
sh603033	0	0	0	0	32.71	3753	18.37	18.63	18.36	18.66	1.64
sz002048	-8757	-1593	0	0	-661.24	53306	24.71	24.51	24.23	24.78	-1.41
sh603031	0	0	0	0	59.63	4630	24.12	24.49	23.83	24.59	1.87
sh600969	-866	0	0	0	-152.34	9180	12.48	12.49	12.40	12.52	0.16
sz300701	-937	-1272	0	0	280.70	30356	36.95	39.18	36.50	39.27	5.66
sh600966	-17491	-3806	0	0	-792.33	136114	6.12	6.12	6.09	6.19	-0.33
sz300702	43	0	0	0	-294.99	23921	42.20	43.50	41.70	44.44	2.69
sz300705	-2031	0	0	0	-573.29	75117	30.04	31.50	30.04	33.60	1.12
sz300707	-596	0	0	0	-86.67	14928	43.50	44.95	43.50	45.44	1.03
sz002139	-23780	-10599	-7338	0	-3416.38	105247	11.26	11.27	10.98	11.43	-0.09
sz002138	-1268	0	0	0	-553.96	54455	16.93	17.04	16.82	17.13	1.91
sz002136	-553	0	0	0	-178.99	23531	14.55	14.59	14.43	14.71	-0.27
sh603323	-27417	-8024	-5381	0	-1666.04	150991	8.65	8.58	8.56	8.75	-0.69
sh603321	-947	1392	0	0	282.12	50734	11.38	11.93	11.18	11.94	3.65
sh603320	-948	0	0	0	-363.80	62988	29.61	29.96	29.01	31.48	-1.22
sh603326	0	0	0	0	81.59	7914	19.02	19.33	18.91	19.45	1.20
sh603496	0	0	0	0	203.69	9431	32.52	33.47	32.30	33.75	2.98
sh603499	-300	0	0	0	235.84	18480	23.39	24.23	23.16	24.25	3.11
sh603328	-4685	-1002	0	0	-393.56	45544	15.11	14.97	14.82	15.25	-1.32
sh600367	-4183	0	0	0	-513.09	40118	11.22	11.30	11.19	11.42	0.00
sh603819	0	0	0	0	47.47	9129	17.06	17.36	16.66	17.42	1.52
sh603818	-203	0	0	0	-49.66	6721	13.88	14.01	13.88	14.08	0.50
sz002080	-3537	0	0	0	-1885.16	60286	25.73	25.05	24.71	25.75	-2.53
sh603816	0	0	0	0	-1284.61	10758	61.29	60.46	60.00	61.30	-1.50
sh603811	-466	0	0	0	234.27	14446	31.53	32.26	31.14	32.77	1.70
sh603813	-500	0	0	0	254.69	17846	28.59	29.51	28.55	29.88	2.18
sh603928	-300	0	0	0	-75.68	9879	14.92	15.17	14.87	15.20	1.20
sh600211	0	0	0	0	71.37	5444	34.06	34.66	34.06	34.78	0.58
sh603920	2522	1146	0	0	1034.21	89623	18.99	19.48	18.72	19.68	2.26
sz002551	-923	0	0	0	163.14	33203	9.21	9.29	9.15	9.34	0.76
sh603922	-40	0	0	0	806.29	62785	27.60	29.48	27.25	30.25	6.01
sz002557	-5691	-2059	0	0	-377.56	24775	15.63	15.50	15.38	15.63	-0.90
sh603926	-247	0	0	0	-182.64	7047	26.17	26.57	25.99	26.66	1.45
sh601163	502	0	0	0	95.95	19146	20.47	20.57	20.37	20.67	0.24
sh601166	-254638	-229362	-238188	0	-22877.60	1797764	18.15	18.03	17.89	18.28	-0.83
sh601169	-43645	2396	-1048	0	2864.89	430327	7.29	7.30	7.28	7.36	0.00
sz000605	-361	0	0	0	-161.98	25999	18.71	18.97	18.47	18.97	1.17
sz000601	-3233	-3240	0	0	-275.77	17128	7.38	7.35	7.30	7.39	-0.68
sz000975	-586	1140	-886	0	1776.20	104450	13.97	14.19	13.95	14.21	1.28
sz000609	-371	0	0	0	274.01	20924	11.10	11.23	11.00	11.33	0.45
sz000608	-4307	1445	0	0	201.10	28737	6.83	6.75	6.70	6.85	-1.17
sh600782	-132779	-81654	-48909	0	-9859.73	707058	7.35	7.14	7.12	7.41	-4.67
sh600783	-2627	0	0	0	-334.45	32888	14.54	14.60	14.40	14.72	0.27
sh600785	0	0	0	0	-2.26	3152	20.87	21.17	20.74	21.33	1.24
sh600787	-33922	-6536	-2404	0	-1990.16	141718	11.56	11.36	11.35	11.56	-1.82
sh600548	-3199	0	0	0	-94.92	19881	9.04	8.98	8.96	9.04	-0.33
sh600549	-6097	5315	2112	0	-5113.71	288360	26.24	26.58	26.12	27.20	0.72
sh600547	-9352	-1633	0	0	-576.74	152866	31.46	31.58	31.29	31.95	1.06
sz002735	0	0	0	0	-66.55	2155	32.01	32.25	31.68	32.34	0.75
sh601098	-2805	-235	0	0	-338.27	51464	14.00	14.05	13.88	14.09	0.29
sz000779	-943	0	0	0	-162.41	9714	13.65	13.80	13.57	13.81	1.17
sz000778	-42174	-20123	-9120	0	-1447.72	207921	5.48	5.44	5.41	5.49	-0.37
sh601766	-46441	-307	-8612	0	-15624.80	1175484	12.13	12.23	12.02	12.25	-0.08
sh600141	-6439	-206	0	0	-313.76	85753	18.34	18.44	18.19	18.64	-0.43
sz000639	-927	0	0	0	160.66	15772	19.07	19.20	19.02	19.28	0.73
sh601238	-2319	-1093	0	0	627.97	43983	24.59	24.59	24.43	24.63	-0.04
sh600180	2998	2775	2775	0	1004.09	57162	10.65	10.90	10.65	11.18	1.30
sh601233	-28887	-12706	-11801	0	-4593.23	208533	26.80	26.46	26.21	26.83	-0.26
sh601231	-612	-417	0	0	-439.26	110159	14.32	14.53	14.22	14.61	0.48
sz000151	-497	0	0	0	210.44	18860	12.60	12.69	12.41	12.69	0.63
sh601788	-8195	3564	0	0	-1435.99	86754	13.80	13.76	13.70	13.80	-0.29
sz000983	-57185	-30570	-23452	0	-2782.88	413576	10.62	10.43	10.27	10.76	-2.25
sz000980	-6017	-174	0	0	-96.69	76121	11.97	12.08	11.90	12.15	0.08
sz002408	-7736	-2231	0	0	-388.03	58448	12.55	12.52	12.44	12.67	-0.48
sz000981	-4201	0	0	0	16.82	20933	8.86	8.81	8.74	8.86	-0.56
sh600020	-9800	-10539	-3948	0	-484.77	92573	5.01	5.03	4.99	5.04	0.20
sz000559	-16862	-6767	2372	0	-1633.53	140799	10.01	10.02	9.85	10.14	-0.79
sz002155	-1569	1595	0	0	-349.81	109588	9.53	9.59	9.51	9.67	1.16
sz000553	-4872	0	0	0	-1054.67	44226	16.41	16.34	16.21	16.51	-1.45
sz300385	0	0	0	0	23.08	5428	24.40	24.71	24.25	24.74	1.10
sz300384	114	0	0	0	297.53	7883	28.20	28.94	27.80	28.96	2.62
sz300387	-8156	-2464	0	0	-288.15	45760	18.13	18.25	17.80	18.45	-1.35
sz002153	551	-270	0	0	387.49	105460	26.28	27.22	25.70	27.50	2.33
sz300388	-2134	0	0	0	-1411.36	30811	22.30	22.26	22.02	22.50	0.09
sz300146	-16749	-2022	-3696	0	1193.98	225486	15.71	15.80	15.50	15.85	0.32
sz300145	-12141	-460	691	0	-1540.97	70738	11.96	11.94	11.80	11.98	-0.17
sz300144	-3183	-1374	0	0	-1364.78	55350	18.33	18.27	18.11	18.41	-0.16
sz002016	-16635	-1914	2816	0	-1145.69	159155	11.95	11.94	11.60	12.17	-0.58
sz002636	-2159	-1001	0	0	-851.77	41436	16.07	16.21	16.07	16.35	-0.18
sz002637	518	0	0	0	34.01	12070	10.75	10.85	10.65	10.86	0.93
sz002635	4457	5597	3039	0	-4504.76	181682	23.49	23.98	23.10	24.24	2.00
sz300565	-492	0	0	0	386.63	24222	21.33	21.75	21.10	22.05	2.11
sz300561	0	0	0	0	428.18	11251	32.33	33.90	32.24	34.79	4.15
sz300560	-130	0	0	0	494.55	21510	33.23	34.24	33.23	34.68	2.12
sz300563	0	0	0	0	-37.75	4370	30.62	31.34	30.46	31.45	2.32
sz300360	1801	1285	0	0	370.88	22359	10.53	10.75	10.51	10.77	1.90
sz300365	-11992	-13221	-13221	0	-524.07	97252	34.56	34.15	33.50	34.99	5.73
sh603797	-2040	1206	0	0	33.27	66869	20.35	20.63	19.57	20.96	1.53
sh603798	0	0	0	0	5.54	4742	17.05	17.32	17.05	17.47	0.41
sh603001	1927	0	0	0	-124.55	14579	14.65	14.79	14.60	14.81	0.61
sh603007	301	0	0	0	-130.81	13346	12.78	12.72	12.54	12.78	-0.62
sh603556	791	0	0	0	-44.53	6411	35.54	36.09	35.53	36.19	1.09
sz002701	1357	3040	2085	0	-245.65	57389	6.07	6.11	6.06	6.13	0.33
sh603008	-1047	0	0	0	220.87	26941	18.90	19.06	18.75	19.09	1.17
sz002094	-11920	-2128	0	0	-1865.93	155581	17.71	18.38	17.71	18.78	3.43
sz002092	-14120	1054	-1032	0	-2525.19	324869	14.78	14.86	14.71	15.07	0.00
sz002090	-300	0	0	0	564.23	10501	22.30	22.60	22.20	22.69	1.85
sz002091	-526	0	0	0	155.89	51714	9.03	9.10	9.00	9.13	0.66
sh600979	-7170	-1503	0	0	81.92	31796	5.27	5.29	5.23	5.31	0.19
sh600978	3136	1330	0	0	160.24	50136	9.10	9.28	9.07	9.33	1.75
sh600977	757	1159	0	0	246.08	78917	15.20	15.33	15.03	15.34	0.66
sh600976	-1623	0	0	0	446.60	14207	23.50	24.02	23.18	24.05	1.35
sh600971	-70491	-31646	-8838	0	-5824.13	267953	11.23	10.93	10.88	11.30	-2.84
sh600970	-75217	-53881	-41870	0	-3940.51	297546	10.28	10.10	9.99	10.31	-1.75
sz002419	15923	11354	7995	0	3961.71	206511	15.65	16.89	15.56	17.22	7.92
sz002148	28035	20143	13635	0	2766.18	220536	9.08	9.57	9.03	9.82	4.82
sz002144	-499	0	0	0	-131.25	6879	14.00	14.15	13.98	14.16	0.57
sz002146	-29442	8423	-17621	0	4574.20	566170	11.01	10.98	10.71	11.06	-1.08
sz002416	-1043	0	0	0	-70.93	47565	9.37	9.45	9.29	9.56	0.11
sz002142	764	3728	2247	0	2271.34	224985	18.00	18.28	17.93	18.47	1.39
sz002143	-14450	-2740	-2830	0	1118.76	74482	13.55	13.69	13.50	13.95	0.44
sh603316	0	0	0	0	-21.52	10958	14.04	14.25	13.90	14.34	1.71
sh603313	331	0	0	0	-529.59	39886	26.49	27.64	26.16	28.30	3.71
sh603311	0	0	0	0	-95.24	6502	15.97	16.01	15.80	16.07	0.57
sz002380	733	0	0	0	-193.93	7403	16.56	16.86	16.52	16.94	0.36
sz002381	-583	0	0	0	54.13	12189	7.76	7.81	7.69	7.84	0.90
sz002384	-2846	1007	0	0	740.17	80040	29.70	30.46	29.45	30.88	1.53
sh603319	0	0	0	0	-211.83	8129	28.78	29.51	28.66	29.54	1.76
sz002896	0	0	0	0	409.30	11473	39.00	39.74	38.84	40.18	1.12
sz002897	29	0	0	0	483.97	20354	36.20	37.54	36.13	38.04	2.51
sz002895	-1840	0	0	0	-485.92	51929	24.17	24.79	23.70	25.47	0.69
sz002892	-891	0	0	0	-74.73	16890	41.20	41.61	40.60	42.16	0.22
sz002893	-31756	-22846	-20228	0	3230.80	140737	36.21	36.21	34.30	36.21	9.99
sz002890	0	0	0	0	-51.45	5483	33.11	33.60	32.61	33.75	1.20
sz002891	741	0	0	0	-107.33	6851	34.32	34.88	34.32	34.98	0.90
sz002898	9318	9187	10369	0	6416.29	81497	21.78	24.31	21.50	24.31	10.00
sz002899	-464	0	0	0	-408.87	27507	27.90	28.76	27.53	29.19	3.60
sh601878	-20018	-1429	0	0	-2759.12	134178	16.30	16.31	16.12	16.42	-0.91
sh603178	600	0	0	0	-2.81	10577	14.53	14.79	14.52	14.85	1.51
sh600201	-5839	0	0	0	-3513.66	58481	30.22	30.61	30.20	30.81	0.62
sh603959	-669	0	0	0	-558.42	10791	32.38	31.74	31.71	33.15	-2.94
sh603955	100	0	0	0	-497.30	11018	40.90	41.19	40.08	41.35	1.10
sz000026	-3213	0	0	0	-1041.43	32379	10.86	10.85	10.77	10.95	-1.09
sz002562	3890	140	0	0	-665.80	61168	17.28	17.50	17.20	17.62	1.10
sz300619	469	0	0	0	325.21	11637	42.83	44.00	42.10	44.18	2.37
sh603776	-298	0	0	0	-363.41	14899	61.50	62.25	60.73	62.50	-0.10
sh603777	0	0	0	0	-128.03	12969	26.78	26.88	26.32	26.95	0.45
sh601155	10952	15750	493	0	6516.90	283215	32.87	34.94	32.35	35.15	5.98
sh601158	525	7	0	0	161.08	26315	6.49	6.50	6.46	6.51	0.31
sz002479	-4057	302	2000	0	-182.48	68126	10.00	10.06	9.97	10.10	0.20
sz300576	-346	0	0	0	-36.87	7938	16.74	17.26	16.58	17.29	2.43
sh600379	3791	1148	0	0	297.95	20893	11.17	11.38	11.04	11.59	2.43
sh600897	-301	0	0	0	-168.33	6091	22.85	22.83	22.72	22.88	-0.26
sh600377	-7185	0	0	0	24.55	35958	9.98	9.95	9.91	10.01	-0.60
sh600376	-16862	-4139	0	0	-1153.17	100271	10.31	10.25	10.23	10.45	-1.16
sh600793	-121	0	0	0	-295.63	18898	26.82	26.28	26.20	26.82	-2.27
sz000011	-2903	0	0	0	-706.65	49937	17.35	17.49	17.25	17.62	0.23
sz000012	-17407	-9896	-9530	0	2003.73	363201	8.80	8.89	8.77	9.06	1.60
sh600790	-4231	1700	3041	0	-582.71	32618	6.05	6.07	6.03	6.09	0.00
sz000018	-7825	-4016	0	0	67.86	77553	6.20	6.26	6.10	6.26	0.81
sh600551	-625	0	0	0	61.15	13114	12.02	12.13	11.92	12.17	1.00
sh600559	-8062	-1008	0	0	-2368.70	52814	31.00	30.58	30.43	31.12	-2.02
sz000498	-1297	-2217	0	0	-333.79	52310	6.76	6.81	6.72	6.82	0.44
sz002475	-12966	559	2000	0	10604.74	199551	23.17	23.36	22.60	23.60	0.26
sz000708	-4241	-2000	0	0	-690.83	25599	11.52	11.56	11.50	11.63	0.09
sz000709	9900	27500	11493	0	-3398.46	720653	4.04	4.05	4.02	4.11	0.50
sh601939	-9571	-4956	-9728	0	6523.10	1119829	7.78	7.87	7.72	7.94	1.16
sh600153	17741	12009	8616	0	860.21	160292	11.67	11.79	11.54	11.82	1.73
sh601200	-4455	-1352	0	0	-2315.64	46427	24.01	24.15	23.95	24.23	0.21
sz000651	-54910	-2565	5048	0	1232.20	684113	50.81	50.80	50.22	52.11	-0.49
sh601339	-3073	0	0	0	-57.70	16733	5.28	5.28	5.24	5.29	0.00
sh600419	0	0	0	0	-268.12	6436	45.13	44.78	44.46	45.13	-0.29
sh601336	-12902	-5536	-2106	0	2799.50	195334	62.80	63.62	62.45	64.38	0.43
sz000830	11614	5703	-5135	0	543.90	522358	17.91	18.51	17.70	18.88	2.95
sz300170	929	2440	-2815	0	1977.61	238023	12.57	12.82	12.37	12.95	1.83
sz300178	-9621	-2106	0	0	-1511.67	93853	14.18	14.25	13.90	14.63	-1.04
sz002876	154	0	0	0	-781.22	12348	63.94	63.27	62.03	64.80	-0.91
sz002877	381	0	0	0	381.89	15499	22.28	22.79	22.08	22.85	2.29
sh600393	-8014	2967	0	0	-973.72	145557	6.70	6.66	6.59	6.73	-1.19
sz002871	0	0	0	0	3.55	4030	34.70	35.09	34.30	35.23	1.50
sz002872	602	0	0	0	289.33	24785	31.74	32.51	31.60	32.95	2.39
sz300284	959	1000	0	0	251.33	24991	16.25	16.54	16.15	16.58	2.22
sz300286	300	0	0	0	-61.04	7591	17.92	18.08	17.81	18.32	0.78
sz002873	74	0	0	0	-691.91	13440	40.00	41.01	39.50	41.38	2.27
sz300282	-8283	-1073	0	0	-2048.64	28473	17.99	17.53	17.06	18.05	-2.88
sz002624	-1229	0	0	0	-44.97	25165	30.86	31.41	30.40	31.62	1.68
sz300357	-455	0	0	0	-242.67	13147	47.11	48.10	47.11	48.61	2.78
sz300355	-31426	-6825	-4739	0	-1192.86	218198	12.71	12.83	12.65	12.98	0.23
sz300351	-788	0	0	0	-48.24	19896	14.28	14.41	14.11	14.44	1.19
sz000951	-1966	-1162	0	0	-1267.58	38507	17.38	17.30	17.29	17.58	-0.97
sz002718	0	0	0	0	-15.91	1990	45.60	46.00	45.51	46.10	0.37
sh603787	-506	0	0	0	34.23	14781	14.29	14.48	14.21	14.65	0.91
sz002716	-933	319	-4011	0	3106.83	174359	20.32	21.33	20.32	21.48	4.97
sh603010	-509	0	0	0	12.66	13784	26.26	26.52	26.18	26.73	0.61
sh603018	388	0	0	0	148.07	5177	27.80	28.06	27.71	28.17	0.54
sz002081	-19670	-4539	-2175	0	-2355.18	164012	15.90	15.83	15.59	15.98	-0.69
sz002045	1653	-1821	-2052	0	1101.27	62568	17.81	18.21	17.42	18.60	2.53
sz002083	9357	3611	2269	0	932.19	61161	6.80	6.87	6.75	6.87	1.33
sz002085	9631	9143	2187	0	4812.99	96616	15.85	16.15	15.84	16.15	2.41
sz002087	-5655	-4423	0	0	-288.82	60369	5.82	5.88	5.82	5.91	0.51
sz002088	-1389	0	0	0	-167.15	17479	13.63	13.67	13.53	13.85	-0.36
sz002047	-14697	-3748	0	0	-403.08	82387	7.54	7.56	7.47	7.62	-0.53
sz002880	0	0	0	0	131.11	6305	55.86	56.90	55.31	57.44	1.01
sz002883	2023	2920	0	0	-785.06	41374	57.00	60.27	56.02	61.58	0.45
sh603309	0	0	0	0	-23.04	4486	17.62	17.82	17.58	17.86	0.62
sz002158	-16520	6023	8701	0	-746.52	172454	13.01	12.91	12.71	13.11	-1.68
sh603303	300	0	0	0	61.39	14349	13.80	13.94	13.77	14.06	0.72
sz002406	-1307	0	0	0	14.16	17817	7.16	7.25	7.14	7.25	1.26
sh603305	-264	0	0	0	42.32	11818	36.50	36.90	36.09	37.19	0.65
sz002152	114657	81044	-17154	0	-21653.70	2222318	8.32	8.59	8.17	8.92	5.92
sz002403	-1976	0	0	0	-70.89	14546	12.09	12.10	12.03	12.13	0.17
sh603306	-300	0	0	0	16.92	3519	28.39	28.41	28.21	28.48	0.00
sz002394	-264	0	0	0	20.27	12427	12.23	12.35	12.23	12.37	0.57
sz002396	19171	8126	4758	0	4516.38	155752	21.31	22.22	21.30	22.37	3.54
sz002391	-13715	-3000	-3000	0	-1858.88	40823	15.70	15.55	15.38	15.82	-1.02
sz002393	-269	0	0	0	-164.38	7768	31.85	32.25	31.60	32.28	1.19
sz300617	0	0	0	0	60.10	3136	49.31	50.26	49.30	50.48	1.35
sh603168	1125	0	0	0	403.52	43155	14.82	14.96	14.65	14.99	0.94
sh603165	-342	0	0	0	-467.58	11309	56.90	56.95	56.00	57.38	-0.05
sh603167	-16019	-3031	-2000	0	-1098.69	84247	12.14	12.00	11.96	12.18	-1.56
sh600894	1317	0	0	0	-238.59	20432	9.48	9.51	9.46	9.53	0.42
sh600895	-704	-1427	0	0	-6.63	24630	14.96	14.92	14.85	15.05	-0.40
sz002573	-2570	2631	0	0	-563.76	87212	21.08	21.21	21.03	21.30	0.81
sz002572	-2204	0	0	0	-811.04	46580	38.14	38.46	37.86	38.70	0.65
sz002407	-3470	-75	0	0	-1102.24	82507	20.51	20.73	20.48	20.79	0.39
sh603767	426	0	0	0	-16.99	15550	14.87	15.07	14.75	15.18	1.34
sh603766	2432	4418	889	0	1028.27	92359	7.00	7.08	6.90	7.12	1.00
sh600415	6037	9790	10561	0	859.58	106026	5.85	5.95	5.82	5.96	1.19
sh600641	10078	11696	12580	0	1149.48	203805	13.85	14.39	13.81	14.43	2.79
sz000959	-16496	-8170	-2547	0	-1571.14	85541	6.02	5.95	5.90	6.05	-1.16
sh600098	-2332	-1800	0	0	-71.23	36094	7.12	7.13	7.08	7.14	0.14
sh600094	-6206	-1000	0	0	-93.51	53523	7.18	7.21	7.09	7.22	0.14
sz000952	-4476	0	0	0	-567.10	20052	14.81	14.73	14.65	14.94	-0.54
sh600090	8833	8012	2417	0	694.68	30156	8.08	8.19	8.03	8.19	1.11
sz000957	-5624	-2729	-2729	0	-260.44	81547	11.25	11.34	11.15	11.46	0.18
sh600093	-13169	-10358	-8645	0	2344.39	23059	16.94	16.94	16.94	16.94	10.00
sz002889	-877	-136	0	0	807.49	45635	28.02	29.40	27.95	30.30	2.98
sz002888	116	0	0	0	-32.32	8965	26.35	26.95	26.35	27.17	1.39
sh600308	-5457	-855	2217	0	-225.18	94839	6.62	6.64	6.60	6.74	-0.15
sz002881	-267	0	0	0	342.88	13989	27.68	28.83	27.68	29.20	2.85
sh600305	-18767	-4872	0	0	-2492.93	128130	11.61	11.39	11.22	11.63	-2.40
sh600306	-1251	0	0	0	-96.31	24154	10.53	10.74	10.47	10.75	1.80
sz002882	-2546	0	0	0	-269.12	24078	13.48	13.57	13.32	13.65	0.67
sz002885	0	0	0	0	-125.38	13622	36.28	36.82	35.80	37.26	1.71
sz002884	0	0	0	0	-226.62	5655	51.20	51.69	50.94	51.96	1.00
sz002886	97	0	0	0	25.94	14032	35.20	35.52	34.63	36.18	0.74
sz000002	-57848	-22160	-17788	0	-5628.70	402483	35.55	35.15	34.54	35.78	-1.46
sz000001	-3500	25505	24691	0	-14664.10	1443877	13.41	13.40	13.27	13.59	-0.52
sh600521	-2919	0	0	0	-1376.89	50670	28.40	28.49	27.90	28.79	-0.04
sh600523	378	0	0	0	29.14	8520	16.24	16.49	16.22	16.55	1.29
sh600528	-4644	-1000	0	0	1020.93	64346	12.30	12.32	12.21	12.33	0.00
sh600529	-2441	0	0	0	-800.40	31364	21.09	21.32	21.00	21.46	1.09
sz002903	194	0	0	0	1939.63	67198	38.31	41.77	38.31	42.70	6.75
sz000488	-49904	-31319	-18471	0	-6450.48	250156	17.90	17.69	17.51	18.04	-1.06
sz002905	310	0	0	0	234.13	12186	34.52	35.27	34.52	35.55	0.80
sz000719	345	0	0	0	-15.63	19159	9.17	9.28	9.15	9.29	1.20
sz000717	-166523	-94892	-53260	0	-14959.50	770025	8.90	8.62	8.54	8.94	-4.01
sz000712	2691	1600	0	0	849.16	48677	16.73	17.01	16.62	17.12	1.31
sz000711	2148	1000	0	0	45.46	53104	12.54	12.90	12.53	12.95	2.06
sh601928	808	280	0	0	113.84	50900	8.06	8.13	8.04	8.14	0.62
sh601211	-12795	2979	0	0	19.55	111093	19.12	19.17	19.03	19.22	0.05
sh600638	-1184	0	0	0	-146.62	12514	15.75	15.68	15.64	15.87	-0.06
sh600639	-667	0	0	0	-555.26	13636	17.30	17.20	17.08	17.47	-0.69
sh600630	-2197	0	0	0	15.92	31491	10.48	10.52	10.33	10.58	0.10
sh600633	11135	12275	6829	0	4766.32	232318	14.74	15.89	14.62	15.97	7.73
sz000821	-11387	3336	0	0	-2367.37	101570	11.81	11.91	11.80	12.18	0.93
sh601858	-795	0	0	0	-145.61	35392	10.50	10.48	10.30	10.64	0.19
sz000825	-59267	-44401	-33833	0	-3400.51	430889	5.14	5.11	5.08	5.19	-0.78
sh601328	23086	11347	-4036	0	-4671.00	1106431	6.34	6.35	6.33	6.38	0.47
sz000826	-625	0	0	0	-459.01	27253	33.20	33.27	33.08	33.35	0.09
sz000828	2894	2374	2265	0	352.62	39365	11.14	11.35	11.10	11.38	1.43
sz300160	-1313	0	0	0	111.49	22194	7.65	7.68	7.61	7.74	0.00
sz300703	0	0	0	0	90.48	12314	33.40	33.60	32.70	34.09	0.78
sz300298	-594	0	0	0	34.72	21800	20.27	20.22	20.08	20.62	-0.69
sz300296	584	0	0	0	1996.60	68993	20.45	20.57	20.34	20.67	0.93
sz300295	-2683	0	0	0	750.50	50543	18.54	19.09	18.44	19.18	2.80
sz300294	-1050	0	0	0	1172.84	17796	31.05	31.51	30.83	31.80	1.48
sh600848	-2808	0	0	0	-441.89	48525	23.67	23.68	23.21	23.85	-0.46
sz300581	0	0	0	0	79.76	6099	29.31	30.51	29.31	30.56	2.76
sz002427	-183	0	0	0	653.95	47284	32.65	32.00	31.66	33.20	-1.99
sz300343	-3382	0	0	0	303.95	40830	12.85	13.17	12.82	13.25	1.07
sz300342	-452	0	0	0	-3.27	10045	15.10	15.24	15.00	15.41	0.07
sz300347	0	0	0	0	-577.51	19820	34.39	34.97	33.79	35.05	1.39
sz002424	-7092	0	0	0	-661.63	55124	15.78	15.77	15.56	15.93	-0.13
sz002422	-6406	-1366	0	0	-3397.22	62773	26.98	26.45	26.18	27.00	-2.15
sz000505	-3572	0	0	0	-367.91	28309	8.75	8.68	8.54	8.76	-1.14
sz002788	0	0	0	0	56.02	9639	29.06	29.43	29.06	29.56	0.82
sz002768	-2730	-1030	0	0	705.48	15736	27.50	27.50	27.19	27.65	-0.69
sz002769	-301	0	0	0	-322.68	18346	14.16	14.21	14.11	14.28	-0.49
sz002039	-1623	0	0	0	147.69	14856	15.90	15.98	15.86	16.00	0.31
sz002766	-7539	-1202	-5969	0	3688.97	178977	14.88	16.05	14.88	16.64	6.08
sz002762	-256	0	0	0	163.91	15354	15.90	16.19	15.82	16.37	1.38
sz002763	-223	0	0	0	-365.42	9664	13.52	13.64	13.52	13.69	0.07
sh603578	0	0	0	0	89.25	7223	33.90	34.07	33.52	34.18	0.24
sz002781	0	0	0	0	-119.33	6927	24.00	24.06	23.52	24.23	0.17
sh600887	-45355	-10570	-7292	0	-8603.40	327722	34.40	34.23	34.06	34.54	-1.13
sh603688	-1444	0	0	0	-219.50	14616	15.88	15.86	15.70	16.02	-1.00
sh600362	-68380	-13909	-2076	0	-13642.80	508146	20.70	20.37	19.99	21.07	-1.40
sh600363	-2806	-1000	0	0	-245.68	31371	12.12	12.30	12.04	12.32	0.82
sz002166	-6589	-1000	0	0	-713.55	56436	10.89	10.77	10.73	10.99	-1.37
sh603377	-779	0	0	0	16.00	6270	40.47	39.93	39.60	40.47	-1.33
sz002367	-1845	0	0	0	133.79	25638	8.61	8.64	8.56	8.66	0.35
sz002188	-10110	0	0	0	-685.81	65576	14.15	14.02	13.81	14.17	-0.85
sz002182	-15084	-5147	0	0	-787.63	105337	9.26	9.33	9.25	9.44	0.86
sz002183	26052	41444	24411	0	10688.15	702311	7.39	7.78	7.25	7.80	5.85
sz002186	-732	0	0	0	-159.11	7373	17.85	17.90	17.81	18.03	0.00
sz002187	-222	0	0	0	18.38	12571	10.36	10.58	10.34	10.59	1.93
sh601100	-5556	0	0	0	381.60	63537	33.15	32.28	31.80	33.15	-3.53
sh600368	-1621	1819	0	0	143.26	39775	5.32	5.34	5.29	5.37	0.38
sz300626	-309	0	0	0	14.67	1893	28.49	28.79	28.40	29.00	0.84
sz300627	0	0	0	0	-60.97	8999	46.84	46.96	46.30	47.29	0.13
sz300625	0	0	0	0	299.34	14758	25.12	25.65	25.12	25.73	1.38
sz300622	0	0	0	0	-138.88	4763	25.18	25.50	25.00	25.57	1.19
sz300620	-200	0	0	0	181.49	8318	36.78	37.59	36.60	37.82	2.31
sz300621	-13141	-7646	-6507	0	-1698.03	76572	22.46	22.36	22.01	23.15	-5.97
sh603198	-2881	-1089	0	0	-486.13	21399	17.89	17.79	17.69	17.89	-0.95
sh603199	0	0	0	0	-245.41	4089	29.96	29.69	29.46	29.96	-0.90
sh603200	0	0	0	0	296.75	8305	40.16	41.08	40.16	41.10	0.93
sh600886	-4915	8762	9002	0	-635.61	146497	7.38	7.36	7.34	7.38	-0.54
sh603970	-3304	0	0	0	-75.83	58047	29.79	30.28	29.00	30.85	-0.16
sh600884	-15263	-4174	0	0	-429.34	109556	19.68	19.80	19.50	19.84	0.15
sh603976	-278	0	0	0	376.67	28111	27.28	28.41	27.02	28.52	3.53
sh600348	-54626	-37409	-24664	0	-2039.83	264528	7.77	7.64	7.55	7.78	-1.55
sh603757	0	0	0	0	-107.23	4134	58.48	59.34	57.89	59.80	1.57
sh603979	6004	0	0	0	836.01	38692	10.25	10.55	10.25	10.57	2.73
sh600889	-78	0	0	0	90.65	12405	8.61	8.67	8.60	8.72	0.23
sh600400	-1829	2062	0	0	-253.16	33389	7.15	7.15	7.09	7.16	0.00
sh600406	5531	9215	5195	0	2388.46	208636	17.82	18.11	17.73	18.16	1.74
sh600409	-36730	-14655	-8209	0	-4305.18	269820	10.12	10.09	9.97	10.18	-0.20
sh603990	0	0	0	0	-48.34	3242	38.46	37.96	37.70	38.46	0.16
sh603991	0	0	0	0	239.38	11079	27.40	28.49	27.30	28.79	4.36
sh603996	-4890	-4771	-2000	0	-37.83	26501	17.80	18.01	17.76	18.09	1.35
sh603997	-658	0	0	0	115.29	14540	11.02	10.99	10.91	11.06	-0.27
sz000928	-34037	-18799	-6039	0	-1672.41	111791	6.74	6.64	6.59	6.75	-1.48
sh600089	-50485	-20883	-2715	0	-4556.39	260424	9.92	9.95	9.89	9.99	0.20
sh600085	-3121	0	0	0	171.78	48421	33.10	33.47	33.00	33.55	0.51
sz000920	102	0	0	0	-143.65	23288	9.73	9.87	9.72	9.90	1.02
sz000921	-6933	-1694	0	0	-1231.68	55849	14.85	14.88	14.52	14.88	0.00
sh600081	254	0	0	0	237.77	16807	12.71	12.75	12.62	12.85	-0.23
sz000923	-5075	-1176	0	0	-369.14	53093	24.15	24.29	23.64	24.49	-1.30
sz000822	-16326	-379	-2054	0	-694.59	139706	9.51	9.56	9.46	9.62	0.00
sz002215	-5897	495	2001	0	-338.23	50149	7.06	7.10	6.98	7.12	0.57
sz000036	-118743	-47629	-36476	0	-2998.19	379622	10.23	10.11	9.92	10.27	-1.84
sz000030	-10138	-1500	0	0	33.62	34223	8.14	8.15	8.12	8.18	0.00
sz000038	-320	0	0	0	1013.04	33927	20.18	20.78	20.15	20.99	2.21
sz000039	-1031	1435	2175	0	-3013.88	108999	22.40	22.44	22.39	22.77	-0.04
sh600535	4203	2099	0	0	5246.96	63002	36.45	37.42	36.45	37.61	2.18
sh601919	-71133	-53979	-36366	0	-1369.63	351112	7.07	7.04	7.02	7.15	-1.12
sz000722	626	0	0	0	7.02	12175	9.01	9.02	8.91	9.04	0.56
sz000726	-1187	0	0	0	-160.30	28593	10.96	11.00	10.93	11.02	0.18
sh601139	-51116	-19681	-4977	0	-2822.50	266082	8.50	8.29	8.27	8.58	-2.36
sh603518	0	0	0	0	16.97	4345	19.25	19.61	19.25	19.73	1.13
sz000728	-21837	-10536	-2033	0	-2164.85	140087	10.89	10.92	10.82	10.98	0.09
sz000729	33032	20031	-1439	0	5054.17	353918	7.15	7.41	7.02	7.43	3.78
sh601595	1122	0	0	0	418.35	24194	20.20	20.70	20.10	20.90	2.48
sh600629	-606	0	0	0	-14.69	10034	15.17	15.23	15.01	15.24	0.46
sh600628	-106	0	0	0	-72.66	23692	10.22	10.26	10.15	10.29	0.29
sh600622	-2445	0	0	0	-2006.51	47707	17.32	17.36	16.92	17.40	-0.23
sh603517	-1625	0	0	0	-293.72	11199	40.40	40.81	39.72	40.87	0.84
sz300400	1518	0	0	0	-30.83	21661	12.80	13.39	12.80	13.61	1.83
sz002558	671	-162	0	0	1214.65	99545	36.98	38.50	36.40	38.88	5.05
sz000581	-13912	-497	-2053	0	203.78	131464	24.98	24.98	24.63	25.20	0.24
sh601688	-36009	1751	-1408	0	-2322.15	405295	19.78	19.65	19.54	19.96	-1.31
sz300119	-487	0	0	0	127.30	9538	12.00	12.10	11.95	12.16	0.00
sh603885	7689	7405	2612	0	-1.19	64391	15.38	15.29	14.99	15.50	0.26
sz300113	-12442	-2514	-2954	0	-1317.19	171355	18.72	18.87	18.30	19.16	1.29
sh601668	-210442	-124169	-148359	0	2287.50	1716765	9.59	9.58	9.51	9.64	-0.31
sh601669	39112	10272	837	0	2592.41	229261	7.44	7.57	7.44	7.62	1.61
sh601666	-46002	-29843	-8429	0	-6152.39	367865	6.83	6.72	6.64	6.89	-1.75
sz300027	-56128	-36299	-12263	0	-1519.27	378853	9.59	9.55	9.45	9.66	-0.52
sz000676	3485	1176	0	0	374.76	32832	11.23	11.49	11.07	11.54	3.05
sz300335	-3800	2538	0	0	-883.42	65807	16.85	17.10	16.68	17.39	0.88
sz300336	6541	2081	2000	0	805.87	93075	11.35	11.66	11.23	11.72	2.73
sh600650	-715	0	0	0	-40.37	17476	15.00	15.14	14.82	15.15	0.66
sh600312	-20927	-6794	-2500	0	-1934.44	73664	9.87	9.80	9.76	9.87	-0.51
sh603569	-248	0	0	0	219.80	8243	24.81	25.12	24.60	25.15	1.37
sh603568	-959	0	0	0	-248.28	14520	21.70	21.81	21.55	21.92	0.28
sz002779	-4208	-1824	0	0	-1524.38	47006	22.95	22.10	21.50	22.95	-1.91
sz002817	0	0	0	0	52.88	6000	30.69	31.10	30.62	31.35	0.68
sz002777	0	0	0	0	-29.90	5770	33.84	34.14	33.20	34.44	0.23
sz002776	-1314	0	0	0	-317.59	8168	20.15	20.38	20.00	20.59	0.05
sz002775	-1787	0	0	0	-225.96	42831	20.30	20.50	20.04	20.67	0.39
sz002772	-154	0	0	0	19.73	12179	10.83	10.92	10.76	10.96	0.55
sz002771	-234	0	0	0	334.46	14939	18.73	19.20	18.52	19.29	3.23
sz300244	770	0	0	0	595.41	28169	23.90	24.09	23.67	24.16	0.84
sz300246	-1046	0	0	0	-209.53	8656	20.40	20.60	20.10	20.65	1.18
sz002810	-6793	-1283	0	0	-2771.84	36610	24.40	25.91	24.28	26.17	4.90
sh600657	-10399	-4473	8235	0	-1647.13	243974	6.22	6.21	6.05	6.26	0.32
sh603699	43	0	0	0	89.36	13189	19.92	20.10	19.77	20.12	0.90
sz002173	-441	0	0	0	42.43	9516	13.02	13.10	12.85	13.11	0.61
sz002172	-3450	0	0	0	-123.65	22296	6.06	6.15	6.06	6.16	1.15
sh603367	131	4847	5086	0	7256.35	104402	20.00	22.19	19.85	22.19	10.01
sh603365	2787	1082	0	0	857.71	42301	22.75	23.45	22.71	23.55	2.40
sz002179	-2727	-1000	0	0	-1621.83	60840	38.07	37.99	37.20	38.29	-0.29
sh603360	0	0	0	0	-110.06	5496	21.80	22.11	21.61	22.21	1.42
sz002373	5659	5198	-219	0	3904.97	246198	14.57	15.11	14.43	15.16	3.92
sz002372	-829	0	0	0	-832.03	42571	20.45	20.72	20.30	20.82	0.93
sz002370	-864	0	0	0	-297.23	8116	14.24	14.27	14.19	14.36	-0.21
sz002376	-2354	-1600	0	0	220.54	58320	11.79	11.90	11.68	11.93	0.17
sz002375	-7022	1165	-2000	0	32.40	54320	7.71	7.81	7.69	7.84	1.17
sz002191	-27035	-11301	-18035	0	-2341.41	129481	9.19	9.10	8.98	9.24	-1.19
sz300438	-1584	0	0	0	-554.59	22672	28.60	29.18	28.41	29.27	0.52
sz002195	134765	181054	166690	0	19280.44	1655641	6.26	6.77	6.21	6.93	7.46
sz300638	-630	0	0	0	568.63	25769	41.26	42.39	40.80	43.98	1.70
sz300631	-1246	0	0	0	-238.15	19651	23.06	23.70	22.50	24.35	2.02
sh603363	-10853	-1466	0	0	-2054.32	148741	16.60	16.72	16.12	17.49	-2.85
sz300633	0	0	0	0	19.74	8364	26.88	26.98	26.68	27.07	0.11
sz300632	0	0	0	0	223.82	11219	21.82	22.25	21.62	22.32	1.88
sz300635	-451	-1458	0	0	-503.26	35277	19.63	19.98	17.72	20.21	1.47
sz300435	-1585	0	0	0	-296.25	3808	15.80	15.75	15.57	15.89	-0.19
sz300637	305	0	0	0	-187.03	5267	20.36	20.60	20.20	20.66	1.18
sz300636	-600	0	0	0	402.77	15258	30.70	32.07	30.30	33.02	4.46
sh603183	0	0	0	0	-166.72	23550	40.00	40.89	39.20	41.18	1.39
sh603181	-3220	0	0	0	856.07	59979	23.55	24.56	23.22	24.78	4.07
sh603188	-700	0	0	0	-146.27	26171	16.41	16.64	16.35	16.67	1.09
sz002513	-220	0	0	0	43.27	7221	10.22	10.30	10.16	10.30	0.88
sh603960	0	0	0	0	-38.14	4664	28.20	28.28	27.92	28.51	-0.35
sh603963	83	0	0	0	-268.71	62213	32.20	32.62	31.64	34.89	0.40
sz002590	426	0	0	0	5.11	30994	13.15	13.29	13.02	13.43	0.76
sh603969	-6493	0	0	0	-502.51	99219	13.45	13.52	13.30	13.71	-1.60
sh603968	-395	0	0	0	-56.87	9266	19.16	19.35	19.10	19.38	0.83
sz002518	-1638	0	0	0	-384.22	20184	17.26	17.21	17.08	17.54	-1.04
sh600436	-388	0	0	0	-1298.02	58014	72.30	72.77	71.33	73.20	0.47
sz000603	-1417	0	0	0	794.51	44317	12.14	12.43	12.10	12.53	1.72
sh603989	-5592	1408	0	0	-4871.20	60772	43.00	41.83	41.63	43.00	-4.54
sh603980	5441	1047	0	0	2817.74	56511	20.15	21.21	20.15	21.34	4.43
sh603987	-1858	0	0	0	-252.12	29746	12.40	12.48	12.14	12.52	0.65
sh603985	0	0	0	0	502.69	9710	36.77	37.79	36.50	38.10	2.75
sz000937	-10177	-2895	0	0	-995.18	142970	6.24	6.19	6.13	6.26	-0.48
sz000933	-158511	-85006	-43753	0	-16719.40	1033844	10.60	10.31	10.21	10.78	-3.64
sz000932	-33734	-22939	-44701	0	-8693.97	483462	8.83	8.66	8.66	8.94	-5.04
sh600326	-103994	-58352	-37734	0	-8803.62	400320	10.48	10.24	10.17	10.49	-3.49
sh600327	-4094	-1421	0	0	9.48	23175	7.52	7.58	7.49	7.59	0.80
sh600325	-101742	-27145	-24336	0	3289.67	667950	8.38	8.38	8.24	8.49	-0.24
sz002203	-7589	-1000	0	0	-241.76	49004	7.93	7.89	7.88	8.04	-0.63
sz002202	-30013	-12025	0	0	-5790.59	205473	18.44	18.17	18.05	18.49	-1.68
sh600329	-2372	0	0	0	-523.81	21978	15.00	15.09	14.97	15.17	0.40
sz002206	-6118	-1382	0	0	707.82	42884	6.02	6.03	5.96	6.10	0.17
sh600980	-3273	0	0	0	-547.09	20196	15.53	15.62	15.42	15.68	-0.64
sh600508	-7072	-1274	0	0	-1017.57	51308	12.88	12.79	12.67	12.98	-1.39
sh600509	-11554	-1145	0	0	-253.90	33779	6.87	6.86	6.82	6.89	-0.44
sh600502	-30900	-2056	-2785	0	-1726.30	157809	7.18	7.12	7.08	7.18	-0.97
sh600053	-470	0	0	0	-86.73	7907	23.92	24.10	23.72	24.26	0.21
sh600054	-1785	0	0	0	-97.69	22305	14.17	14.27	14.10	14.29	0.14
sh600507	-24044	-9000	-2126	0	-5694.28	344616	14.75	14.58	14.27	14.76	-1.95
sh600056	-5165	-1002	0	0	1532.46	64186	24.69	24.61	24.32	24.74	0.00
sh600057	-2566	1008	0	0	89.77	54458	8.01	8.04	7.93	8.07	0.12
sh601900	0	0	0	0	-11.21	12542	11.47	11.52	11.41	11.57	0.26
sh600185	-17462	-2266	1107	0	-750.39	175855	6.24	6.23	6.13	6.30	-1.11
sh600183	14116	19572	17358	0	677.36	323195	17.55	17.94	17.43	18.28	2.34
sz000733	-2023	-1023	0	0	34.73	45409	14.52	14.72	14.44	14.84	1.38
sh601127	-745	-995	-2000	0	404.87	29816	19.80	20.14	19.80	20.20	-0.10
sh600188	-67100	-17984	-3822	0	-8030.66	451501	16.88	16.36	16.16	16.91	-4.27
sh600619	-303	0	0	0	72.29	29450	11.52	11.65	11.45	11.70	1.13
sh600615	-57	0	0	0	-86.60	9679	13.12	13.19	13.04	13.24	0.15
sh600612	-208	0	0	0	222.81	8122	41.90	42.18	41.70	42.24	0.81
sh600611	-304	3265	2010	0	-32.49	60376	5.07	5.10	5.06	5.10	0.39
sz000598	-347	2372	-2000	0	475.42	85916	5.43	5.46	5.42	5.46	0.18
sz000591	-7083	-28	-5358	0	253.87	113615	5.65	5.70	5.62	5.70	0.88
sz000596	-251	0	0	0	-1646.45	20161	69.85	69.30	68.71	69.85	-1.14
sz000028	94	0	0	0	1047.37	12697	61.13	60.94	60.68	61.49	-0.33
sz000021	-22883	60692	77866	0	37368.70	1179239	10.25	11.31	10.19	11.31	10.02
sz000780	-8816	1083	0	0	-264.52	33310	5.09	5.07	5.02	5.09	-0.59
sz000023	-1624	0	0	0	-415.89	11881	21.09	20.60	20.59	21.09	-2.46
sh601699	-73115	-62147	-45402	0	-14765.50	787944	12.44	12.10	11.93	12.66	-3.28
sz000027	-4593	-869	0	0	86.68	42062	6.14	6.14	6.10	6.16	-0.16
sz000848	-6802	-648	-2330	0	342.04	133366	9.90	10.23	9.90	10.40	2.40
sz000783	-38876	-28595	-7959	0	-3251.87	180633	7.99	7.97	7.95	8.01	-0.87
sz300102	-6561	-4717	-5538	0	435.17	186890	9.62	9.74	9.53	9.81	1.04
sh601678	-22891	-6935	-2776	0	-2635.75	146628	8.71	8.71	8.62	8.85	-0.68
sz300727	-735	-1462	0	0	1134.04	72392	29.36	30.60	29.01	31.30	1.63
sh600545	-4585	0	0	0	-152.81	54440	10.39	10.32	10.26	10.49	-1.53
sh601588	-40527	-21425	-15478	0	-669.54	135336	5.56	5.51	5.44	5.57	-1.43
sh603758	-240	0	0	0	224.99	20405	13.47	13.74	13.32	13.78	2.54
sh603908	0	0	0	0	38.65	2894	35.00	35.52	34.55	35.59	1.60
sz300033	-1437	-1076	0	0	5402.67	101504	51.58	53.58	50.90	54.09	3.66
sz300031	61	0	0	0	373.94	18739	16.10	16.21	15.80	16.32	0.81
sz300039	8484	4176	0	0	497.83	67832	6.37	6.52	6.37	6.56	1.87
sz300327	-1494	1030	0	0	-944.14	33460	31.36	31.30	30.87	31.64	-0.19
sz300326	-5619	700	0	0	-150.02	42051	8.61	8.74	8.58	8.87	0.92
sz300324	3856	2692	0	0	1904.22	70274	14.18	14.61	13.97	14.73	2.53
sz300323	7315	5203	0	0	2433.92	145004	15.64	15.93	15.35	16.08	2.91
sz300723	-10314	3648	6655	0	-9181.01	203677	43.95	42.90	41.66	45.98	-2.10
sz300721	-407	0	0	0	338.35	25155	36.00	36.60	35.46	37.40	0.41
sh603519	0	0	0	0	20.11	2470	20.53	20.68	20.53	20.82	-0.05
sz002748	-807	0	0	0	8.27	11958	14.92	15.07	14.80	15.07	0.60
sz002749	0	0	0	0	1.36	2820	64.50	65.00	63.88	65.34	1.12
sz300726	-2703	1427	0	0	-1650.33	110901	30.32	31.17	30.22	32.80	0.35
sz300258	-4515	0	0	0	-426.83	26924	14.48	14.42	14.20	14.59	-1.37
sz002285	-10948	-6965	-6883	0	202.89	300383	11.41	11.64	11.28	11.68	1.48
sz300252	175	0	0	0	121.58	41786	16.15	16.48	15.93	16.66	1.98
sz300251	-19811	-5286	-6627	0	488.82	227679	10.62	10.67	10.36	10.75	-1.11
sz000776	-41815	-8077	-3584	0	-4552.06	257757	17.75	17.57	17.47	17.75	-1.18
sz002521	-17346	-9461	-534	0	-182.45	64186	9.23	9.34	9.18	9.38	1.19
sz002527	-1011	0	0	0	210.88	21937	9.93	10.05	9.90	10.06	1.11
sh600908	-17332	-2665	0	0	-1096.40	112445	8.16	8.12	8.06	8.22	-0.85
sh603421	-5170	-4051	-4051	0	833.70	33682	27.23	26.92	26.68	27.49	0.26
sh603357	-1695	0	0	0	-89.34	42320	22.09	22.20	21.64	22.34	0.45
sh603355	0	0	0	0	-165.15	4409	44.35	44.69	44.11	44.90	-0.22
sh603359	781	0	0	0	243.91	17443	33.38	34.22	33.02	34.50	1.85
sz002443	-10555	-2256	0	0	683.32	113845	9.39	9.43	9.30	9.55	0.00
sz002695	-1882	0	0	0	-339.75	37811	17.27	17.20	17.03	17.32	-0.41
sz002696	-262	0	0	0	70.97	7576	17.79	17.93	17.61	18.08	1.36
sh600303	-1730	0	0	0	103.59	35903	9.15	9.21	9.13	9.25	0.11
sz002690	-11860	-4533	0	0	1387.79	55400	17.94	18.14	17.72	18.25	1.23
sz002343	-1089	0	0	0	1154.34	36486	32.95	33.86	32.74	34.18	2.64
sz002699	-400	0	0	0	56.04	11159	17.41	17.49	17.35	17.63	-1.07
sz002444	-10582	-1048	0	0	-1567.11	78427	13.86	13.96	13.71	14.04	0.36
sz300340	-2435	0	0	0	-204.58	27085	56.62	57.34	56.03	57.71	0.90
sh603768	0	0	0	0	-98.24	10613	18.02	18.28	17.82	18.34	0.94
sz300648	0	0	0	0	-147.26	3077	63.20	65.00	63.02	65.58	1.88
sz300647	0	0	0	0	-40.41	9182	19.04	19.30	18.82	19.39	1.31
sz300640	0	0	0	0	81.75	6195	24.88	25.27	24.60	25.36	1.90
sz300641	698	0	0	0	-14.44	12625	14.45	14.70	14.35	14.74	1.87
sz300488	0	0	0	0	0.61	1585	30.71	31.12	30.70	31.30	1.04
sz300481	-118	0	0	0	619.35	43340	21.75	22.88	21.65	23.46	4.62
sz300486	-254	0	0	0	93.43	10774	20.20	20.40	20.12	20.49	1.85
sz300487	-1477	0	0	0	425.44	54750	17.71	18.32	17.56	18.68	3.74
sz300484	-607	0	0	0	-10.16	9179	20.79	21.10	20.40	21.17	1.39
sz300485	-215	0	0	0	-350.26	6995	28.85	29.18	28.63	29.26	0.76
sh603226	0	0	0	0	72.91	4107	29.22	29.49	28.90	29.63	0.65
sh603225	-1152	0	0	0	-571.45	52839	39.20	39.38	38.81	39.83	-0.48
sh603223	0	0	0	0	-198.69	2591	23.62	23.62	23.46	23.75	-0.17
sh603738	0	0	0	0	-46.70	2872	23.17	23.92	23.17	23.99	0.84
sh603229	-7505	-5981	-2829	0	1988.81	49082	16.91	18.81	16.91	18.81	10.00
sz002061	-16600	5089	4274	0	-2859.63	187868	16.05	15.50	14.91	16.20	-3.12
sh600195	-1135	-1380	0	0	-259.43	30877	19.68	20.05	19.57	20.06	1.83
sh603727	-1505	0	0	0	-840.51	33147	24.75	24.59	24.15	24.75	-2.03
sh600079	-34931	-14029	-3594	0	-7048.57	149265	18.15	18.00	17.93	18.25	-1.64
sh600708	-17504	-271	4927	0	388.18	142577	7.66	7.62	7.52	7.69	-0.65
sh600167	0	0	0	0	65.50	8205	24.51	24.18	24.18	24.67	-1.02
sh600125	-16213	-3029	2486	0	-1525.29	319084	10.92	11.09	10.81	11.11	1.56
sz000883	-12233	-4520	-2100	0	-126.25	53029	4.75	4.74	4.72	4.76	-0.21
sz002657	3666	11698	9577	0	9108.80	288478	25.60	28.04	25.18	28.04	10.00
sh600808	-123164	-96181	-80974	0	-2067.39	497531	4.28	4.24	4.21	4.30	-1.17
sz002594	-5407	-2341	0	0	-3461.68	76298	65.98	65.40	64.88	65.98	-0.41
sz300549	300	0	0	0	277.20	11267	20.65	21.78	20.56	22.49	4.66
sz002601	-19288	-7023	-1857	0	-3301.66	194151	17.69	17.41	17.20	17.69	-2.08
sz002411	1032	1506	0	0	537.96	17389	26.78	26.74	26.57	26.95	-0.04
sz000723	-42646	-24198	-15240	0	-2674.77	154566	6.72	6.70	6.63	6.75	0.15
sh603515	687	0	0	0	-130.37	14977	43.44	42.98	42.12	43.44	-0.39
sh601689	-76	0	0	0	-327.87	18764	25.00	25.08	24.79	25.18	-0.56
sz300023	-990	0	0	0	78.10	15255	11.03	11.10	10.81	11.18	0.63
sh600618	392	0	0	0	302.65	64452	11.61	11.87	11.61	12.02	1.45
sh603730	-281	0	0	0	-96.38	10007	35.40	35.50	34.96	35.75	-0.62
