sz000902	-17436	-3589	0	0	-1062.46	53005	10.33	10.04	9.98	10.36	-3.00
sh601628	-8539	6989	0	0	2761.33	226372	30.20	30.39	30.00	30.50	0.33
sh600997	-14817	-488	2000	0	-382.57	112563	6.38	6.36	6.33	6.48	-0.93
sh600999	-23762	-1655	0	0	-2920.99	166898	18.05	18.05	17.98	18.49	-0.33
sh600998	-9458	0	0	0	-678.00	46945	18.50	18.29	18.27	18.54	-1.19
sz000698	-4203	3857	-93	0	-349.61	51678	6.14	6.08	6.07	6.19	-0.98
sh600518	12982	9278	7049	0	3084.11	135197	22.15	22.15	21.93	22.24	0.23
sh600511	-140	1105	0	0	892.16	21774	28.25	28.19	28.02	28.31	-0.25
sh600195	-417	0	0	0	-497.31	22437	20.05	19.97	19.88	20.07	-0.40
sh600197	-1553	0	0	0	2495.23	59624	24.88	25.18	24.80	25.30	1.57
sh601117	-20538	-7476	-3296	0	3490.66	234546	7.25	7.21	7.16	7.26	-0.83
sh600420	-3808	0	0	0	-507.44	27460	12.34	12.16	12.14	12.35	-1.38
sh600422	-11787	-1350	0	0	-556.86	53086	9.38	9.26	9.23	9.38	-1.17
sh600600	-2622	0	0	0	-2192.98	47475	42.39	42.22	41.53	42.39	-0.73
sh600606	83253	45212	-77328	0	-43536.90	3250549	9.42	9.20	9.08	9.59	-2.44
sz000987	-1000	0	0	0	-127.86	14961	9.94	9.98	9.92	10.05	0.40
sz000877	-74373	-23403	-9062	0	-7326.85	507363	11.69	11.62	11.45	11.96	-1.86
sh601801	-11730	-2395	0	0	-651.45	42417	10.54	10.41	10.38	10.62	-1.51
sz000050	-33486	-13223	-2668	0	-6721.56	152192	20.00	19.61	19.56	20.17	-2.68
sz300137	-10863	-528	0	0	-1828.54	134991	22.11	22.07	21.75	22.32	0.32
sz300138	-2018	0	0	0	-76.13	10251	12.53	12.39	12.37	12.60	-1.67
sz300007	6854	85	2188	0	2542.07	147398	14.00	14.73	13.81	15.22	4.39
sz300004	-704	0	0	0	337.20	26799	10.02	10.07	9.98	10.13	0.20
sz300003	-13156	-1500	0	0	-1174.96	66663	24.96	24.65	24.51	24.96	-1.40
sh600335	-6270	1003	0	0	-809.62	35606	11.44	11.39	11.32	11.46	-0.44
sz002042	-11586	0	0	0	562.24	49143	12.81	12.65	12.64	12.88	-1.79
sz002643	-6672	0	0	0	253.69	65275	11.40	11.30	11.21	11.44	-1.40
sz002236	-20900	2505	0	0	925.10	212896	24.20	24.20	24.03	24.60	-0.78
sz300316	-9941	-5463	-2614	0	-1553.11	145287	19.39	18.98	18.66	19.40	0.00
sz002645	-4858	-4209	0	0	1166.04	55829	21.56	20.74	20.70	21.75	0.53
sz002648	-6747	-2031	0	0	1395.48	122871	18.63	18.37	18.20	19.29	-1.29
sz002756	0	0	0	0	1054.62	17274	25.09	25.50	24.95	25.53	1.47
sh603507	-1026	0	0	0	-768.73	59965	40.38	41.79	39.85	44.00	2.98
sz002759	-775	0	0	0	18.95	13761	17.42	17.41	17.40	17.64	-0.74
sz000756	-9012	-2817	0	0	-1296.89	39968	14.16	13.89	13.86	14.18	-1.63
sz300262	-6062	0	0	0	-146.42	41109	9.24	9.12	9.10	9.24	-1.19
sz002356	-1024	0	0	0	454.68	19021	30.02	30.07	29.45	30.20	0.17
sz002682	-9219	-3049	0	0	-1168.36	39368	11.51	11.31	11.23	11.68	-1.99
sz300658	0	0	0	0	-113.79	3103	29.80	29.51	29.49	29.99	-0.97
sz300655	0	0	0	0	-409.48	8049	28.24	27.30	27.28	28.24	-2.29
sz300654	-1632	0	0	0	2967.72	36785	32.19	32.54	31.71	32.63	-0.06
sz300653	0	0	0	0	-73.99	4570	34.34	34.38	34.01	34.81	0.12
sh600850	-2899	0	0	0	-369.72	15979	19.58	19.21	19.15	19.58	-1.74
sh600987	-1	854	0	0	257.27	24297	11.53	11.44	11.41	11.58	-0.78
sz300499	0	0	0	0	-245.98	7148	21.19	20.80	20.80	21.19	-2.30
sz300498	28710	13915	14049	0	2309.40	182426	26.29	26.89	26.29	27.06	1.63
sh600856	-23847	-7728	-3592	0	3479.94	213091	12.79	12.67	12.53	12.85	-0.55
sz300495	-12101	-9184	-12127	0	153.04	54753	15.48	15.69	15.30	16.00	1.23
sh600859	-607	1016	0	0	1012.96	83325	20.51	20.98	20.50	21.44	2.64
sh603233	-217	0	0	0	-469.76	7264	51.47	50.05	49.68	51.90	-2.78
sz002536	-3179	0	0	0	291.23	26897	15.09	14.96	14.86	15.16	-0.53
sz002533	-4561	0	0	0	-94.39	19138	6.86	6.83	6.83	6.90	-0.58
sh603727	-1949	0	0	0	-270.82	29043	24.65	24.34	24.18	25.18	-1.02
sh603725	-430	0	0	0	-145.66	34460	19.00	19.63	18.83	20.33	2.56
sh603722	-1362	0	0	0	-1909.78	53038	39.30	38.97	38.42	41.08	1.72
sh603728	-243	0	0	0	-587.85	12086	23.33	22.82	22.81	23.33	-1.34
sh600299	-6091	0	0	0	-359.89	44220	11.82	11.77	11.56	11.96	0.00
sh600297	-52647	-22146	-10160	0	2488.77	205642	8.05	7.85	7.78	8.09	-2.48
sh600295	-21354	-3835	0	0	-2706.46	136110	15.35	14.93	14.87	15.49	-3.05
sz000915	2223	1012	0	0	-137.11	26957	31.26	31.05	30.95	31.42	-1.33
sz000919	-3136	0	0	0	148.46	35103	9.00	9.05	8.98	9.14	0.22
sz002220	-2218	0	0	0	-197.41	34648	7.46	7.60	7.43	7.68	1.06
sh603658	0	0	0	0	-211.40	3855	50.69	50.00	50.00	51.28	-1.09
sz000681	-13640	1015	-130	0	-2257.15	199420	20.78	20.79	20.53	21.98	-0.10
sh600073	-11915	-5000	-4000	0	-799.51	39803	8.28	8.23	8.20	8.29	-0.60
sz002829	429	0	0	0	-410.01	7014	26.87	26.31	26.02	26.87	-2.12
sz002820	0	0	0	0	8.93	3953	25.41	25.50	25.23	25.68	0.12
sz002827	-1690	0	0	0	97.29	32774	18.71	19.03	18.65	19.49	1.12
sz002825	-213	0	0	0	-35.25	5192	24.90	25.06	24.70	25.15	0.28
sh601108	-32659	24648	11327	0	6294.78	672941	18.55	18.94	18.48	19.40	1.99
sh600674	-10622	-1394	-4317	0	-2078.58	163610	10.06	10.00	9.97	10.11	-0.60
sh600676	-5968	-2300	0	0	-368.55	31468	6.61	6.59	6.57	6.64	-0.30
sz000997	-33566	-8320	-105	0	-5157.17	179631	20.08	19.56	19.53	20.08	-2.49
sz000860	-5465	-1000	0	0	-491.48	30348	19.32	19.14	19.10	19.33	-0.88
sz000046	-2697	2419	0	0	31.98	62701	7.84	7.92	7.79	8.08	0.76
sz000040	707	2631	0	0	691.41	47556	12.91	13.19	12.70	13.36	1.93
sh600701	-31694	-9992	-2050	0	-2101.03	142562	10.10	9.84	9.82	10.10	-3.05
sh600703	-76648	-34020	-22795	0	-19636.79	298628	25.40	24.91	24.70	25.45	-1.93
sh600705	-46561	-28278	-21544	0	-744.28	194825	5.72	5.66	5.65	5.72	-1.22
sh600763	-4922	0	0	0	0.37	39097	36.70	36.57	36.06	37.03	-1.24
sz300014	-17568	-8707	-2299	0	-4310.38	119618	19.75	19.42	19.38	19.82	-2.07
sh603099	-290	0	0	0	-30.18	5019	12.12	12.07	12.02	12.20	-0.25
sh603536	-2116	0	0	0	-737.75	21717	19.95	19.74	19.40	20.17	-1.05
sh603538	-200	0	0	0	-111.91	3692	26.80	26.61	26.56	26.98	-1.74
sz300271	-6141	0	0	0	-2107.70	55279	15.70	15.67	15.52	15.78	-0.70
sz002323	-11209	-1662	0	0	-10.88	79543	6.92	6.78	6.74	6.98	-1.45
sz300660	0	0	0	0	106.41	3273	66.85	66.93	66.65	67.34	-0.04
sz300463	-2826	0	0	0	122.49	27393	22.32	22.10	22.05	22.57	-0.54
sh603717	0	0	0	0	351.34	18119	28.20	28.29	27.91	28.44	0.68
sz002036	-6743	589	6198	0	-2431.84	110874	16.35	16.12	15.96	16.60	1.38
sh603081	-422	0	0	0	501.84	18505	27.95	27.78	27.30	28.26	-0.07
sz002783	0	0	0	0	-138.58	8947	17.42	17.26	17.22	17.51	-0.86
sz300568	-2892	0	0	0	-382.05	19363	27.00	26.79	26.54	27.00	-1.80
sh600284	-873	0	0	0	205.82	27940	9.55	9.59	9.53	9.71	0.21
sh600280	7882	19717	20175	0	1256.39	151681	8.26	8.16	8.12	8.29	-1.21
sh600282	-8143	7341	-15687	0	-927.83	1003196	4.99	5.03	4.95	5.16	1.62
sh603882	-953	0	0	0	-700.29	21417	32.39	31.99	31.86	32.59	-1.96
sh603880	-530	0	0	0	425.48	34773	26.18	27.00	25.86	27.28	2.78
sh603203	0	0	0	0	-50.82	3357	39.46	39.74	39.36	39.88	0.74
sh603669	-1029	0	0	0	13.56	7569	19.32	19.31	19.26	19.73	-0.77
sh603888	-266	0	0	0	-345.51	13741	23.85	23.55	23.42	23.86	-1.46
sz002258	821	-1005	0	0	-938.26	87754	17.38	17.36	17.10	17.56	0.00
sh603977	-1109	0	0	0	-114.28	10422	13.73	13.50	13.44	13.73	-1.53
sh600062	-2471	-1004	0	0	-3136.95	66475	25.00	24.73	24.52	25.10	-1.12
sh600067	5166	17715	13766	0	1597.11	233109	6.80	6.88	6.73	7.05	0.88
sh603869	-310	0	0	0	18.77	13502	21.55	21.57	21.25	21.84	1.65
sz002815	0	0	0	0	-730.60	11138	30.99	30.50	30.42	30.99	-1.87
sh603866	-1303	0	0	0	-501.90	7165	43.55	42.75	42.18	43.55	-0.86
sz002811	0	0	0	0	-21.07	7109	19.39	19.07	19.07	19.39	-1.24
sz300688	-357	0	0	0	-178.23	6825	52.01	51.85	51.80	52.85	-1.16
sh600449	-6416	581	0	0	-1862.45	97852	11.95	11.98	11.94	12.14	-0.50
sz300681	0	0	0	0	15.87	3746	51.15	51.18	50.81	51.52	-0.62
sz300683	0	0	0	0	-0.42	8027	54.80	54.88	54.16	55.25	0.20
sz300687	-704	0	0	0	-360.92	9899	49.00	48.38	48.16	49.00	-1.49
sz000415	-23952	-12519	-3664	0	-331.20	169324	6.08	6.05	6.01	6.09	0.00
sz000411	0	0	0	0	-0.93	7841	20.55	20.56	20.45	20.71	-0.19
sz000413	-5103	16912	8957	0	-5752.36	565744	9.52	9.45	9.44	9.64	0.11
sz000418	-1798	0	0	0	1050.94	23295	72.00	72.65	71.18	72.88	0.87
sz000786	-27935	-8787	-4090	0	-10703.50	287248	23.60	23.50	23.41	24.09	0.00
sh600668	-11370	-2525	0	0	-1429.97	35176	16.09	15.92	15.91	16.10	-1.24
sh601398	27830	60556	91914	0	9116.40	2188517	6.20	6.25	6.20	6.30	0.64
sh601390	-62183	-26334	-24494	0	-4226.48	241940	8.56	8.49	8.48	8.57	-0.93
sz000070	-64571	-38292	-18811	0	-6389.11	180850	10.07	9.84	9.75	10.18	-3.72
sh601006	-43074	-21363	-12694	0	416.88	558431	9.78	9.75	9.67	9.84	-0.31
sh601000	-47395	-25259	-18344	0	-686.75	170431	4.90	4.85	4.85	4.95	-1.42
sh601001	-10749	-3015	0	0	-490.39	112280	6.42	6.41	6.38	6.54	-1.08
sz000528	-10656	-1388	-2229	0	258.39	113264	8.59	8.60	8.56	8.76	0.23
sh600717	-14799	-4964	0	0	-424.26	64616	10.72	10.68	10.68	10.79	-0.56
sz000096	-323	0	0	0	-75.78	6483	13.49	13.50	13.41	13.69	-0.66
sz300065	-14426	-5486	-2002	0	-1844.42	57096	17.34	16.79	16.54	17.42	-3.12
sz300203	-25179	-442	-693	0	-14062.70	194449	35.45	32.94	32.94	35.81	-10.00
sz300209	-1727	0	0	0	-575.50	26676	18.77	18.24	18.22	18.86	-2.67
sh603416	0	0	0	0	-96.22	4349	31.94	31.81	31.70	32.23	-0.84
sz300518	0	0	0	0	-59.46	3392	50.74	50.55	50.40	51.77	-0.10
sz300519	-225	0	0	0	81.44	11563	20.00	20.34	19.85	20.56	1.19
sh600167	-210	0	0	0	-166.40	6231	24.19	23.82	23.81	24.47	-1.49
sz300510	-119	0	0	0	325.78	6862	27.25	26.95	26.87	27.30	-0.30
sz300514	0	0	0	0	-420.32	8571	27.90	27.40	27.14	27.94	-1.47
sz300512	-615	0	0	0	-160.46	7009	17.80	17.60	17.55	17.86	-1.46
sh603380	-597	0	0	0	-161.06	12837	20.10	20.10	19.90	20.40	-1.08
sh603383	-268	0	0	0	-295.45	9721	45.02	44.73	44.53	45.80	-1.69
sh603385	-999	0	0	0	-205.87	15183	22.03	21.74	21.73	22.15	-1.32
sz300677	-773	0	0	0	-633.10	17101	57.14	57.12	56.12	57.87	-0.04
sz300670	-831	0	0	0	-32.44	11365	22.31	22.36	22.28	22.78	-0.84
sh600161	-12309	-1437	0	0	-2542.86	53073	30.03	29.60	29.50	30.30	-1.33
sh600874	-15578	-3543	0	0	-1460.33	211650	14.15	14.23	14.07	14.43	0.07
sz300476	-3009	0	0	0	-1517.74	23627	25.38	24.89	24.70	25.76	-2.01
sh603258	-1831	0	0	0	272.34	30661	33.54	33.30	32.93	34.23	1.52
sz300478	-1813	-2088	-2088	0	-825.34	14968	40.20	39.98	39.98	40.80	-0.82
sz002791	0	0	0	0	36.14	7925	19.46	19.15	19.10	19.63	-1.29
sz002793	-1788	0	0	0	-481.13	18150	17.40	17.10	17.08	17.64	-2.29
sz002026	-1579	1000	0	0	78.80	22737	8.07	8.09	8.05	8.11	-0.12
sz002025	-7403	-1004	0	0	-1307.97	47441	23.14	22.80	22.65	23.35	-1.72
sz002798	0	0	0	0	-254.02	4210	52.01	50.11	50.11	52.44	-3.21
sh600271	-35216	-1419	3662	0	-7443.38	206438	22.50	21.97	21.91	22.55	-2.23
sz002247	-1610	0	0	0	-23.02	14072	12.85	12.71	12.69	12.85	-1.09
sz002244	-135764	-65095	-47161	0	9771.20	811941	8.34	8.18	8.13	8.67	-2.27
sh603890	-4302	0	0	0	-2566.96	53174	40.40	39.20	39.10	40.42	-3.57
sz002241	-47479	-23238	-17087	0	-10139.82	246956	17.00	16.68	16.66	17.01	-2.00
sh603679	-950	0	0	0	-347.78	7484	25.61	25.66	25.24	25.96	-0.31
sz000662	637	1096	0	0	-167.59	10630	15.07	14.97	14.84	15.07	-0.13
sz000666	1444	-8	0	0	1717.35	69777	19.81	20.16	19.72	20.17	1.51
sh600019	139103	104977	91912	0	5324.30	954940	8.88	9.09	8.81	9.11	2.94
sz002801	289	0	0	0	577.35	10533	36.30	36.30	35.91	37.13	0.28
sz002800	0	0	0	0	57.17	3860	30.22	30.10	30.07	30.54	-0.36
sz002802	0	0	0	0	40.78	5004	28.81	28.54	28.40	28.90	-0.49
sh600381	-2380	0	0	0	-221.87	17049	10.40	10.40	10.38	10.55	-0.48
sh600383	-51144	-16587	-8036	0	-1953.60	594395	15.79	15.92	15.50	16.23	0.25
sh600388	-23674	-3209	0	0	-244.75	123753	16.28	16.29	16.16	16.44	-0.55
sh600389	-3485	0	0	0	-727.92	22470	18.64	18.38	18.20	18.65	-1.61
sz300698	-9193	-4535	-2007	0	-3079.00	85561	26.50	26.39	26.05	27.20	-0.49
sh600475	-1741	0	0	0	-205.58	14071	14.52	14.39	14.33	14.52	-0.96
sz300693	-416	0	0	0	622.16	19330	34.44	35.79	34.30	36.59	3.56
sz300690	0	0	0	0	-63.19	5632	56.86	56.80	56.19	57.14	-0.04
sz000402	-15030	3990	5625	0	4167.40	399660	11.58	11.73	11.58	11.99	1.12
sz000400	-9140	-1191	0	0	-381.49	55140	13.08	13.04	13.01	13.14	-0.31
sh600125	-121489	-47564	-39981	0	-12324.11	437227	11.02	10.62	10.57	11.06	-4.24
sh600126	-2267	2418	2050	0	7.03	68610	6.93	6.94	6.89	7.09	0.29
sh600655	5614	-1066	0	0	4806.86	134294	11.29	11.58	11.28	11.64	2.75
sz000796	-1165	0	0	0	65.43	21258	13.62	13.63	13.59	13.85	-0.44
sz000791	-19881	-7744	-4727	0	-966.42	98446	8.00	7.97	7.92	8.07	-1.36
sz000798	-4438	-1849	0	0	-455.77	71490	8.53	9.08	8.52	9.30	6.45
sz000883	-4517	2713	4234	0	19.66	89335	4.75	4.75	4.74	4.79	0.21
sz000887	-13808	-1689	0	0	-1325.04	74636	18.22	18.08	17.88	18.33	-1.09
sz000888	-8196	-3158	0	0	-621.79	49167	10.83	10.55	10.49	10.86	-2.41
sz000069	52275	69826	31223	0	1186.70	649844	9.35	9.53	9.35	9.77	1.28
sz000531	-2211	0	0	0	-79.82	9347	7.97	7.94	7.94	7.98	-0.25
sh601636	-37810	-1092	-1952	0	2153.11	801830	7.04	7.10	7.00	7.25	0.42
sh600720	-42487	-18058	-8913	0	-4184.17	323717	11.09	11.06	11.00	11.25	-0.63
sz300073	-9269	-1011	0	0	-2049.53	64744	25.17	24.74	24.65	25.31	-2.33
sh600872	1400	0	0	0	877.44	38051	26.35	26.92	26.20	26.95	2.91
sh601137	-3892	0	0	0	-201.74	43861	12.17	11.87	11.80	12.21	-2.63
sz002410	-1468	0	0	0	-1719.48	59217	20.25	20.56	20.25	20.83	0.88
sz002795	-605	0	0	0	-4.76	12638	15.94	15.83	15.72	16.19	-0.88
sh603098	-271	0	0	0	-57.84	7613	17.85	17.61	17.59	17.91	-1.07
sh603879	-770	0	0	0	-114.46	11096	19.90	19.95	19.80	20.28	0.00
sz300212	-3608	0	0	0	1179.33	44495	27.96	28.20	27.51	28.25	0.86
sz002385	-26219	-15056	-11317	0	-2186.00	248545	6.53	6.50	6.46	6.62	-0.76
sh603466	-418	1004	0	0	366.71	50014	51.25	54.01	50.89	55.50	5.06
sz300509	118	0	0	0	-217.68	5823	26.04	25.63	25.61	26.32	-2.29
sz002657	-28278	-10073	-969	0	-15489.19	351869	29.00	26.81	26.62	29.86	-4.39
sz300502	-4254	-1890	0	0	-2134.55	50352	25.99	24.60	24.60	26.00	-5.17
sz300506	549	0	0	0	259.58	17472	22.66	22.62	22.51	22.92	0.04
sz300446	-246	0	0	0	-300.16	6850	22.17	21.85	21.80	22.35	-1.44
sh603260	-10013	-1197	0	0	-13975.44	118888	62.70	59.37	59.30	62.80	-5.36
sh603266	0	0	0	0	-16.19	2389	25.77	25.77	25.60	25.95	0.12
sz002014	-566	0	0	0	-113.46	8477	11.77	11.69	11.68	11.77	-0.68
sh603063	-1322	0	0	0	-461.76	23418	18.40	18.42	18.10	18.57	-0.27
sz002019	-36718	-16760	-9333	0	-7566.36	174588	21.35	21.00	20.86	21.44	-1.91
sh603288	0	0	0	0	-538.49	18587	56.55	57.11	55.67	57.29	1.04
sh603289	-4977	0	0	0	443.75	82404	18.16	18.63	17.91	18.99	2.48
sh603283	-61672	-44961	-23591	0	25792.94	102639	34.29	34.29	34.29	34.29	10.01
sh603286	-2027	0	0	0	1496.42	32938	41.50	43.52	41.50	44.26	3.77
sz002271	-6968	0	0	0	-17.80	63545	41.68	40.30	40.00	41.68	-3.54
sz002277	-21948	-4564	-3457	0	-305.49	136740	6.06	6.02	6.00	6.11	-0.82
sh603605	-3782	0	0	0	-1700.73	41884	29.15	28.64	28.40	29.28	-2.15
sh603602	-993	0	0	0	-1531.97	27589	51.68	50.54	50.21	52.07	-3.53
sh603608	-1598	0	0	0	-24.69	15485	11.33	11.18	11.01	11.33	-0.18
sh603609	-1355	0	0	0	-93.25	14886	8.97	8.99	8.95	9.09	0.22
sh600007	-1907	0	0	0	-109.78	18371	17.35	17.36	17.33	17.87	-0.52
sz000657	-3488	-1053	0	0	-190.90	32817	12.57	12.53	12.35	12.63	-1.34
sz000650	-17975	-16414	-13437	0	-807.81	58811	5.46	5.38	5.35	5.46	-0.92
sh600000	-21501	-6446	4337	0	-3626.43	242034	12.97	12.91	12.90	13.00	-0.23
sz002588	-21218	-10193	-2010	0	-1220.07	52679	6.71	6.66	6.65	6.74	-0.60
sz002875	-510	0	0	0	467.65	14962	27.02	27.53	26.72	27.96	1.93
sh603179	-231	0	0	0	-327.19	5864	36.23	36.23	35.88	36.69	-0.74
sh603848	-12410	-2290	0	0	-3885.46	107491	21.93	21.06	21.02	22.14	-6.28
sh600398	-5341	-2272	-2272	0	-236.48	53443	9.76	9.73	9.69	9.89	0.10
sh600463	1818	1140	0	0	269.97	64966	11.62	12.02	11.57	12.32	3.44
sh603113	-4236	0	0	0	-1228.85	36410	23.19	23.08	22.86	23.36	-1.24
sh603116	-337	0	0	0	-16.46	13992	15.46	15.49	15.43	15.63	0.06
sh600138	-3615	251	0	0	1579.30	86128	22.35	22.29	22.00	22.47	-0.22
sh600648	1079	0	0	0	61.33	23294	18.58	18.76	18.58	19.19	0.37
sz002909	-2349	-1333	0	0	83.39	112483	22.85	24.21	22.65	24.87	5.67
sz002901	-2761	-1728	0	0	-1612.78	46206	38.21	37.99	37.63	38.75	-1.50
sz002902	-3200	1321	0	0	-4081.53	64197	42.10	41.75	40.72	42.49	-1.53
sh600487	-14581	-2493	0	0	-6089.56	170872	40.30	40.32	39.91	40.90	-0.67
sh600486	-978	0	0	0	414.06	25050	53.91	53.50	52.80	54.50	-0.22
sz002907	-44169	-17097	-15801	0	-19457.72	278148	37.00	36.00	32.63	38.81	2.01
sh601020	-2273	0	0	0	-265.15	22244	20.65	20.32	20.30	20.66	-1.60
sh601607	-2814	0	0	0	-314.40	78082	24.89	25.12	24.89	25.26	0.92
sz000501	-4303	1851	0	0	38.78	50514	17.00	16.99	16.84	17.14	-0.35
sh600739	-1859	0	0	0	643.29	30573	17.99	17.89	17.86	17.99	-0.33
sh600208	91712	115304	103998	0	6751.94	643848	5.33	5.44	5.28	5.47	2.06
sh601288	-219805	-139938	-123454	0	-156.40	3452961	4.00	4.01	3.99	4.04	0.50
sz300042	-726	0	0	0	-173.53	6180	31.58	32.03	31.52	32.03	0.53
sz300043	3310	12637	3610	0	406.69	256478	6.30	6.49	6.29	6.75	1.88
sz300046	-9712	0	0	0	-2169.57	64007	22.19	21.24	21.22	22.27	-4.41
sz300194	-8910	0	0	0	-364.28	30718	5.87	5.85	5.82	5.87	-0.51
sz300195	-441	0	0	0	-79.37	4541	14.22	14.16	14.09	14.25	-0.42
sz300197	-27349	-10507	-3938	0	-2070.39	98302	11.55	11.32	11.32	11.55	-2.08
sz300190	-8069	-1286	0	0	-801.12	24374	11.90	11.72	11.69	11.90	-1.60
sh600382	-2072	0	0	0	-230.47	20491	13.02	12.98	12.86	13.11	-0.31
sz300222	-7250	0	0	0	-2345.09	64018	20.46	19.98	19.93	20.48	-3.10
sz002315	-1488	0	0	0	-662.31	17734	22.72	22.19	22.19	22.72	-2.46
sz002310	-12517	-5830	-6553	0	-452.67	166422	19.60	19.40	19.29	19.72	-1.52
sz002313	-20636	-7733	-6724	0	-2963.09	76608	31.75	30.55	30.28	31.93	-4.05
sz300536	-8771	-1653	0	0	-1350.50	75349	21.00	20.75	20.60	21.87	-2.58
sz002649	-56825	-15196	-5572	0	-2612.10	268809	13.00	12.59	12.58	13.19	-4.19
sh600820	-15190	-6919	-2005	0	-395.12	67800	8.42	8.37	8.36	8.44	-0.59
sh600816	-14762	-195	2153	0	-2515.24	83110	13.14	13.07	13.06	13.24	-0.83
sz300457	-4079	0	0	0	-1206.12	28270	25.72	25.01	25.00	25.85	-3.14
sz002008	-20249	-5738	-2699	0	-1631.70	145553	54.75	54.34	53.90	55.14	-0.98
sh603277	-3989	-1006	0	0	-466.69	62646	18.27	18.72	17.92	19.43	2.13
sz002001	15039	20308	15320	0	20738.10	419236	39.58	43.77	39.30	43.77	10.00
sz002002	-31208	-15876	-10145	0	-2219.32	92463	7.32	7.14	7.12	7.32	-1.92
sz002007	-10655	-2542	0	0	-1654.68	57633	28.60	28.00	27.95	28.62	-1.82
sz002050	-24271	-6785	-4083	0	-3413.04	137132	20.35	20.10	19.88	20.40	-1.47
sh600479	0	0	0	0	65.67	11745	13.88	13.91	13.81	13.95	0.29
sz002262	-6776	1315	0	0	321.05	56910	15.23	15.29	15.12	15.53	-0.07
sh603617	3325	1040	0	0	930.41	15361	24.81	25.85	24.68	26.00	3.44
sz002468	-3074	0	0	0	-756.36	18922	25.18	24.77	24.73	25.25	-1.55
sz002466	-11046	-1579	0	0	-14191.66	139689	55.39	54.60	54.40	55.60	-1.55
sz002464	4926	0	0	0	1242.96	42686	31.40	31.49	31.00	32.33	1.25
sz002866	-231	0	0	0	-188.97	11163	36.75	36.81	36.75	37.74	0.16
sz002864	-5251	-1369	0	0	262.90	86730	36.90	36.39	35.03	38.60	-2.54
sz002861	-343	0	0	0	-463.69	11048	27.22	26.70	26.69	27.30	-2.48
sz002860	-200	0	0	0	-306.26	7270	41.50	40.98	40.86	41.58	-1.82
sh603858	-1197	0	0	0	-1354.87	20445	51.39	51.01	50.93	51.49	-1.03
sz002869	0	0	0	0	-27.91	5647	30.60	30.22	30.05	30.69	-1.18
sz002868	0	0	0	0	15.78	3518	24.31	24.18	24.09	24.49	-0.53
sh603108	-3360	0	0	0	-637.35	18663	12.56	12.59	12.46	12.73	-0.32
sh603103	-206	0	0	0	-168.51	21084	28.20	27.85	27.66	28.40	-1.14
sh603101	-220	0	0	0	-28.97	5501	13.27	13.29	13.22	13.33	0.23
sh603106	-12345	-4648	-7405	0	-11015.90	318410	27.10	28.24	26.80	29.90	3.56
sh600109	-15512	-6929	-5334	0	-1262.81	118970	9.66	9.64	9.61	9.73	-0.31
sh600101	-2255	1178	0	0	-220.58	24913	9.33	9.27	9.22	9.34	-0.22
sz002911	-18089	-1552	-2948	0	-2216.71	198104	30.31	29.30	28.01	30.34	-3.78
sh600499	-95106	-32490	-14831	0	-5342.99	316488	11.70	11.23	11.19	11.70	-4.34
sh600030	-54072	6892	19746	0	417.10	1046038	19.25	19.33	19.12	19.58	0.26
sh600037	-4675	0	0	0	-203.11	32504	13.21	13.03	13.00	13.21	-0.99
sh600746	-1439	0	0	0	74.71	16003	8.35	8.23	8.20	8.35	-1.32
sz000429	-11711	-7649	-3839	0	-943.56	35375	8.15	8.08	8.06	8.17	-0.62
sz300055	-18531	-2491	-2481	0	-3658.09	124093	20.00	19.68	19.65	20.18	-2.09
sz002127	-12908	-6869	-2391	0	-124.23	76851	12.45	12.02	11.98	12.46	-3.69
sz300182	-29929	-7001	-2506	0	-1564.39	140868	9.55	9.45	9.41	9.55	-0.84
sz300180	-826	0	0	0	395.52	9470	24.36	24.66	24.20	24.67	0.53
sz300237	-237	0	0	0	-124.79	7645	16.44	16.31	16.30	16.64	-0.73
sz300233	-4900	-2008	-2008	0	-845.77	31418	18.41	17.86	17.80	18.50	-3.46
sz000701	-5361	-1004	0	0	-527.80	34418	10.24	10.11	10.09	10.31	-1.65
sz300521	-1303	0	0	0	248.25	12143	15.35	15.40	15.20	15.50	0.00
sz002126	-12876	-7006	-7006	0	-694.46	66662	9.63	9.41	9.36	9.63	-2.08
sz002675	-5700	0	0	0	-429.59	24511	11.37	11.30	11.24	11.39	-0.62
sz002673	-27080	-6047	-2588	0	-2516.71	144236	12.56	12.38	12.38	12.62	-0.88
sz002670	11632	5403	-1783	0	6083.91	160363	19.26	20.03	19.26	20.16	3.19
sz300428	-380	0	0	0	208.13	20271	18.95	18.97	18.90	19.39	-0.58
sh600809	13097	11022	5290	0	1099.69	64923	58.91	59.30	58.01	59.73	0.66
sh600804	-8608	-146	0	0	-1305.68	41954	17.43	17.18	17.17	17.49	-1.38
sz002581	-1269	0	0	0	-145.75	17286	19.13	18.85	18.75	19.23	-1.21
sz002078	26617	54674	37052	0	-4469.90	805298	9.74	10.07	9.74	10.55	3.49
sz002071	6011	4739	0	0	794.21	40261	9.90	9.93	9.81	9.96	0.20
sh603042	-1612	0	0	0	-288.65	22784	28.33	27.80	27.68	28.50	-2.76
sh603041	0	0	0	0	-127.90	7205	22.39	22.53	22.33	22.78	0.13
sh603599	-1579	0	0	0	-747.13	29794	19.72	19.69	19.43	19.88	-0.05
sh603912	-10892	-4089	-2870	0	-4252.97	213470	30.00	29.72	29.51	31.40	3.95
sh603916	-10783	0	0	0	-513.05	110595	17.40	17.82	17.14	18.10	0.79
sh603917	-2094	0	0	0	220.03	61250	28.10	28.22	27.31	28.88	-0.14
sh603919	-653	0	0	0	110.57	14837	18.45	18.55	18.30	18.64	0.49
sh603809	-2345	0	0	0	-1599.25	55462	37.02	38.00	36.61	38.05	1.50
sh600933	-11903	-601	0	0	-1140.40	155728	16.70	16.83	16.51	17.09	-1.00
sz002292	-7212	439	-2850	0	-530.86	88513	14.41	14.34	14.33	14.65	-0.42
sz002294	-1253	1001	0	0	1551.11	100524	42.02	43.60	41.99	44.00	3.98
sz002100	-3349	-1588	0	0	195.83	31636	8.30	8.39	8.27	8.39	1.45
sz002456	-38053	-12751	-7280	0	-3894.85	300614	20.09	19.60	19.58	20.10	-2.05
sz002450	-29823	-502	-363	0	-8277.17	222390	21.79	21.60	21.48	21.96	-0.92
sz002859	-302	0	0	0	-327.71	18237	34.56	34.23	34.12	34.86	-2.09
sz002853	-1401	0	0	0	-1301.07	28713	33.50	32.85	32.75	33.50	-2.75
sz002850	0	0	0	0	-623.55	7286	61.58	60.92	60.86	62.15	-1.18
sz002856	1160	4655	6020	0	2103.45	59278	45.79	44.98	42.85	45.79	-3.04
sh601992	51034	45503	31144	0	-1035.36	932196	5.93	5.97	5.90	6.10	1.19
sh603139	-438	0	0	0	-601.13	16145	26.82	26.17	26.03	26.90	-3.25
sh600240	2610	7257	3300	0	-114.23	104051	9.08	9.19	9.04	9.37	1.10
sh600115	30208	51351	21157	0	-1246.50	869709	8.22	8.18	8.12	8.38	-0.97
sh600114	-11514	-735	0	0	-1794.70	62244	15.11	15.16	14.81	15.21	0.40
sz000988	-36302	-8710	-2743	0	-5664.15	116257	17.14	16.78	16.78	17.14	-2.16
sz000635	-3460	0	0	0	-692.77	34381	16.23	15.88	15.87	16.41	-2.34
sh600026	1516	9827	8000	0	-47.27	83847	6.21	6.22	6.19	6.26	-0.16
sz000631	-61485	-25041	-13144	0	-1162.55	517831	4.76	4.74	4.70	5.05	-2.07
sh600023	97178	89165	74008	0	4366.90	351559	5.46	5.53	5.46	5.56	1.28
sz000567	-577	-1010	0	0	1035.05	26624	24.97	25.35	24.55	25.70	1.68
sh601377	-17124	-1114	7785	0	-492.41	198924	7.39	7.39	7.38	7.47	-0.14
sz000568	4044	1136	0	0	5585.20	82690	70.20	71.02	69.90	71.60	1.25
sh600757	-3859	1051	0	0	156.90	39292	7.05	7.04	7.00	7.06	-0.14
sh603197	0	0	0	0	-651.51	11345	52.46	51.11	50.50	52.95	-2.67
sz002778	-58	0	0	0	-19.01	5839	25.07	24.80	24.48	25.08	-0.88
sh601579	-1228	0	0	0	-124.13	10224	11.99	11.99	11.91	12.07	-0.50
sz002223	-8551	-1147	0	0	-453.46	47974	20.81	20.50	20.50	20.91	-1.35
sh603567	0	0	0	0	26.51	5704	14.44	14.50	14.44	14.57	-0.14
sz300522	-239	0	0	0	-39.49	6846	20.73	20.55	20.48	20.88	-1.34
sz002063	-110882	-68828	-64146	0	-8126.50	1005655	13.98	12.97	12.92	13.98	-5.81
sz300527	-1552	0	0	0	40.40	7298	23.33	23.28	23.15	23.50	-0.17
sz300088	-48055	-7696	-2828	0	-2261.11	232400	7.81	7.77	7.73	7.92	-1.02
sz300083	-62179	-34493	-20282	0	-4584.50	214355	7.51	7.26	7.25	7.53	-3.07
sz000686	-19330	-3317	-2311	0	-906.59	104584	8.67	8.67	8.65	8.74	-0.12
sz002669	-990	0	0	0	-816.95	16419	24.78	24.90	24.55	25.30	0.28
sz300554	0	0	0	0	-78.42	4781	60.00	60.27	59.61	61.10	-0.02
sz300550	0	0	0	0	-101.54	2900	31.03	30.98	30.70	31.20	-0.16
sh603555	-4867	-2603	0	0	-128.99	20897	18.00	17.90	17.71	18.15	-0.56
sh600831	-5494	0	0	0	-390.76	25470	8.36	8.23	8.21	8.36	-1.79
sh600835	-7068	1000	0	0	379.55	77044	24.81	24.79	24.57	25.15	-0.24
sz002595	-824	0	0	0	-393.46	10255	18.38	18.47	18.35	18.70	-0.32
sz002594	1617	2076	2013	0	7967.10	195978	65.66	67.08	65.62	67.85	2.57
sz002065	-126833	-78430	-89151	0	-14571.60	1008106	9.29	8.87	8.83	9.36	-2.10
sh603586	466	0	0	0	-274.70	8798	24.14	23.84	23.80	24.14	-1.24
sh603589	-520	0	0	0	-40.86	39121	49.41	49.90	48.64	49.96	0.48
sh603903	0	0	0	0	117.27	16365	38.51	38.91	38.08	39.50	1.04
sh603900	303	0	0	0	572.42	18335	30.90	31.44	30.75	32.02	1.00
sh603557	1212	0	0	0	309.59	39588	15.50	15.83	15.22	16.07	3.19
sz002502	-13670	-6360	0	0	-837.76	39196	8.58	8.51	8.50	8.62	-1.28
sz300722	-1305	0	0	0	-929.36	30832	35.50	34.90	34.83	36.55	-2.60
sh603630	0	0	0	0	-89.66	6783	28.12	27.71	27.66	28.16	-1.56
sz002441	-4014	0	0	0	-377.08	22242	10.14	10.08	10.04	10.16	-0.88
sz002440	-40375	-4707	970	0	-5762.80	163003	20.16	19.50	19.48	20.28	-3.99
sz002117	-36251	-18009	-11637	0	3059.50	225995	20.50	22.55	20.01	22.58	9.84
sz002448	-819	0	0	0	18.36	17915	9.06	9.06	9.05	9.12	-0.22
sz002119	-3625	0	0	0	-653.58	13419	19.10	18.60	18.60	19.17	-2.41
sh601988	-171261	-97341	-65635	0	1307.60	1907362	4.09	4.09	4.07	4.12	0.00
sz000960	-2748	9341	2629	0	-1172.93	205082	13.48	13.43	13.40	13.66	0.15
sh603129	0	0	0	0	-233.59	13964	26.78	27.06	26.31	27.20	0.78
sh603128	-15748	-7095	0	0	10.43	169214	8.78	8.79	8.72	9.00	-0.34
sh600236	-8003	0	0	0	-144.21	28836	5.65	5.67	5.64	5.68	0.00
sh600233	-1239	0	0	0	-564.27	17229	16.88	16.88	16.84	17.04	-0.53
sh600694	-400	0	0	0	102.10	11782	34.20	34.47	34.12	34.57	0.70
sh601188	-3073	0	0	0	-84.50	14624	4.17	4.15	4.14	4.17	-0.48
sh600690	26987	30857	15916	0	15732.00	592390	21.00	21.50	20.83	21.58	2.58
sh601186	-23533	-11670	-5762	0	-2670.20	181810	11.54	11.45	11.43	11.62	-1.04
sh600168	-1456	0	0	0	-27.95	18453	8.44	8.41	8.36	8.44	-0.24
sh603368	0	0	0	0	34.33	4839	48.35	47.71	47.60	48.35	-0.56
sz000999	-5277	0	0	0	-870.13	41619	26.45	26.14	26.05	26.57	-1.51
sh600585	8180	18015	312	0	10442.30	577492	31.20	31.56	31.00	32.15	1.02
sz000990	-5053	-1138	0	0	-3.65	38627	17.47	17.51	17.45	17.79	0.23
sh601366	-2602	0	0	0	-39.63	20860	10.38	10.33	10.28	10.44	-0.67
sh600765	-10381	726	0	0	-581.20	47147	12.35	12.26	12.21	12.43	-1.05
sh600569	-86551	-10645	2484	0	7749.80	2063043	5.14	5.27	5.05	5.48	5.82
sz300338	-620	0	0	0	-391.30	9997	20.42	20.08	19.78	20.47	-0.94
sh600563	-768	0	0	0	367.69	15354	48.03	47.51	47.28	48.84	-1.49
sh600565	-8263	-12543	-11751	0	1971.29	571547	4.46	4.59	4.42	4.74	2.91
sh600566	-2902	0	0	0	-1497.47	38014	42.00	41.63	41.13	42.21	-0.02
sh600567	-8871	-23806	-35971	0	-2614.03	760882	4.59	4.55	4.55	4.69	-0.22
sz001979	-12426	-2076	-4422	0	-5124.60	292732	21.64	21.63	21.38	22.10	0.84
sh601965	-581	0	0	0	-37.09	20175	8.73	8.69	8.66	8.79	-0.46
sh601567	-4084	0	0	0	-182.13	19634	9.62	9.57	9.50	9.62	-0.31
sz002612	-1848	-1140	0	0	340.61	20406	11.90	12.01	11.87	12.14	0.50
sz300546	687	0	0	0	11.39	7670	21.05	20.97	20.80	21.26	-0.57
sz300545	-260	0	0	0	-505.99	4665	62.99	60.85	60.00	62.99	-1.84
sz300543	-260	0	0	0	149.44	8803	30.00	29.55	29.50	30.00	-1.66
sz300549	-302	0	0	0	48.35	6545	21.65	21.53	21.41	21.99	-1.15
sz300548	0	0	0	0	-164.45	4930	48.48	47.50	47.35	48.62	-2.26
sz300407	-13333	-4639	-2096	0	-2171.14	93402	12.59	12.17	12.08	12.90	-3.57
sh600823	9546	25239	38219	0	-10113.20	1400789	6.32	6.31	6.20	6.57	-1.10
sh600828	-2539	-1000	0	0	82.06	20605	6.36	6.34	6.31	6.38	-0.47
sz002056	-42253	-11990	-6154	0	-4366.86	329045	11.29	11.03	11.03	11.53	-1.78
sz002057	-5643	0	0	0	-595.86	29925	12.82	12.51	12.48	12.82	-2.57
sz002728	-786	0	0	0	-2.95	12832	18.80	18.92	18.70	19.19	0.00
sh603027	0	0	0	0	83.78	19841	19.07	19.29	18.82	19.35	1.15
sz002627	0	0	0	0	33.01	3144	18.23	18.23	18.16	18.32	0.00
sz002626	9986	-1099	-2084	0	4353.74	117125	19.95	21.50	19.70	21.69	8.26
sh601818	214218	207378	200790	0	2346.80	1675380	4.14	4.16	4.13	4.19	0.24
sz002620	58	1000	0	0	404.47	34653	9.54	9.62	9.50	9.72	0.94
sh603937	-18361	-1430	0	0	-2498.18	214207	25.38	26.50	24.73	26.71	2.63
sh603933	0	0	0	0	-504.55	8282	50.99	50.49	50.01	50.99	-1.29
sh603938	-865	0	0	0	-1356.18	20545	38.39	37.41	37.33	38.48	-1.99
sz300710	-283	0	0	0	-45.76	15632	41.20	41.92	41.16	42.48	0.50
sz002434	-4846	-3937	0	0	400.89	94971	10.23	10.34	10.19	10.42	1.57
sz002435	-566	0	0	0	58.38	10001	16.96	17.09	16.79	17.14	0.41
sz002124	4920	6081	2646	0	368.68	38811	8.68	8.80	8.65	8.98	1.15
sh600352	-57415	-15158	-9824	0	-13567.40	655939	12.35	12.16	12.14	12.68	-2.56
sh603808	-3899	0	0	0	-738.67	24001	21.25	20.99	20.98	21.35	-1.04
sh600350	-8995	1297	590	0	-625.13	90357	6.16	6.14	6.13	6.19	-0.65
sh600354	-7925	-899	0	0	-265.11	63620	7.15	7.08	7.07	7.21	-0.98
sh603803	-2135	0	0	0	-377.34	28207	18.50	18.43	18.30	19.00	-0.86
sh603801	0	0	0	0	302.75	7245	54.15	54.52	53.96	54.80	1.13
sh603806	-280	0	0	0	294.16	5625	34.12	34.27	33.91	34.30	0.26
sz002108	-14869	-2447	0	0	-1647.80	84656	12.10	11.93	11.91	12.19	-1.24
sh603157	-205	0	0	0	-1770.35	143205	17.41	18.85	17.20	19.38	6.98
sz002540	-1618	0	0	0	106.18	24277	7.54	7.60	7.52	7.61	0.40
sh600176	-31942	-11712	-6897	0	-4345.84	383559	17.10	17.11	16.83	17.35	0.59
sh600173	-82730	-31582	-13311	0	6226.99	508992	6.20	6.86	6.19	6.95	8.54
sz000761	47053	43167	21006	0	1326.62	274796	5.30	5.36	5.27	5.48	1.32
sh601886	8416	3369	0	0	1459.37	45943	8.88	9.09	8.83	9.10	1.91
sh600594	-6364	-558	0	0	-51.78	46072	10.53	10.48	10.41	10.55	-0.66
sh600596	-97977	-62473	-43963	0	-4110.56	375003	11.91	11.56	11.41	11.93	-3.83
sh600593	896	0	0	0	442.69	20185	28.02	29.06	28.00	29.10	3.75
sh600598	-34143	-9842	-4435	0	-1111.49	500132	11.28	11.31	11.28	11.64	0.27
sh600779	-2607	-1006	0	0	-2063.26	58169	47.40	47.75	47.00	48.28	-0.21
sh601311	-1159	0	0	0	-154.89	48894	13.36	13.31	13.20	13.58	-0.45
sh601088	-27265	-7797	-1409	0	-792.60	305231	24.24	24.36	24.15	24.61	0.33
sh600681	-8254	-1278	0	0	-570.79	60975	14.06	13.89	13.72	14.30	-2.39
sh601952	-19425	-4480	0	0	-2730.94	105289	13.36	13.12	13.07	13.42	-1.58
sh600684	-14965	-1020	4964	0	-1845.36	487745	6.71	6.84	6.68	7.06	0.59
sh601225	51136	50923	21165	0	-618.50	664568	8.99	9.05	8.91	9.23	1.00
sh601799	0	0	0	0	117.52	2506	50.62	50.85	50.10	51.00	0.61
sz000548	-1746	0	0	0	42.00	29643	6.67	6.66	6.62	6.74	-0.15
sz000811	-10945	-1354	-2500	0	-497.00	39453	8.08	8.00	7.98	8.12	-1.11
sz000546	-14578	-2500	0	0	97.76	45779	16.50	16.30	16.21	16.68	-1.98
sz000544	-415	0	0	0	41.50	8754	14.77	14.82	14.67	14.88	0.34
sz300393	-400	0	0	0	128.48	11203	38.30	37.44	37.20	38.30	-0.29
sz300158	-6495	-2100	-2100	0	-517.20	29545	14.17	14.01	14.00	14.24	-1.20
sz300572	-234	0	0	0	-89.32	2282	64.40	62.43	62.15	65.20	-3.51
sz300570	-6409	-1394	0	0	-2276.86	58203	21.20	20.56	20.55	21.24	-4.15
sz300571	581	0	0	0	-380.86	10448	47.00	48.36	46.90	49.68	2.11
sz002603	-7916	-2713	-2075	0	2764.57	110472	16.22	16.40	16.17	16.60	1.93
sz002602	-7	0	0	0	462.59	12572	34.80	35.10	34.79	35.21	0.86
sz002601	-32380	-15244	-4035	0	-4954.70	174159	17.38	17.25	17.05	17.44	-0.92
sz300575	0	0	0	0	-79.17	4943	40.60	40.11	40.00	40.60	-1.23
sh600985	-13329	-1115	0	0	-1227.92	105382	15.06	14.45	14.27	15.46	-4.87
sz300371	-284	0	0	0	67.59	6747	19.05	19.15	18.95	19.25	0.26
sz300374	-3991	-1007	0	0	64.17	55931	15.50	15.90	15.42	16.34	1.21
sz300376	-18705	-4806	0	0	-1270.96	91616	7.41	7.27	7.26	7.41	-1.62
sz300501	0	0	0	0	80.48	3147	34.70	34.92	34.62	35.40	0.75
sz002733	-4041	0	0	0	-600.34	21013	17.48	17.07	17.07	17.48	-1.78
sz002043	-14087	-1894	0	0	-1254.68	71842	12.41	12.26	12.25	12.55	-1.68
sh603033	0	0	0	0	-0.93	2630	18.63	18.50	18.48	18.79	-0.70
sz002048	-12816	2357	2357	0	-2375.93	66757	24.39	23.91	23.69	24.41	-2.45
sh603031	0	0	0	0	-42.36	3176	24.40	24.25	24.15	24.61	-0.98
sh600969	0	0	0	0	212.57	8826	12.50	12.51	12.46	12.58	0.16
sz300702	-240	0	0	0	-70.82	17278	43.39	43.42	42.80	44.07	-0.18
sz300705	-2419	0	0	0	-352.02	42751	30.65	30.20	29.60	31.40	-4.13
sz300707	0	0	0	0	65.92	14467	44.72	44.94	44.50	45.85	-0.02
sz002138	-13312	-4641	-2000	0	940.20	91047	16.99	16.45	16.37	16.99	-3.46
sz002136	-4562	-1857	0	0	-291.43	24869	14.50	14.50	14.36	14.56	-0.62
sh603320	-1252	0	0	0	-557.16	36050	30.10	28.63	28.50	30.32	-4.44
sh603326	-1848	0	0	0	-400.67	8818	19.35	18.93	18.80	19.35	-2.07
sh603496	0	0	0	0	-34.49	6964	33.41	33.10	33.05	33.60	-1.11
sh603499	-422	0	0	0	175.02	44115	24.24	25.15	24.11	25.88	3.80
sh603811	0	0	0	0	-41.74	8146	31.86	31.65	31.38	32.13	-1.89
sh603813	0	0	0	0	102.22	20259	29.40	29.68	29.10	30.17	0.58
sh603928	-777	0	0	0	-39.37	6996	15.15	15.09	15.02	15.19	-0.53
sh600211	-146	0	0	0	263.57	10705	34.31	35.27	34.31	35.33	1.76
sz002551	-888	0	0	0	2.06	54451	9.26	9.35	9.26	9.43	0.65
sh603926	0	0	0	0	-110.53	5902	26.58	26.37	26.17	26.65	-0.75
sh601163	-1491	0	0	0	3.68	22801	20.56	20.47	20.46	20.76	-0.49
sh601169	-50635	-23917	-8489	0	460.72	309368	7.32	7.29	7.28	7.35	-0.14
sz000605	-994	0	0	0	-228.69	25961	18.93	18.70	18.62	19.15	-1.42
sz000601	-23628	-14862	-10000	0	-425.94	41820	7.35	7.29	7.24	7.37	-0.82
sz000975	24533	29334	8681	0	2852.85	141458	14.23	14.79	14.19	14.86	4.23
sh600782	-98396	-34245	4746	0	-9075.66	870752	7.10	6.99	6.92	7.40	-2.10
sh600783	-4335	-1045	0	0	-406.04	28172	14.56	14.53	14.49	14.78	-0.48
sh600785	0	0	0	0	-18.82	1804	21.04	21.25	21.03	21.27	0.38
sh600787	749	3798	2230	0	851.88	232515	11.30	11.39	11.09	11.54	0.26
sh600549	-43376	-9122	-4155	0	-12132.77	260928	26.31	25.88	25.75	26.38	-2.63
sh600547	21290	17593	10808	0	19127.50	346776	31.35	32.59	31.35	32.85	3.20
sz002735	-210	0	0	0	-57.36	2045	32.28	32.16	32.06	32.98	-0.28
sh601098	953	1600	0	0	-422.70	40080	14.07	13.97	13.92	14.08	-0.57
sh600141	-32103	-7152	0	0	-3420.87	116310	18.40	17.94	17.88	18.61	-2.71
sh600180	-7473	-1699	0	0	-151.61	45642	10.96	10.54	10.50	10.96	-3.30
sz000151	-2586	0	0	0	-101.46	17401	12.63	12.62	12.57	12.75	-0.55
sh601788	-13299	-1321	0	0	-801.78	76007	13.77	13.70	13.69	13.87	-0.44
sz000980	5493	4208	2339	0	182.38	161044	12.09	12.23	11.98	12.34	1.24
sz002408	-28283	-13131	-8058	0	-2231.10	85564	12.54	12.23	12.19	12.62	-2.32
sh600020	4549	5256	0	0	523.56	89319	5.02	5.03	5.00	5.05	0.00
sz000559	1945	926	0	0	822.88	135928	9.99	10.05	9.99	10.27	0.30
sz002155	26281	25710	22201	0	6278.48	264800	9.63	9.84	9.57	10.00	2.61
sz300385	0	0	0	0	10.19	3531	24.68	24.61	24.47	24.77	-0.40
sz300384	753	0	0	0	-80.62	7046	28.95	28.80	28.48	29.17	-0.48
sz002636	-15103	-1312	0	0	-3206.32	74292	16.20	15.64	15.61	16.23	-3.52
sz002637	-3920	-2003	-2003	0	-180.85	10517	10.84	10.82	10.69	10.84	-0.28
sz002635	-12195	-2190	0	0	-2071.37	134694	23.95	23.89	23.79	24.75	-0.38
sz300563	0	0	0	0	-26.17	2496	31.35	30.99	30.82	31.35	-1.12
sz300360	-216	0	0	0	-188.56	16668	10.71	10.61	10.57	10.77	-1.30
sz300365	-5198	1014	0	0	-1872.97	78763	33.96	34.49	33.70	36.55	1.00
sh603001	691	0	0	0	-89.99	15102	14.78	14.76	14.62	14.82	-0.20
sz002701	-14176	-3850	-2826	0	-544.69	62773	6.10	6.06	6.05	6.12	-0.82
sh603008	1413	2489	0	0	-530.93	34176	19.00	18.94	18.58	19.09	-0.63
sz002092	-55552	-11453	3892	0	-6160.16	329383	14.85	14.56	14.52	14.86	-2.02
sh600979	-17023	-8865	-2799	0	-13.17	42044	5.29	5.24	5.23	5.29	-0.95
sh600978	-9694	-3429	0	0	-523.62	56009	9.26	9.09	9.07	9.26	-2.05
sh600977	-8229	-1071	0	0	-505.82	52906	15.25	15.12	15.06	15.30	-1.37
sh600971	-24966	-1806	-1300	0	-1848.41	202908	10.94	10.90	10.82	11.15	-0.27
sh600970	-7203	3208	5261	0	-3021.80	246686	10.08	10.11	10.02	10.21	0.10
sz002146	-9669	13698	24006	0	3862.30	756250	11.09	11.05	10.78	11.38	0.64
sz002416	-2311	0	0	0	-253.42	31023	9.42	9.34	9.30	9.52	-1.16
sz002142	-10014	-4722	2636	0	4012.42	243689	18.29	18.51	18.13	18.57	1.26
sz002143	3271	-14792	-12746	0	-5150.98	169983	13.65	14.46	13.61	14.80	5.62
sh603316	0	0	0	0	-31.87	9456	14.30	14.22	14.20	14.44	-0.21
sh603313	-4913	0	0	0	-1870.16	27448	27.62	26.63	26.60	27.66	-3.65
sz002384	-865	0	0	0	-946.96	59847	30.46	31.11	30.46	31.38	2.13
sh603319	0	0	0	0	-94.49	4008	29.61	29.17	29.01	29.61	-1.15
sz002896	-200	0	0	0	-547.52	9297	39.74	39.19	39.07	39.74	-1.38
sz002895	86	0	0	0	206.34	43179	24.53	24.95	24.40	25.27	0.65
sz002893	-20123	-7137	-6950	0	-9918.35	190285	36.15	36.36	34.50	38.99	0.41
sz002890	0	0	0	0	-53.45	4152	33.59	33.49	33.11	33.74	-0.33
sz002898	-10362	-876	1409	0	-3815.07	131905	24.98	23.93	23.56	26.27	-1.56
sz002899	-604	-1361	0	0	-772.86	41558	28.68	29.90	28.38	30.00	3.96
sh601878	-1381	1014	0	0	467.86	121245	16.28	16.30	16.21	16.53	-0.06
sz002562	-33518	-21345	-11622	0	-2406.32	134931	17.35	17.29	16.78	17.49	-1.20
sz300619	-393	0	0	0	-492.93	10079	43.78	42.81	42.76	44.00	-2.70
sh603777	-214	0	0	0	53.76	12808	26.84	26.71	26.69	27.13	-0.63
sh601155	1159	5208	4723	0	-6286.40	274883	34.55	34.79	34.02	36.10	-0.43
sz002479	-1756	1467	2000	0	-443.45	57254	10.00	10.01	9.92	10.05	-0.50
sz300577	0	0	0	0	168.69	4784	66.10	66.30	64.81	67.99	-0.72
sh600377	1599	1000	0	0	304.19	23132	9.97	9.96	9.92	9.99	0.10
sh600376	-15186	6160	6845	0	-824.41	119311	10.27	10.29	10.24	10.56	0.39
sz000011	-2125	0	0	0	959.05	94532	17.45	17.76	17.36	18.19	1.54
sz000018	-4951	-3352	-3352	0	183.17	53954	6.22	6.22	6.18	6.26	-0.64
sh600551	-1336	-1152	0	0	264.73	17927	12.10	12.14	12.00	12.18	0.08
sh600557	-3976	0	0	0	-464.56	28358	13.94	13.78	13.75	13.96	-1.22
sz000498	-12199	0	0	0	-359.44	43259	6.82	6.76	6.73	6.84	-0.73
sz002475	-1645	3747	0	0	221.28	87192	23.07	23.29	23.05	23.50	-0.30
sz000709	74852	86560	71764	0	-288.16	715052	4.04	4.07	4.03	4.10	0.49
sh601939	-93547	-9270	-9579	0	3529.80	942870	7.89	7.89	7.85	7.95	0.25
sh601200	-6006	-2069	0	0	-2565.17	49561	24.16	23.89	23.80	24.16	-1.08
sh601339	-2303	-1194	0	0	185.25	26109	5.28	5.30	5.26	5.31	0.38
sh600419	183	0	0	0	91.26	7083	44.88	44.69	44.50	45.38	-0.20
sz300170	-26785	873	-1683	0	-780.49	135252	12.87	12.45	12.44	12.88	-2.89
sz300178	-9697	-3169	-2320	0	-1009.34	63609	14.46	14.01	14.01	14.80	-1.68
sz002876	-491	0	0	0	-446.07	8813	62.90	60.94	60.94	63.17	-3.68
sz002877	-5	0	0	0	42.11	12043	22.65	22.56	22.40	22.88	-1.01
sh600393	23517	19313	19287	0	2679.97	375725	6.65	7.01	6.60	7.29	5.26
sz002872	-858	0	0	0	37.54	16569	32.35	32.42	31.90	32.87	-0.28
sz300286	-220	0	0	0	4.53	3837	18.04	18.06	17.91	18.12	-0.11
sz002873	-1141	-1159	0	0	1657.65	33479	41.00	45.11	40.20	45.11	10.00
sz002624	-2039	0	0	0	519.74	21792	31.65	31.84	31.27	32.11	1.37
sz300357	-505	0	0	0	230.52	5157	48.48	48.15	47.76	48.50	0.10
sz300351	-788	0	0	0	-156.13	11970	14.43	14.25	14.22	14.43	-1.11
sz000951	-1995	0	0	0	-231.12	35320	17.39	17.29	17.16	17.42	-0.06
sh603787	-12410	-11553	-9558	0	-140.24	20982	14.48	14.34	14.28	14.55	-0.97
sz002716	2768	-5296	-2691	0	1652.23	183656	21.10	21.60	21.02	21.78	1.27
sh603010	-1419	0	0	0	-723.49	16663	26.50	25.89	25.86	26.61	-2.38
sz002081	-36203	-13429	-10993	0	-3411.63	139590	15.80	15.59	15.50	16.09	-1.52
sz002083	-4667	0	0	0	-378.41	50076	6.86	6.87	6.82	6.90	0.00
sz002085	-3644	0	0	0	1083.57	70249	16.32	16.18	16.16	16.67	0.19
sz002880	0	0	0	0	-507.29	5258	56.92	56.49	56.01	57.15	-0.72
sz002883	-1528	-1384	0	0	-2720.67	35982	59.11	57.40	57.40	62.44	-4.76
sh603309	0	0	0	0	15.25	3403	17.83	17.85	17.68	17.93	0.17
sz002158	-33392	-8060	-8027	0	-604.27	202322	12.97	12.90	12.90	13.48	-0.08
sz002406	-494	0	0	0	-30.48	17196	7.25	7.20	7.18	7.27	-0.69
sh603305	-300	0	0	0	475.74	16826	36.90	37.27	36.30	37.75	1.00
sz002403	-579	0	0	0	-141.73	8246	12.10	12.00	12.00	12.13	-0.83
sh603306	0	0	0	0	55.51	3383	28.41	28.35	28.20	28.62	-0.21
sz002394	515	1500	0	0	40.59	14410	12.35	12.37	12.33	12.44	0.16
sz002396	-60433	-27880	-16571	0	-11510.67	191950	22.08	20.70	20.67	22.19	-6.84
sz002391	-4556	-1511	0	0	105.30	22344	15.48	15.38	15.34	15.56	-1.09
sz002393	0	0	0	0	-58.33	5993	32.23	31.96	31.88	32.25	-0.90
sz300617	0	0	0	0	-151.01	2759	50.30	49.54	49.51	50.30	-1.43
sh603168	-3534	0	0	0	-441.47	32489	14.96	14.79	14.78	14.96	-1.14
sh603165	-200	0	0	0	-888.60	12775	56.86	56.49	56.45	58.15	-0.81
sh600894	-3634	-1281	0	0	-96.82	16377	9.51	9.49	9.46	9.51	-0.21
sz002573	-10585	-3222	0	0	-2049.84	113592	21.26	21.02	20.81	21.26	-0.90
sz002572	-2262	-1000	0	0	174.48	43432	38.21	38.04	37.70	38.44	-1.09
sz002407	-14669	80	0	0	-3963.17	97054	20.61	20.43	20.40	20.79	-1.45
sh603767	130	0	0	0	104.09	14751	15.06	15.12	14.94	15.16	0.33
sh600415	-12688	499	4364	0	-84.28	115244	5.92	5.95	5.89	5.96	0.00
sh600641	-35112	-1790	3017	0	-4501.53	167737	14.32	14.16	14.02	14.50	-1.60
sz000959	7422	1056	0	0	703.79	70538	5.95	6.04	5.92	6.05	1.51
sz000952	-5701	-2444	0	0	460.81	46222	14.83	15.12	14.78	15.15	2.65
sz002888	0	0	0	0	239.90	9024	26.92	27.10	26.69	27.36	0.56
sz002881	0	0	0	0	-234.39	9220	28.83	28.16	28.15	28.90	-2.32
sh600305	-15466	-3923	227	0	-1391.06	111324	11.34	11.40	11.22	11.42	0.09
sz002884	0	0	0	0	-230.35	5204	51.37	51.18	50.78	51.60	-0.99
sz000001	-52140	22989	15607	0	18004.40	1353991	13.45	13.55	13.41	13.68	1.12
sh600521	-202	-331	0	0	162.07	74605	28.55	29.00	28.34	29.17	1.79
sh600523	-1007	0	0	0	-231.92	10353	16.49	16.15	16.14	16.49	-2.06
sh600528	-12284	-3965	0	0	-744.63	65131	12.30	12.21	12.20	12.33	-0.89
sh600529	-1797	0	0	0	-445.99	20289	21.18	21.47	20.99	21.55	0.70
sz002903	-1972	-1343	0	0	-106.72	57193	41.11	42.33	40.65	42.58	1.34
sz000719	-672	0	0	0	-154.83	15574	9.30	9.28	9.24	9.34	0.00
sz000717	31571	44058	24011	0	1463.20	817250	8.65	8.69	8.60	8.95	0.81
sz000712	-5466	-2010	-2010	0	-66.27	38353	16.98	16.78	16.77	17.12	-1.35
sz000711	-4158	3370	2279	0	-603.81	46675	12.79	12.73	12.63	13.02	-1.32
sh601211	-25449	-10983	-10915	0	-1703.63	195994	19.16	19.15	19.13	19.45	-0.10
sh600639	-1500	0	0	0	47.22	15721	17.25	17.29	17.08	17.60	0.52
sh600630	-1163	0	0	0	-40.21	38923	10.42	10.52	10.42	10.75	0.00
sh600633	-40384	-15804	-7310	0	-4952.10	185384	15.89	15.47	15.33	15.89	-2.64
sz000821	-1162	0	0	0	-445.63	27140	11.84	11.78	11.71	11.95	-1.09
sh601858	-1424	0	0	0	-193.69	24151	10.46	10.51	10.43	10.65	0.29
sh601328	99523	113755	82289	0	-2607.20	983328	6.35	6.37	6.35	6.39	0.31
sz000826	-8391	-1057	0	0	-2657.87	51347	33.20	32.84	32.81	33.51	-1.29
sz300160	-5033	-1878	0	0	-174.54	25800	7.70	7.60	7.59	7.75	-1.04
sz300298	-2293	0	0	0	-47.41	19802	20.19	20.43	20.14	20.70	1.04
sz300296	-11498	1129	0	0	1769.56	75941	20.50	20.13	20.10	20.50	-2.14
sz300295	-5016	0	0	0	280.93	59697	19.02	19.06	18.90	19.65	-0.16
sh600848	-4664	0	0	0	1277.17	120303	23.70	24.23	23.42	25.15	2.32
sz002427	-5244	0	0	0	-287.73	58029	32.22	32.20	31.34	32.23	0.63
sz002424	-1047	1348	2483	0	-700.87	40414	15.78	15.70	15.60	15.87	-0.44
sz002422	-4264	60	0	0	-695.43	52354	26.58	26.60	26.19	27.00	0.57
sz002788	0	0	0	0	-232.24	7103	29.34	29.23	29.13	29.52	-0.68
sz002768	-2092	1169	0	0	211.66	15715	27.30	27.48	27.08	27.74	-0.07
sz002769	-713	0	0	0	-105.48	10997	14.30	14.10	14.10	14.32	-0.77
sz002039	-3478	0	0	0	357.93	28009	16.01	15.90	15.80	16.01	-0.50
sz002762	-395	0	0	0	540.64	32001	16.29	16.63	16.15	17.00	2.72
sh603577	-3424	-1870	0	0	-70.36	64550	13.96	14.45	13.87	15.15	4.26
sh600363	-5388	1300	0	0	-733.62	29024	12.33	12.10	12.06	12.34	-1.63
sh603377	-674	0	0	0	287.82	12919	39.51	39.89	38.67	39.98	-0.10
sz002367	-4685	-1193	0	0	-157.98	20483	8.60	8.57	8.57	8.65	-0.81
sz002183	-89433	-43726	-36009	0	-2849.51	419414	7.79	7.65	7.59	7.82	-1.67
sz002187	-246	0	0	0	-83.26	8545	10.52	10.42	10.39	10.52	-1.51
sh601100	-1796	0	0	0	398.31	37565	32.46	32.41	31.91	33.19	0.40
sz300625	-1019	0	0	0	-789.52	15636	25.40	25.05	25.02	25.58	-2.34
sh603198	-1580	0	0	0	-211.14	25214	17.78	17.88	17.67	17.95	0.51
sh603200	0	0	0	0	135.90	8819	41.00	41.40	40.57	41.90	0.78
sh603970	-3216	0	0	0	-1565.86	54737	30.40	29.21	29.07	30.56	-3.53
sh600884	-35297	-5161	0	0	-8672.18	177909	19.80	18.95	18.90	19.95	-4.29
sh603976	-294	0	0	0	-346.69	18018	28.21	28.28	27.80	28.62	-0.46
sh603979	11229	2620	0	0	2320.98	77704	10.56	10.84	10.50	10.86	2.75
sh600889	-1763	0	0	0	1.13	10801	8.70	8.61	8.60	8.70	-0.69
sh600400	3272	210	-2137	0	504.31	39991	7.12	7.18	7.11	7.20	0.42
sh600406	-62713	-16266	-14327	0	-12609.88	320929	18.10	17.52	17.51	18.11	-3.26
sh600409	-105758	-31570	-14120	0	-13617.38	490212	10.07	9.82	9.72	10.10	-2.68
sh603990	0	0	0	0	13.68	1677	37.64	38.05	37.64	38.17	0.24
sz000928	-17085	-2610	0	0	-984.68	99095	6.65	6.61	6.55	6.70	-0.45
sh600085	-3360	0	0	0	-1521.97	49746	33.41	33.18	32.97	33.45	-0.87
sz000920	1055	0	0	0	-308.97	20054	9.86	9.87	9.80	9.93	0.00
sh600081	-580	0	0	0	-331.40	16291	12.70	12.49	12.46	12.74	-2.04
sz000923	-3846	0	0	0	-502.39	45364	24.43	24.01	24.00	24.88	-1.15
sz000822	-45264	-21987	-12352	0	-1812.30	168073	9.52	9.35	9.31	9.54	-2.20
sz002215	-14202	-2673	0	0	-604.28	52006	7.11	7.00	6.97	7.11	-1.41
sz000039	-16658	-3739	-2153	0	-622.91	147074	22.43	22.25	22.18	22.58	-0.85
sh600535	-2685	0	0	0	-511.51	23879	37.50	37.42	37.05	37.58	0.00
sh601919	-68456	-41215	-42166	0	-4973.81	372609	7.04	6.97	6.94	7.11	-0.99
sz000726	4082	3016	2016	0	952.49	50561	10.98	11.13	10.97	11.17	1.18
sh603518	-303	0	0	0	114.19	6277	19.62	19.80	19.53	19.88	0.97
sz000728	-56905	-33138	-17292	0	-8293.71	236323	10.90	10.78	10.76	11.02	-1.28
sh600628	3981	3291	0	0	898.03	57663	10.26	10.45	10.25	10.46	1.85
sh600622	-1303	0	0	0	376.46	27122	17.28	17.50	17.18	17.64	0.81
sh601689	-1665	0	0	0	-469.87	13658	25.17	24.79	24.76	25.20	-1.16
sh601668	-41060	-29093	-14615	0	-16914.80	1436514	9.54	9.49	9.47	9.64	-0.94
sz300023	-1203	0	0	0	302.54	24325	11.12	11.21	11.10	11.36	0.99
sz300027	-144914	-88524	-53753	0	-9657.73	504701	9.54	9.23	9.22	9.55	-3.35
sz300336	-6399	0	0	0	-409.72	44556	11.66	11.51	11.46	11.74	-1.29
sh600650	-641	0	0	0	324.86	24526	15.15	15.15	15.02	15.43	0.07
sh603569	0	0	0	0	76.54	5647	25.12	24.88	24.79	25.12	-0.96
sh603568	3614	1200	0	0	928.56	30601	21.76	22.33	21.76	22.50	2.38
sz002779	-2246	0	0	0	-456.28	20391	21.56	21.46	21.32	21.96	-2.90
sz002776	-920	0	0	0	-104.41	4772	20.20	20.02	19.99	20.25	-1.77
sz002775	-2371	0	0	0	-396.67	24241	20.38	20.12	20.11	20.43	-1.85
sz300246	0	0	0	0	-134.58	5766	20.60	20.39	20.27	20.77	-1.02
sz002810	-681	0	0	0	-832.41	28957	25.77	26.30	25.51	26.41	1.51
sh600657	25175	34914	16850	0	866.76	362631	6.18	6.27	6.16	6.55	0.97
sz002173	-949	0	0	0	-176.12	7534	13.19	12.93	12.91	13.19	-1.30
sh603367	-6547	977	-1425	0	-5547.67	277416	22.80	21.71	21.70	23.85	-2.16
sz002179	-1825	-1541	0	0	732.90	36660	37.96	38.00	37.51	38.14	0.03
sz002373	-34843	-8502	-2632	0	-3521.34	159369	15.14	14.61	14.58	15.15	-3.31
sz002372	-6718	-1507	0	0	-667.36	63866	20.72	20.92	20.60	21.49	0.97
sz002370	0	0	0	0	0.00	4389	14.25	14.23	14.12	14.25	-0.28
sz002376	13937	4717	2510	0	2975.70	140638	11.82	12.30	11.82	12.46	3.36
sz002191	-15444	-10587	-3410	0	-482.21	41642	9.04	9.02	9.01	9.12	-0.88
sz300638	-335	0	0	0	-1085.14	16425	41.97	40.88	40.88	42.23	-3.56
sz300631	421	0	0	0	-307.27	10198	23.20	23.44	23.14	23.78	-1.10
sz300633	-716	0	0	0	-1119.66	16073	26.85	26.20	26.09	27.39	-2.89
sz300632	0	0	0	0	98.26	8126	22.22	22.21	22.05	22.34	-0.18
sz300636	-312	0	0	0	-328.79	9882	31.88	32.05	31.34	32.13	-0.06
sh603183	-246	0	0	0	697.84	40992	40.46	42.50	40.41	44.60	3.94
sh603960	0	0	0	0	-52.53	3330	28.19	28.14	28.02	28.52	-0.50
sz002590	-6672	0	0	0	-964.07	30615	13.26	13.02	13.02	13.26	-2.03
sh603989	-1563	0	0	0	-1116.77	44817	42.30	41.60	41.35	42.99	-0.55
sh603980	-2583	0	0	0	-582.50	33616	20.90	20.79	20.70	21.13	-1.98
sh603985	0	0	0	0	63.37	5409	38.05	37.88	37.59	38.05	0.24
sz000937	-19806	-14407	-8743	0	-1090.21	175559	6.15	6.11	6.07	6.20	-1.29
sh600326	-56600	-15101	3239	0	-6332.94	282653	10.17	10.01	10.00	10.32	-2.25
sh600327	-1058	0	0	0	32.63	18153	7.56	7.58	7.54	7.59	0.00
sz002202	-7764	1622	-307	0	-905.47	155359	18.11	18.25	18.05	18.50	0.44
sz002206	-2678	919	0	0	122.46	37248	6.03	6.05	5.96	6.07	0.33
sh600509	-4393	2232	0	0	-82.61	35106	6.84	6.84	6.82	6.91	-0.29
sh600502	-11677	-5222	-2054	0	-176.34	88738	7.08	7.11	7.08	7.17	-0.14
sh600053	572	1000	0	0	695.53	30570	24.21	25.03	24.21	25.90	3.86
sh600054	-8455	0	0	0	-871.96	25787	14.25	14.12	14.06	14.28	-1.05
sz000733	-10067	0	0	0	-1779.27	42423	14.72	14.51	14.49	14.74	-1.43
sh600619	-3824	-1502	0	0	-230.34	26245	11.70	11.50	11.48	11.72	-1.29
sh600612	-200	0	0	0	48.91	9017	42.18	42.62	42.15	42.67	1.04
sz000598	-17940	-6677	767	0	135.14	89254	5.46	5.43	5.41	5.46	-0.55
sz000596	-654	0	0	0	3010.84	28411	69.31	70.60	69.31	70.80	1.88
sz000028	-213	0	0	0	1127.80	7733	60.70	61.20	60.70	61.22	0.43
sz000023	-281	0	0	0	140.37	9009	20.55	20.62	20.50	20.96	0.10
sz000027	-13124	-7129	-7000	0	-394.05	43500	6.15	6.13	6.13	6.16	-0.16
sz000848	-9641	3663	2410	0	-1597.87	125126	10.13	10.24	10.13	10.48	0.10
sz000783	-44494	-28410	-13093	0	-3327.99	134225	7.97	7.92	7.92	8.01	-0.63
sh601678	-3821	8448	10364	0	870.22	174304	8.73	8.76	8.58	8.83	0.57
sz300727	-4283	-1808	0	0	-2244.27	62355	30.61	29.12	29.05	31.09	-4.84
sh600545	2813	4903	0	0	786.10	51748	10.30	10.38	10.22	10.44	0.58
sz300033	-6992	-1156	0	0	-6197.23	58482	53.00	52.14	52.03	53.20	-2.69
sz300039	-3706	2442	0	0	708.82	86213	6.50	6.55	6.49	6.65	0.46
sz300327	-18971	-4715	0	0	-8400.04	109453	30.40	29.06	28.80	30.40	-7.16
sz300324	-17504	-10275	-9195	0	363.94	82103	14.48	14.89	14.47	14.89	1.92
sz300323	-15545	-4089	0	0	-2171.35	119884	15.82	15.28	15.19	15.96	-4.08
sz300721	-587	0	0	0	-361.04	20460	36.64	36.55	36.00	37.17	-0.14
sh603519	0	0	0	0	-8.75	6069	20.82	20.92	20.77	21.29	1.16
sz002749	0	0	0	0	-154.12	2584	64.99	64.40	64.35	65.36	-0.92
sz300726	-9068	-1619	0	0	-5149.81	92502	30.79	29.65	29.20	30.79	-4.88
sz002285	24123	22121	9893	0	3140.52	583639	11.59	11.75	11.52	12.16	0.95
sz300252	-1367	0	0	0	-413.85	20527	16.45	16.16	16.12	16.45	-1.94
sz000776	-26013	-9575	-2471	0	-1407.75	213280	17.60	17.63	17.54	17.81	0.34
sz002527	-5316	0	0	0	-105.25	19858	10.03	9.96	9.93	10.05	-0.90
sh600908	-20271	-4710	0	0	-1548.84	88580	8.11	8.03	8.01	8.14	-1.11
sh603355	-782	0	0	0	-270.34	8613	44.73	43.81	43.68	44.88	-1.97
sz002695	-2499	0	0	0	-209.39	31028	17.19	17.13	17.12	17.28	-0.41
sz002696	-400	0	0	0	-65.64	5954	17.83	17.49	17.45	17.91	-2.45
sz002690	-2898	0	0	0	-925.96	28528	18.18	17.72	17.67	18.18	-2.32
sz002343	-695	0	0	0	-1818.62	18315	33.82	33.34	33.18	34.09	-1.54
sz002699	-619	0	0	0	544.33	12578	17.40	17.52	17.35	17.62	0.17
sh603768	-200	0	0	0	-10.43	8458	18.30	18.13	18.13	18.34	-0.82
sz300647	131	0	0	0	-1.17	9305	19.22	19.40	19.04	19.52	0.52
sz300488	0	0	0	0	-57.41	1544	31.19	30.90	30.79	31.19	-0.71
sz300481	-831	0	0	0	524.39	26695	22.54	22.76	22.50	22.89	-0.52
sz300487	-2132	0	0	0	-103.91	27349	18.19	18.10	17.91	18.30	-1.20
sz300485	0	0	0	0	-304.25	5560	29.18	28.82	28.80	29.30	-1.23
sh603226	0	0	0	0	151.12	3301	29.50	29.52	29.22	29.55	0.10
sh603225	-1371	0	0	0	-1733.29	44657	39.24	39.24	39.10	39.96	-0.36
sh603730	0	0	0	0	-313.33	8755	35.43	35.01	35.00	35.65	-1.38
sz002061	-1737	-1119	0	0	-1314.73	89941	15.32	15.30	15.10	15.77	-1.29
sh600727	-18805	0	0	0	-1164.83	75806	8.63	8.36	8.35	8.64	-3.46
sz000901	-5157	-1439	0	0	-1471.79	31307	23.60	23.28	23.24	23.60	-1.52
sh603648	-3619	0	0	0	-253.00	120677	21.28	21.64	21.15	22.20	0.56
sh600990	-571	0	0	0	-840.34	14533	56.37	55.95	55.66	56.93	-1.17
sh600993	-6409	-1082	0	0	-1451.70	37758	21.26	20.97	20.92	21.26	-1.36
sh600995	-6593	0	0	0	-474.18	27841	9.20	9.11	9.08	9.20	-0.87
sh600048	-44537	-41764	-24033	0	-13091.60	1394105	15.68	15.70	15.57	16.34	-0.51
sz002831	126	0	0	0	1829.24	13278	59.75	60.27	59.75	60.32	-0.08
sh600196	23524	18401	13509	0	21247.10	298175	43.83	45.46	43.50	45.54	3.74
sh601111	-11950	-4725	2704	0	-9655.00	765152	11.89	11.97	11.72	12.25	0.42
sh601116	-1472	0	0	0	116.89	29404	20.80	20.76	20.69	21.18	-0.76
sh601800	-24386	-9039	-4502	0	-1734.30	89543	13.42	13.27	13.24	13.42	-0.90
sz000550	2080	1325	0	0	17.94	22112	16.40	16.61	16.40	16.78	1.28
sz300009	-6247	298	0	0	-947.28	103088	25.35	25.56	25.35	26.24	-0.20
sz002238	-1866	0	0	0	-287.32	13290	10.16	10.05	10.05	10.22	-1.47
sz002237	13024	19617	5875	0	4155.60	279512	10.80	11.29	10.77	11.46	4.54
sz300317	-9320	-774	0	0	-2464.84	75211	15.35	15.08	14.98	15.48	-3.15
sz002757	-252	0	0	0	-513.85	6559	36.44	36.25	36.22	37.49	-1.79
sh603508	0	0	0	0	-38.86	4683	39.45	38.99	38.89	39.54	-1.22
sz300265	500	0	0	0	-90.90	8440	9.20	9.08	9.06	9.20	-0.87
sz002686	-265	1001	0	0	914.77	36260	12.47	12.86	12.47	12.98	2.39
sz300651	-400	0	0	0	-58.76	7508	32.80	33.34	32.80	33.86	1.03
sz300650	0	0	0	0	-128.38	3541	37.26	37.08	36.62	37.44	-0.48
sh603238	0	0	0	0	-28.68	6716	22.23	22.00	21.91	22.23	-1.03
sz002531	-14555	-7050	0	0	479.92	118477	7.49	7.50	7.37	7.61	0.54
sz002530	-223	0	0	0	-179.48	7405	23.59	23.30	23.28	23.74	-1.27
sh603726	0	0	0	0	-212.81	4671	30.88	30.50	30.31	30.91	-1.23
sh600298	-5744	0	0	0	-3320.54	58234	33.79	33.53	33.16	34.09	-0.59
sh600291	-9671	2143	0	0	-2204.53	130805	24.34	24.38	24.18	24.61	-0.49
sz000910	-4071	1000	0	0	44.98	35442	25.24	24.89	24.71	25.28	-1.15
sz002221	-55226	-21662	-13030	0	-4969.80	254838	13.29	12.90	12.83	13.45	-2.64
sh603659	-1287	0	0	0	-809.46	25529	54.07	53.90	53.42	54.65	-1.34
sh603656	0	0	0	0	-111.17	3123	30.47	30.10	30.09	30.54	-1.47
sh600079	-11847	-1200	0	0	-1128.57	64536	17.98	18.00	17.95	18.09	0.00
sh600076	-974	-1490	2200	0	-103.10	85896	7.32	7.25	7.24	7.33	-0.82
sh600075	-13432	-1242	0	0	-1434.89	60848	8.08	7.92	7.90	8.08	-1.86
sz002828	-454	0	0	0	-436.33	21334	24.68	24.16	24.04	25.09	-2.89
sz300453	-1870	-2170	-2170	0	162.12	8789	16.44	16.55	16.23	16.69	0.67
sh601101	-12949	46	0	0	-458.82	90559	8.42	8.46	8.34	8.56	0.00
sh603683	-5716	4757	2699	0	3839.18	91998	19.85	21.96	19.70	21.96	10.02
sh600452	0	0	0	0	-317.09	5194	35.17	35.22	35.05	35.41	-0.06
sh603378	-3370	0	0	0	-659.50	67721	23.10	23.44	22.81	23.98	0.73
sh601811	-1354	0	0	0	-235.55	13039	13.23	13.07	13.04	13.24	-1.21
sz300127	-3447	0	0	0	-1378.92	39077	17.90	17.56	17.54	17.90	-2.50
sz300121	-5290	1000	0	0	321.08	54368	14.17	14.51	14.01	14.76	2.76
sz300129	-3113	-4020	0	0	-139.77	34758	7.16	7.14	7.13	7.21	-0.28
sh600708	7916	6304	-1765	0	1818.04	227654	7.63	7.74	7.60	7.94	1.57
sh600704	-778	5627	0	0	-148.48	97634	7.09	7.12	7.07	7.19	0.28
sh600706	-1624	0	0	0	-108.56	8233	19.08	18.90	18.80	19.08	-0.53
sz300015	-859	0	0	0	1235.43	60669	33.80	34.11	33.40	34.28	0.65
sz300307	-6802	0	0	0	-196.85	29193	8.27	8.19	8.19	8.29	-1.09
sh603535	0	0	0	0	-39.75	13298	25.78	25.67	25.22	25.82	0.12
sz300274	-16194	-2953	0	0	-2297.92	125613	17.11	16.93	16.90	17.38	-1.11
sz300569	-267	0	0	0	236.85	11441	22.53	22.65	22.25	22.69	0.44
sz002324	-131	0	0	0	-90.08	4446	23.58	23.50	23.23	23.65	-0.55
sz002320	-2584	0	0	0	231.47	26323	21.25	21.27	21.04	21.31	-0.61
sh603396	-497	0	0	0	-295.20	32139	44.50	43.62	43.46	46.65	-2.61
sh603393	-210	0	0	0	-1093.47	25680	38.00	37.09	37.01	38.12	-2.50
sz300665	-438	0	0	0	-41.65	9200	27.58	27.20	27.03	27.65	-1.73
sh600843	-2007	0	0	0	-32.79	12696	10.64	10.57	10.56	10.70	-0.66
sh603716	0	0	0	0	115.64	2437	50.90	51.00	50.56	51.64	0.08
sz002789	500	0	0	0	-416.77	7603	40.25	40.31	40.10	40.59	0.52
sz002038	-1064	0	0	0	1208.61	73142	32.17	32.79	32.17	32.99	1.71
sh603086	0	0	0	0	45.85	4003	37.10	36.92	36.65	37.18	-0.65
sh600885	-217	0	0	0	41.27	16032	43.90	45.25	43.58	45.57	2.68
sh603883	0	0	0	0	-617.97	9722	63.49	62.31	62.00	64.34	-2.06
sh603665	0	0	0	0	-110.32	4246	35.40	34.98	34.88	35.40	-1.16
sh600060	-3343	0	0	0	17.74	84572	15.70	15.79	15.69	15.92	0.89
sz000672	-43190	1792	51	0	-4499.81	475542	11.50	11.46	11.34	11.66	-0.78
sz002818	-404	0	0	0	566.99	26558	31.41	31.40	31.25	32.50	-0.03
sh603860	-238	0	0	0	-6.08	9344	36.78	36.54	36.24	37.20	-1.27
sz300689	-268	0	0	0	398.10	14413	42.38	42.95	41.73	43.27	1.06
sz000417	-9205	-1596	-2011	0	-110.87	51560	7.95	8.00	7.95	8.04	0.13
sh600661	-230	0	0	0	331.95	7046	24.56	24.60	24.51	24.68	-0.16
sh600660	-16828	992	0	0	-6158.76	99721	29.86	29.39	29.20	29.95	-1.34
sz000789	-131943	-71259	-57823	0	-14502.60	834039	13.00	12.73	12.61	13.14	-3.41
sz000895	-5015	-1929	0	0	1722.43	102204	27.95	28.17	27.71	28.34	0.82
sz000898	4551	3123	-8700	0	-497.36	367106	6.54	6.61	6.53	6.68	1.07
sz000524	-892	0	0	0	-109.33	7601	11.59	11.49	11.49	11.62	-0.52
sz000525	-10106	-1021	0	0	-2069.24	45919	22.50	22.18	22.01	22.64	-1.86
sh600711	-77097	-26290	-21905	0	600.12	407798	9.16	9.16	9.05	9.28	-1.61
sh600710	-3018	-1474	0	0	-205.76	20994	6.71	6.70	6.68	6.72	-0.30
sz300068	-16593	-6226	0	0	-5409.51	67028	16.06	15.89	15.85	16.08	-1.18
sz002567	-10373	-1564	0	0	-826.32	58228	7.82	7.80	7.76	7.95	-0.76
sh603527	-1799	0	0	0	-676.26	38721	28.68	28.91	28.02	29.19	-1.03
sz300204	-3489	0	0	0	-94.32	12471	13.88	13.72	13.68	13.90	-0.72
sz300208	-5617	-1642	0	0	645.67	58226	11.79	12.01	11.78	12.09	0.92
sz002705	-1582	-1000	0	0	274.46	12434	12.81	12.86	12.77	12.95	0.00
sz002563	-2775	1004	2004	0	-716.18	84161	8.33	8.53	8.32	8.59	2.03
sz300516	0	0	0	0	-11.98	3844	45.80	45.84	45.57	46.58	-0.04
sz300517	-222	0	0	0	116.15	6423	19.27	19.00	19.00	19.40	-1.20
sh603386	-40209	-35756	-19261	0	3955.02	127290	19.04	19.79	19.04	19.79	10.01
sz300673	374	0	0	0	-60.15	3053	43.13	43.00	42.50	43.40	-0.28
sz300473	0	0	0	0	199.76	6353	41.80	41.54	41.40	42.39	-0.36
sz300470	2774	1142	0	0	-12.34	10865	41.90	42.50	41.80	42.58	0.76
sh603707	-1993	0	0	0	-507.78	33010	27.80	27.04	26.98	27.99	-3.50
sz002792	-2547	0	0	0	-1219.59	21061	35.13	34.60	34.40	35.23	-1.93
sz002027	-27595	-7472	-11585	0	-3349.83	352912	13.53	13.55	13.31	13.65	1.57
sz002796	-442	0	0	0	-281.73	7911	31.03	31.00	30.30	31.46	-1.02
sz002028	-5189	-1287	0	0	-903.41	18482	16.05	15.74	15.71	16.07	-1.32
sh603090	-298	0	0	0	284.55	15361	20.65	20.36	20.35	20.70	-3.55
sh600278	-3428	-1140	0	0	450.90	32712	12.13	12.16	12.02	12.39	0.25
sh603898	-647	0	0	0	2698.78	39284	30.52	31.78	30.44	31.96	6.18
sh600016	-19286	26804	11799	0	-3720.10	629885	8.80	8.80	8.77	8.88	0.00
sz000665	-6086	0	0	0	-174.15	23920	10.23	10.20	10.16	10.24	-0.39
sh600018	9608	22230	-878	0	756.10	350655	7.00	7.02	6.94	7.12	0.57
sz002803	0	0	0	0	16.64	2689	44.78	44.40	43.80	44.91	-0.85
sz002807	-18765	-6894	-2383	0	-1204.28	87294	8.19	8.13	8.13	8.24	-0.73
sz002809	-1038	0	0	0	-671.69	24044	30.02	30.23	30.02	31.12	-0.95
sh600477	-11563	3131	0	0	-776.43	90082	11.04	10.87	10.86	11.04	-1.18
sz300697	-2836	-1843	-2950	0	660.48	84423	24.70	25.56	24.30	25.65	2.20
sh600658	-3955	-667	0	0	-17.88	65784	11.09	11.23	10.98	11.23	1.63
sh600120	-4965	0	0	0	-886.30	25267	25.18	24.72	24.70	25.29	-1.83
sh600121	1686	3667	2000	0	259.05	46896	6.33	6.41	6.33	6.47	0.94
sh600122	16320	21721	19750	0	5167.92	211393	9.55	9.74	9.48	9.89	1.88
sh600123	-30467	-11000	-8119	0	-1624.53	190167	9.45	9.45	9.33	9.54	-0.42
sh600498	-5499	1245	0	0	-3846.64	76578	29.78	29.47	29.45	29.84	-1.44
sh600491	-751	1486	-1309	0	932.41	63507	9.71	9.85	9.71	10.03	1.34
sz000881	-7415	0	0	0	-849.54	27119	13.14	12.86	12.86	13.15	-1.83
sz000060	-28791	-5849	-2971	0	2458.38	438032	11.55	11.43	11.27	11.55	-0.17
sh601019	-6545	0	0	0	30.61	101708	12.50	12.46	12.36	12.56	-0.48
sh600729	5053	0	0	0	309.40	85773	24.80	26.28	24.80	26.38	6.31
sz000333	9720	5171	4556	0	16851.00	252900	59.62	60.80	59.30	61.18	1.98
sh600873	-25285	-16841	-13210	0	-1183.87	109449	5.43	5.39	5.37	5.45	-0.92
sz002412	0	0	0	0	-19.33	3179	16.57	16.57	16.43	16.63	0.00
sz002140	-7590	0	0	0	320.56	37616	11.52	11.29	11.29	11.54	-2.00
sh603096	0	0	0	0	123.89	3847	63.01	62.82	62.52	63.69	-0.65
sz300219	-2483	0	0	0	-316.62	39561	11.67	11.72	11.57	11.98	1.03
sz002493	-2793	1313	0	0	1317.44	149244	15.34	15.75	15.32	16.07	1.88
sz002491	-4875	-1911	0	0	169.60	28990	12.69	12.65	12.52	12.77	-0.94
sz002496	-30925	-11150	-6522	0	172.71	184555	5.90	5.86	5.79	5.93	0.17
sz002301	4055	5006	2006	0	-194.68	13937	17.37	17.37	17.18	17.39	0.00
sz300503	-449	0	0	0	-153.83	9686	12.95	12.89	12.80	12.95	-0.46
sz300505	-311	0	0	0	-218.77	9525	30.88	30.39	30.38	31.14	-1.43
sh600867	-5141	-2018	0	0	-1038.76	60210	24.06	24.03	23.83	24.29	-0.21
sz300445	-494	0	0	0	-202.15	7847	16.10	15.80	15.78	16.10	-2.65
sh603268	311	0	0	0	75.43	4407	27.62	27.78	26.89	28.00	0.18
sh603269	-176	0	0	0	1813.87	30982	26.00	25.68	25.30	26.00	-0.35
sh603060	-178	0	0	0	184.72	12960	21.83	22.34	21.83	22.40	1.87
sh603066	-673	0	0	0	73.94	13734	12.69	12.54	12.52	12.70	-1.18
sh603067	-368	0	0	0	16.64	8210	12.80	12.83	12.80	12.96	-0.39
sh600261	-4763	-1092	0	0	227.02	53256	5.50	5.44	5.44	5.51	-1.09
sh600260	-14881	-1000	0	0	-3002.60	67931	31.39	30.85	30.64	31.40	-1.69
sh600269	-19145	-3214	-1211	0	-290.77	78213	5.20	5.19	5.17	5.20	-0.19
sz002275	-2134	0	0	0	-58.55	11811	16.56	16.34	16.32	16.58	-1.45
sh603607	-290	0	0	0	-358.53	45881	42.80	43.31	42.55	45.30	1.38
sh600004	16485	16977	4312	0	2743.84	174024	14.68	14.95	14.64	15.03	1.77
sz002878	0	0	0	0	-439.65	6692	35.50	35.75	35.50	35.97	0.00
sz002879	-504	0	0	0	521.04	11662	52.69	52.30	51.70	52.80	-2.24
sh600461	-13276	-11217	-4801	0	-365.64	34848	6.36	6.34	6.31	6.37	-0.47
sh603110	-1975	0	0	0	-210.39	51917	26.70	27.38	26.41	28.50	1.03
sh600649	-4785	4577	-2231	0	-259.08	173500	9.15	9.25	9.14	9.35	1.20
sh600132	-3622	0	0	0	-505.76	23855	22.70	22.31	22.13	22.70	-1.67
sh600640	-217	0	0	0	-4.33	27951	15.08	14.89	14.85	15.19	-2.42
sh600643	-27564	-5012	0	0	1867.48	187030	11.32	10.97	10.96	11.32	-2.66
sz002908	101	9928	13822	0	7248.37	190300	35.88	37.74	35.36	37.74	10.00
sh600480	-3094	0	0	0	-386.42	37758	16.20	16.17	16.15	16.42	-0.74
sz002906	-9413	-4715	-3988	0	-4125.79	182646	25.68	25.60	25.23	27.37	-2.51
sh603500	-244	0	0	0	-251.70	21340	26.21	26.32	26.08	26.63	-1.13
sz002242	2147	1857	0	0	84.31	50907	17.63	17.81	17.49	17.96	1.02
sh601601	-10890	4317	-1201	0	13476.90	422731	39.20	40.34	39.04	40.44	3.12
sh600737	-9952	0	0	0	-203.82	85442	8.09	8.06	8.01	8.10	-0.62
sh600736	-4202	-582	0	0	425.94	104402	6.28	6.41	6.23	6.57	2.07
sz002561	182	0	0	0	70.60	21229	12.02	12.00	11.96	12.12	-0.25
sh600015	23741	27966	17784	0	4739.78	277013	9.29	9.36	9.29	9.39	0.75
sh601515	-1407	0	0	0	119.46	15519	9.83	9.88	9.83	9.94	0.10
sz300196	-1336	0	0	0	47.49	14284	13.64	13.64	13.55	13.88	0.00
sh603878	-200	0	0	0	71.31	13694	16.71	16.77	16.67	16.89	0.36
sh600380	-4607	5572	-770	0	1450.23	350163	12.23	12.49	12.05	12.63	1.96
sz300227	-1497	0	0	0	-317.03	21478	21.63	21.40	21.18	21.68	-1.02
sh603477	-19477	-2241	317	0	-3825.58	172903	17.00	16.03	15.88	17.31	-6.91
sz300530	0	0	0	0	29.88	1058	36.80	36.68	36.25	37.26	-0.24
sh600826	-1922	0	0	0	-108.29	12407	13.51	13.50	13.45	13.66	-0.59
sz300450	-234	0	0	0	-977.82	32292	62.80	60.16	60.08	64.18	-2.97
sz300452	-200	0	0	0	-305.95	9621	27.36	27.20	27.05	27.59	-0.07
sz002009	-4066	0	0	0	-26.28	34988	17.55	17.40	17.30	17.75	-0.63
sz002003	-3081	0	0	0	-255.87	24586	12.41	12.37	12.31	12.48	-0.08
sz002267	-27303	-2207	-3000	0	-2617.15	133053	8.63	8.45	8.41	8.69	-2.42
sh603619	-12793	-623	0	0	-6656.38	137916	46.02	43.78	43.68	47.14	-4.37
sz002865	-2723	-1004	0	0	2.46	12251	22.14	22.30	22.11	22.33	-0.31
sh603100	-1859	0	0	0	-152.02	10369	10.10	9.99	9.97	10.10	-0.99
sz002910	-12202	-6169	-3893	0	-3938.14	139850	24.00	23.50	23.50	25.20	-3.85
sh600038	-18266	0	0	0	-9510.97	102390	45.89	43.84	43.70	45.90	-4.51
sh600036	3200	26343	22395	0	14528.30	487343	31.12	31.51	31.02	31.58	1.91
sh600745	-869	0	0	0	-383.41	20754	32.29	32.14	31.88	32.48	-0.56
sh600741	-1163	-661	2500	0	3640.71	113585	27.53	27.82	27.31	28.02	0.72
sz000423	-409	1189	0	0	-726.41	62447	63.68	64.08	63.50	64.51	0.75
sz300054	-35902	-13255	-8144	0	-1878.50	128362	12.48	12.00	12.00	12.55	-4.46
sz300183	-3409	0	0	0	-969.41	39523	19.30	19.07	19.06	19.39	-1.09
sz300236	-18031	-2015	2065	0	-11474.82	93938	33.40	30.57	30.56	33.40	-8.80
sz300231	-45655	-9071	-4054	0	-5376.01	223933	11.72	11.20	11.18	11.74	-5.41
sz300230	-1461	0	0	0	-109.33	15937	12.98	12.78	12.78	13.13	-1.46
sz300494	-3283	0	0	0	-736.40	50626	17.63	17.43	17.43	18.12	0.17
sz002672	-11776	-5656	-3656	0	-1343.69	39588	16.23	15.96	15.92	16.23	-1.66
sh603331	-203	0	0	0	108.25	12259	19.88	19.84	19.62	20.15	-0.15
sh600482	-3482	0	0	0	-937.16	30401	24.66	24.49	24.41	24.70	-0.61
sh603488	8274	5856	4470	0	-354.66	35067	18.17	18.31	17.81	18.59	0.83
sh600803	-28903	103	2016	0	-1918.13	183376	15.02	14.57	14.52	15.06	-3.06
sh600801	-27173	-18283	-11504	0	-5862.52	388456	14.18	14.12	14.00	14.37	-0.07
sh603043	-895	0	0	0	-286.81	10657	19.34	19.12	19.07	19.34	-0.98
sz002293	-14393	-7134	-4318	0	-558.22	81063	14.80	14.12	14.00	14.87	-5.11
sz002101	-1392	-1101	0	0	-583.61	20623	20.41	20.37	20.02	20.43	-0.15
sz002852	0	0	0	0	-153.39	5719	33.01	32.82	32.81	33.16	-0.73
sz002857	0	0	0	0	69.79	2755	28.03	28.19	27.81	28.38	0.57
sh603825	0	0	0	0	94.34	5237	31.26	30.80	30.78	31.46	-1.47
sh603826	-3421	0	0	0	-556.52	65620	15.10	15.17	15.04	16.00	1.13
sh603823	-568	0	0	0	112.24	13814	16.14	15.99	15.91	16.30	-1.48
sh601998	71134	80221	68472	0	7251.40	888684	6.69	6.85	6.67	6.95	1.93
sh601999	-2287	0	0	0	-28.00	18053	7.77	7.68	7.65	7.79	-1.16
sh603829	-1709	3390	4404	0	5492.03	107651	18.02	20.13	18.02	20.13	10.00
sh603136	0	0	0	0	-254.64	7679	42.74	42.94	42.45	43.38	-0.14
sh603133	-428	0	0	0	-89.21	15859	32.91	33.06	32.91	33.75	0.46
sh600113	9002	7273	2937	0	643.08	141153	10.53	10.97	10.46	11.37	3.59
sh601199	-8077	-2149	-2149	0	-402.39	25881	5.69	5.65	5.63	5.71	-0.70
sh600118	-12014	-8483	-5436	0	-4761.62	55766	25.30	24.92	24.90	25.38	-1.66
sh600029	-83051	-30746	-24200	0	-2480.20	766163	11.28	11.24	11.18	11.42	-0.44
sh600028	-79331	-8485	-24505	0	4409.30	1937617	7.10	7.15	6.99	7.23	0.99
sz000985	-414	0	0	0	-158.12	4565	20.37	20.24	20.21	20.68	-1.27
sh600755	-23090	-652	198	0	2142.41	277029	10.51	10.58	10.47	10.73	0.19
sh600754	-1332	-1000	0	0	1915.81	48366	35.00	35.10	34.79	35.98	-0.59
sh600750	-5616	-1000	0	0	-2086.04	31095	26.78	26.42	26.39	26.87	-1.09
sh600758	-11543	-3921	-2421	0	-293.24	64755	7.66	7.57	7.55	7.68	-1.43
sz300526	-425	0	0	0	-290.47	9832	18.45	18.26	18.10	18.45	-1.03
sh600170	-57170	-47168	-47997	0	-2229.12	179061	3.80	3.77	3.77	3.80	-0.79
sz002668	-3626	-1098	0	0	-724.49	33472	20.90	20.04	20.04	20.90	-2.34
sh603456	1813	0	0	0	201.31	14008	15.30	15.32	15.22	15.47	0.13
sz002661	156	0	0	0	156.98	8307	14.39	14.34	14.31	14.56	-0.21
sz300557	377	0	0	0	-275.07	3444	37.42	37.23	36.89	37.65	-0.51
sz300553	0	0	0	0	-1.91	861	40.93	40.81	40.32	41.08	-0.29
sz300558	-977	0	0	0	-1162.73	13637	63.71	62.00	61.50	63.75	-1.59
sz300559	0	0	0	0	58.22	3184	39.18	39.50	38.78	39.95	0.87
sh603708	-6876	68	0	0	105.33	35320	21.66	21.33	21.14	21.76	-1.89
sz300439	-1647	0	0	0	-373.81	9639	18.92	18.82	18.72	18.98	-1.16
sz002597	-8472	-2241	0	0	-851.78	81117	26.07	25.82	25.69	26.39	-0.88
sz300433	-11492	-662	0	0	-6464.28	79093	30.13	29.51	29.36	30.13	-2.54
sz300430	0	0	0	0	-18.86	3215	19.61	19.38	19.30	19.61	-0.87
sz002068	-32916	-22949	-13605	0	-522.80	93455	10.21	10.09	10.09	10.28	-1.56
sz002067	-15844	-9002	-2974	0	-1008.78	192448	6.00	6.05	5.99	6.16	0.67
sh603055	2242	1062	0	0	786.65	93057	16.96	17.41	16.70	18.48	2.77
sh603585	-200	0	0	0	-190.29	5201	32.27	31.86	31.83	32.30	-1.48
sh603906	0	0	0	0	31.70	7665	15.38	15.14	15.12	15.38	-0.79
sz002283	-5250	-2210	-2056	0	4.85	53099	5.84	5.76	5.76	5.84	-1.03
sh600900	-18716	-2328	0	0	583.04	142430	16.36	16.28	16.24	16.38	-0.25
sh603633	0	0	0	0	-74.25	6574	17.86	17.84	17.75	18.13	-1.00
sz002116	-1378	0	0	0	-260.83	9434	10.75	10.65	10.65	10.77	-0.93
sz300497	-800	0	0	0	-503.15	7816	36.49	35.80	35.77	36.49	-1.81
sh600345	-11333	-575	-2816	0	-3897.02	115467	32.66	32.72	32.10	33.18	-1.00
sh600346	-2751	2899	-2260	0	2460.23	241347	13.84	14.16	13.72	14.67	2.02
sz000963	-2009	0	0	0	-1981.64	38491	57.02	57.20	55.70	57.33	0.18
sh603127	0	0	0	0	113.14	6509	57.03	56.70	56.50	57.87	-1.44
sh600230	-3519	0	0	0	-478.43	79947	46.95	47.02	46.86	48.15	0.34
sh600231	10594	38535	18669	0	-222.38	617716	5.06	5.18	5.04	5.32	2.78
sh600697	-400	0	0	0	-411.84	11257	25.51	25.35	25.25	25.64	-0.94
sh603369	18837	21258	16322	0	7287.22	208925	16.22	17.19	16.22	17.44	5.07
sh600580	-25490	-4148	-3030	0	-795.23	117468	8.72	8.59	8.53	8.84	-2.05
sh600581	-29461	-1991	-2117	0	-4695.43	381952	14.07	14.00	13.77	14.50	-0.43
sz000627	-18245	-7075	-3144	0	-420.71	120077	8.23	8.25	8.16	8.30	0.12
sz000626	-8199	-1323	0	0	-757.05	26621	13.25	13.10	13.10	13.38	-2.46
sz000625	-3280	-4235	1032	0	-1684.12	188678	12.96	13.00	12.92	13.09	0.46
sz000623	-11646	-5065	0	0	-1382.20	55177	22.42	22.36	22.34	22.53	-0.45
sh600768	-233	0	0	0	203.35	9477	14.26	14.28	14.19	14.43	0.14
sh601368	-700	0	0	0	-22.23	10736	8.91	8.88	8.87	8.95	-0.78
sh600761	-2490	1407	0	0	-10.38	40751	10.65	10.64	10.52	10.68	0.00
sh601966	-1355	0	0	0	-533.14	30967	18.01	17.86	17.84	18.10	-0.83
sh601566	-7231	-204	0	0	-719.05	36512	14.24	14.18	14.10	14.27	-0.28
sz300097	-1426	0	0	0	47.58	28696	26.95	26.36	26.27	27.26	-1.72
sz002615	1347	-1720	0	0	1013.90	35834	10.10	10.04	9.94	10.30	0.10
sz300547	-909	0	0	0	858.88	18103	49.07	51.34	48.40	52.01	5.03
sz000049	-1651	0	0	0	-1263.65	19576	40.01	39.63	39.55	40.20	-1.54
sz300403	373	0	0	0	199.18	17931	15.75	15.89	15.65	15.95	1.15
sh600827	-1253	-1480	0	0	316.63	31092	13.23	13.26	13.18	13.27	0.38
sz300401	-7486	-1397	0	0	3368.84	47953	47.50	48.09	46.81	48.65	1.63
sz300409	-5333	0	0	0	-2355.72	40702	54.45	54.42	53.75	55.60	-0.38
sz002053	-3958	-1000	0	0	163.04	30314	11.49	11.45	11.44	11.54	-0.26
sz002051	-7220	0	0	0	-1058.97	36821	18.79	18.45	18.40	18.79	-1.44
sz002727	-1935	0	0	0	109.69	22169	21.10	21.04	20.83	21.35	-0.28
sh603026	0	0	0	0	104.37	11991	24.53	24.33	24.25	24.64	-0.82
sh603936	-293	0	0	0	-224.53	12958	24.28	24.44	24.16	24.94	1.20
sz300716	-2106	-1406	0	0	-667.58	45782	27.50	27.17	27.01	27.96	-3.58
sz300712	1088	0	0	0	963.85	63592	23.90	25.07	23.71	25.65	4.85
sz300711	-15320	-4396	-4629	0	-10430.39	178057	30.98	29.13	28.93	32.48	-2.28
sz002123	-3093	362	0	0	165.50	64706	10.39	10.37	10.32	10.56	-0.38
sh603339	-802	0	0	0	-380.31	11546	23.58	23.03	22.95	23.64	-2.33
sz002128	-42786	-20517	-14700	0	474.93	309451	11.37	11.12	11.01	11.43	-2.80
sh600356	-648	0	0	0	-3.26	13147	8.36	8.40	8.36	8.47	0.12
sz002548	-203	0	0	0	95.06	7094	10.71	10.71	10.67	10.80	-0.28
sh603158	-480	0	0	0	-137.01	4590	18.27	18.26	18.00	18.34	-0.44
sh603159	1241	0	0	0	-194.52	21805	24.98	25.67	24.58	25.95	2.89
sh600171	-58686	-15420	-2294	0	-9157.28	333974	15.72	15.09	15.06	15.92	-4.25
sh600179	4121	1245	-755	0	893.30	78094	28.35	28.45	28.01	28.56	0.49
sh601888	-1576	0	0	0	-1397.74	50041	45.79	45.93	45.51	46.20	0.09
sz000612	-4182	1451	0	0	46.03	43839	8.99	8.95	8.90	9.00	-0.78
sh600597	-2615	-358	0	0	-58.16	66331	14.76	14.81	14.65	14.85	0.61
sh600771	218	0	0	0	1206.30	19544	42.88	43.31	42.61	44.00	0.67
sh600572	-19318	-681	-995	0	143.36	105787	7.26	7.16	7.13	7.30	-1.24
sh600687	395	0	0	0	55.04	31877	11.56	11.60	11.50	11.67	0.35
sh601229	-9081	2460	7370	0	-1916.03	131862	14.79	14.78	14.75	14.85	-0.14
sh601555	-12032	567	0	0	226.16	83965	9.68	9.65	9.64	9.78	-0.31
sz000813	-3869	-1849	0	0	-948.80	128861	8.97	9.14	8.92	9.17	1.67
sz300396	-261	0	0	0	290.35	12198	43.61	43.75	43.28	44.25	0.23
sz300395	-8356	-2661	0	0	-1481.87	26060	16.00	15.80	15.63	16.15	-1.56
sz000541	-17395	-7981	-4000	0	-790.26	59313	9.30	9.21	9.19	9.30	-0.86
sz002714	-2759	0	0	0	3143.82	53561	58.31	58.96	58.30	59.85	0.48
sz002653	-356	0	0	0	-18.92	5189	11.53	11.54	11.44	11.55	0.09
sz300573	0	0	0	0	-39.86	5132	25.04	25.09	24.90	25.26	-0.32
sz300378	-13614	-5862	-4753	0	-1446.13	64872	15.29	14.85	14.80	15.39	-4.69
sz300375	-5371	-1286	0	0	-1041.42	42974	17.81	17.80	17.72	17.99	-0.84
sz002732	0	0	0	0	149.14	7877	28.10	28.03	27.89	28.38	-0.25
sz002731	0	0	0	0	90.09	4788	18.17	18.13	18.04	18.20	-0.28
sh600966	-3629	-679	-5898	0	-426.98	270921	6.12	6.16	6.12	6.30	0.65
sh603323	-38084	-15548	-4030	0	-644.69	117323	8.57	8.46	8.45	8.62	-1.40
sh603321	-2172	0	0	0	-6.98	70836	11.93	12.07	11.82	12.49	1.17
sh603328	-2507	0	0	0	-378.25	29064	14.86	14.98	14.77	15.02	0.07
sh600367	-7550	0	0	0	-608.22	39522	11.31	11.10	11.08	11.31	-1.77
sh603819	-200	0	0	0	18.35	6039	17.28	17.08	17.03	17.28	-1.61
sz002080	-5006	0	0	0	-1882.89	47566	25.05	24.60	24.50	25.37	-1.80
sh603816	16	0	0	0	-332.02	16847	60.99	60.77	59.70	61.00	0.51
sh603920	-5308	0	0	0	-1677.80	54283	19.32	18.97	18.91	19.59	-2.62
sz002557	-1248	0	0	0	-75.85	15093	15.49	15.55	15.43	15.65	0.32
sz000609	-2563	0	0	0	288.22	48626	11.23	11.58	11.02	12.09	3.12
sz000779	-692	0	0	0	-199.15	7827	13.75	13.67	13.64	13.88	-0.94
sz000778	-36198	-25289	-18821	0	-81.98	272436	5.45	5.44	5.43	5.51	0.00
sh601766	-110660	-42143	-38722	0	-9638.60	825833	12.20	12.15	12.08	12.25	-0.65
sz000639	-875	0	0	0	-12.41	19701	19.20	19.48	19.20	19.76	1.46
sh601238	30534	17708	12189	0	2811.91	91514	24.52	24.63	24.45	24.76	0.16
sz000983	-65600	-35853	-38641	0	-1094.60	477822	10.31	10.48	10.24	10.61	0.48
sz000981	-8414	0	0	0	-161.93	30900	8.81	8.81	8.76	8.86	0.00
sz002153	-9757	0	0	0	2233.19	59847	26.99	26.90	26.75	27.24	-1.18
sz300388	-1274	0	0	0	-1154.55	28959	22.04	22.26	22.03	22.48	0.00
sz300145	-24470	-11512	-4595	0	-4178.22	113875	11.92	11.58	11.55	11.92	-3.02
sz300144	-4006	0	0	0	-1464.38	37948	18.28	18.18	18.15	18.32	-0.49
sz300565	-395	0	0	0	-742.21	21829	21.48	20.90	20.62	21.66	-3.91
sz300560	-520	0	0	0	-300.06	14286	34.00	33.48	33.41	34.18	-2.22
sh603797	-3642	-1225	-2243	0	-549.54	76090	20.37	20.79	20.04	21.68	0.78
sh603798	0	0	0	0	-56.79	3816	17.34	17.21	17.16	17.37	-0.64
sh603556	-429	0	0	0	-123.17	5047	36.27	36.02	35.80	36.27	-0.19
sz002094	-4048	0	0	0	64.35	55999	18.27	18.18	18.11	18.35	-1.09
sz002090	-570	0	0	0	350.53	7580	22.75	22.44	22.40	22.87	-0.71
sz002091	-15263	-3330	-2330	0	-1290.95	48739	9.11	8.99	8.94	9.12	-1.21
sh600976	-1143	0	0	0	578.49	17767	23.85	24.56	23.75	24.70	2.25
sz002144	-450	0	0	0	88.82	5649	14.08	14.15	14.08	14.18	0.00
sh603311	-371	0	0	0	-107.95	4825	15.97	15.97	15.92	16.06	-0.25
sz002380	-200	0	0	0	-17.19	8021	16.76	16.88	16.76	17.20	0.12
sz002381	-923	0	0	0	69.98	10724	7.81	7.80	7.79	7.86	-0.13
sz002891	-680	0	0	0	-746.38	6499	34.78	34.30	34.30	34.78	-1.66
sh603178	465	0	0	0	109.59	8246	14.81	14.70	14.61	14.85	-0.61
sh603959	-702	0	0	0	194.09	11815	31.72	32.20	31.51	32.68	1.45
sh603955	0	0	0	0	154.29	10651	41.32	41.18	40.62	41.67	-0.02
sz000026	-1871	0	0	0	-92.86	16597	10.89	10.86	10.81	10.92	0.09
sh603776	0	0	0	0	-1266.62	12666	61.80	60.25	60.18	62.00	-3.21
sh601158	-13756	-6168	0	0	81.53	29317	6.49	6.49	6.48	6.52	-0.15
sh600379	6549	2000	2000	0	506.42	31102	11.40	11.61	11.29	11.68	2.02
sh600897	-487	0	0	0	-413.17	6858	22.80	22.62	22.59	22.93	-0.92
sh600793	-570	0	0	0	98.15	15839	26.29	26.46	26.23	26.90	0.68
sz000012	-67996	-36981	-26963	0	-6083.83	246509	8.87	8.70	8.67	8.96	-2.14
sh600559	-6515	-2082	-2082	0	-3031.29	48675	30.32	30.32	30.12	30.63	-0.85
sz000651	49077	60848	26414	0	39439.00	854821	50.80	53.30	50.24	53.48	4.92
sh601336	-698	514	0	0	6558.20	222679	63.60	64.88	63.03	64.98	1.98
sz000830	-64624	-19629	2989	0	-12611.39	403101	18.45	18.13	17.90	18.70	-2.05
sz002871	0	0	0	0	-76.91	4063	35.08	34.66	34.63	35.12	-1.23
sz300284	-1290	0	0	0	-36.26	15519	16.50	16.34	16.30	16.58	-1.21
sz300282	-1658	-1255	0	0	-763.65	21774	17.47	17.38	17.21	17.59	-0.86
sz300355	-79945	-32828	-16918	0	-14179.21	376378	12.80	12.58	12.48	12.86	-1.95
sz002718	0	0	0	0	-125.95	1425	46.15	45.58	45.36	46.15	-0.91
sz002045	3229	5916	-32	0	6815.60	164577	18.00	18.83	17.91	19.10	3.40
sz002087	-8976	-424	0	0	-372.56	60574	5.88	5.87	5.80	5.92	-0.17
sz002088	-3121	0	0	0	56.77	18205	13.65	13.57	13.47	13.78	-0.73
sz002047	-10097	-3317	-10366	0	-62.60	107074	7.55	7.56	7.50	7.65	0.00
sz002152	-283035	-186425	-121580	0	-5004.20	1328561	8.54	8.20	8.14	8.68	-4.54
sh603167	-6012	-755	0	0	-390.04	132555	12.00	12.21	11.93	12.32	1.75
sh600895	-529	0	0	0	1153.18	60097	14.88	15.08	14.88	15.31	1.07
sh603766	-1482	3516	2738	0	410.30	134262	7.22	7.09	7.08	7.29	0.14
sh600098	6025	4110	3010	0	445.90	38236	7.13	7.16	7.12	7.16	0.42
sh600090	6511	0	0	0	126.66	25383	8.23	8.16	8.12	8.23	-0.37
sz002889	-3881	0	0	0	-1818.40	26853	29.68	28.61	28.61	29.87	-2.69
sh600308	-16544	-340	0	0	-248.31	119014	6.64	6.63	6.62	6.83	-0.15
sz002882	-2953	0	0	0	-52.04	55262	13.70	13.82	13.60	14.26	1.84
sz002885	-454	0	0	0	-1013.23	11653	36.40	35.75	35.75	36.99	-2.91
sz002886	-654	0	0	0	-326.91	11486	35.41	34.99	34.91	35.98	-1.49
sz000488	-318	16214	9429	0	-6108.30	452959	17.82	17.76	17.68	18.54	0.40
sz002905	-272	0	0	0	-186.31	10852	35.20	34.96	34.71	35.30	-0.88
sh601928	103	2401	0	0	-275.67	79255	8.11	8.20	8.10	8.23	0.86
sh600638	703	1002	0	0	211.02	21151	15.67	15.76	15.53	16.06	0.51
sz000823	-13764	-2664	0	0	-1196.21	89092	15.02	14.65	14.52	15.03	-2.20
sz000825	83569	80428	67726	0	-1797.52	826594	5.11	5.18	5.11	5.29	1.37
sz300703	-202	0	0	0	-281.77	9222	33.49	33.29	32.76	33.57	-0.92
sz300294	-1293	0	0	0	-514.05	12211	31.90	31.40	31.21	31.98	-0.35
sz300581	0	0	0	0	-127.59	3968	30.51	30.22	30.14	30.64	-0.95
sz300343	-9810	-1900	0	0	-772.90	42424	13.08	12.95	12.78	13.33	-1.67
sz300347	-1430	0	0	0	-586.48	20239	34.62	34.00	33.51	34.87	-2.77
sz000505	135	31	0	0	-67.06	45993	8.68	8.88	8.56	8.96	2.30
sz002766	-9729	2740	-2547	0	-2299.37	149465	15.81	15.89	15.73	16.60	-1.00
sz002763	-200	0	0	0	-69.68	6397	13.64	13.65	13.61	13.73	0.07
sh603578	0	0	0	0	-266.46	6590	34.10	33.73	33.66	34.32	-1.00
sh600887	-44783	-4350	-2798	0	15363.60	495842	34.30	34.82	33.75	34.85	1.72
sh603688	-6470	0	0	0	-536.05	29328	15.81	15.24	15.10	15.81	-3.91
sh600362	-46006	-17953	-4890	0	-10835.20	447258	20.20	20.10	19.90	20.30	-1.33
sz002186	-1068	0	0	0	15.00	7391	17.88	17.91	17.80	18.05	0.06
sh600368	-1374	114	-2900	0	145.43	35558	5.34	5.35	5.32	5.38	0.19
sz300626	0	0	0	0	-51.08	1849	28.79	28.50	27.78	29.08	-1.01
sz300627	-408	0	0	0	76.12	7140	46.96	46.21	46.15	47.10	-1.60
sz300620	0	0	0	0	-303.28	5928	37.58	37.23	37.11	37.79	-0.96
sz300621	-4873	-1977	0	0	-1436.33	56630	22.11	21.48	21.46	22.93	-3.94
sh603199	0	0	0	0	-50.34	2496	29.56	29.71	29.55	29.77	0.07
sh600886	-41311	-39076	-38564	0	-5930.15	350514	7.38	7.30	7.28	7.39	-0.82
sh600348	-31904	-15341	-7549	0	-419.69	247008	7.58	7.58	7.51	7.72	-0.79
sh603757	0	0	0	0	-400.44	5777	59.87	57.63	57.57	59.87	-2.88
sh603996	1081	0	0	0	-219.94	15737	17.99	17.95	17.80	18.18	-0.33
sh603997	-1792	-1607	0	0	309.94	10625	11.00	11.05	10.94	11.05	0.55
sh600089	-78987	-51231	-37379	0	-6623.03	412505	9.94	9.90	9.80	9.94	-0.50
sz000921	-2994	-1724	-2726	0	2115.37	98627	14.89	15.08	14.72	15.21	1.34
sz000036	-49334	-26106	-5955	0	-4761.74	350191	10.10	10.03	10.02	10.43	-0.79
sz000030	2669	0	0	0	283.96	24470	8.13	8.14	8.11	8.19	-0.12
sz000038	-1812	0	0	0	-416.10	23180	20.63	20.30	20.26	20.87	-2.31
sz000722	-1153	0	0	0	40.56	11282	8.91	8.97	8.91	9.09	-0.55
sz000723	-14551	-3452	-3985	0	-2106.43	131077	6.73	6.73	6.69	6.78	0.45
sh601139	-31407	-3412	0	0	-873.84	161799	8.26	8.11	8.09	8.28	-2.17
sz000729	-23374	-12065	-7800	0	920.09	145350	7.33	7.29	7.25	7.36	-1.62
sh600629	-1967	0	0	0	-306.33	7350	15.25	15.11	15.02	15.25	-0.79
sz300400	-450	0	0	0	180.92	22872	13.39	13.50	13.38	13.75	0.82
sz002558	-6250	-1020	0	0	-2462.70	54438	38.30	37.04	37.00	38.90	-3.79
sh601688	4390	11581	18837	0	-2433.70	492675	19.68	19.76	19.58	20.17	0.56
sz300119	-1905	0	0	0	-52.45	10739	12.10	11.94	11.75	12.10	-1.32
sh603885	-915	0	0	0	500.36	35062	15.27	15.45	15.22	15.65	1.05
sh601669	-12968	-4197	-2536	0	-769.81	83029	7.58	7.51	7.50	7.59	-0.79
sz000676	-1537	0	0	0	-155.05	21294	11.49	11.30	11.28	11.55	-1.65
sz300335	-12774	-1000	0	0	-1511.47	75149	16.95	16.60	16.60	17.03	-2.92
sh600312	1863	2853	0	0	18.75	58076	9.81	9.82	9.76	9.86	0.20
sz002817	-200	0	0	0	177.29	4694	31.11	31.10	30.83	31.21	0.00
sz002777	683	0	0	0	-349.22	5333	33.84	33.44	33.30	34.14	-2.05
sz002772	-235	0	0	0	-71.16	8484	10.95	10.88	10.87	10.96	-0.37
sz002771	803	0	0	0	216.66	12854	19.10	19.04	18.95	19.59	-0.83
sz300244	-3090	0	0	0	-75.18	31460	23.90	24.01	23.80	24.35	-0.33
sh603699	792	0	0	0	382.34	17402	20.11	20.18	20.00	20.28	0.40
sz002172	-3999	0	0	0	79.75	17721	6.15	6.10	6.10	6.16	-0.81
sh603360	-274	0	0	0	-59.29	5835	22.12	22.05	21.92	22.20	-0.27
sz002375	-945	2023	2023	0	-558.81	66751	7.78	7.82	7.76	7.85	0.13
sz300438	697	0	0	0	79.96	14984	29.20	29.12	28.80	29.40	-0.21
sh603363	-17510	-2453	0	0	-2151.44	130501	16.55	15.88	15.68	16.70	-5.02
sz300635	-2602	0	0	0	-572.49	21232	19.91	19.36	19.30	19.92	-3.10
sz300435	-330	0	0	0	-287.19	7369	15.60	15.75	15.43	15.78	0.00
sz300637	-235	0	0	0	-104.35	4339	20.49	20.23	20.20	20.59	-1.80
sh603181	-2142	1007	0	0	-927.34	51118	24.96	24.20	24.12	25.24	-1.47
sh603188	-9859	0	0	0	-1291.13	41473	16.49	16.25	16.20	16.61	-2.34
sh603963	-1530	0	0	0	-1269.28	39696	32.08	31.30	31.17	32.28	-4.05
sh603969	-11864	1168	0	0	-424.54	128865	13.56	13.63	13.56	14.25	0.81
sh603968	-513	0	0	0	-139.06	10269	19.37	19.15	19.01	19.37	-1.03
sh600436	838	0	0	0	253.15	67485	72.48	74.03	72.20	74.90	1.73
sh603987	-2968	0	0	0	-363.02	20349	12.49	12.26	12.18	12.49	-1.76
sz000933	-66952	650	-8676	0	-3995.65	644476	10.20	10.18	10.07	10.43	-1.26
sz000932	-66446	-49279	-46296	0	-1531.01	487294	8.70	8.72	8.63	8.96	0.69
sz002203	-5345	0	0	0	-120.77	36465	7.89	7.85	7.82	7.95	-0.51
sh600329	-3577	-1276	0	0	-108.71	12655	15.09	15.06	15.00	15.14	-0.20
sh600980	-1903	0	0	0	-367.52	16668	15.62	15.33	15.32	15.62	-1.86
sh600508	-5101	-1000	0	0	-95.17	47593	12.78	12.74	12.63	12.90	-0.39
sh600507	-25309	6708	1297	0	-121.70	358612	14.65	14.74	14.42	15.13	1.10
sh600056	-15479	-9331	-4827	0	935.58	70837	24.61	24.36	24.26	24.69	-1.02
sh600057	-3608	286	0	0	194.12	51133	8.09	8.03	8.02	8.14	-0.12
sh601900	-573	0	0	0	38.04	9952	11.51	11.45	11.45	11.55	-0.61
sh600185	14266	16525	11109	0	784.77	221160	6.23	6.26	6.21	6.48	0.48
sh601127	426	0	0	0	-145.15	25380	20.16	20.04	19.79	20.21	-0.50
sh600188	-11228	12487	-2012	0	156.36	371386	16.06	16.48	16.01	16.89	0.73
sh600615	-456	0	0	0	12.84	6688	13.19	13.11	13.08	13.22	-0.61
sh600611	-3465	-1650	-3873	0	-542.49	63728	5.09	5.09	5.07	5.11	-0.20
sz000591	-35333	-14198	-5025	0	-756.25	108071	5.70	5.65	5.64	5.71	-0.88
sz000021	-15179	16563	-27288	0	-7590.80	1545333	11.66	11.20	11.18	12.20	-0.97
sz000780	-2336	2000	0	0	251.51	33725	5.06	5.11	5.03	5.12	0.79
sh601699	-50976	-14690	-8279	0	-2885.80	773887	11.94	12.04	11.73	12.30	-0.50
sz300102	-113575	-63634	-39268	0	-11782.60	562720	9.40	8.88	8.77	9.45	-8.83
sh601588	-18249	-6739	-2026	0	-696.84	206300	5.51	5.57	5.46	5.70	1.09
sh603908	0	0	0	0	27.50	2271	35.53	35.28	34.45	35.53	-0.68
sz300031	-404	0	0	0	39.50	13040	16.14	15.84	15.81	16.34	-2.28
sz300326	-640	0	0	0	-90.33	16669	8.78	8.67	8.64	8.79	-0.80
sz300723	-6800	-620	66	0	-4994.65	134472	41.85	40.33	39.71	42.29	-5.99
sz002748	-719	0	0	0	-202.53	11087	15.07	14.82	14.80	15.10	-1.66
sz300258	-2443	0	0	0	-405.38	16642	14.48	14.31	14.26	14.49	-0.76
sz002521	-2833	-1469	-2540	0	234.57	45916	9.35	9.43	9.33	9.48	0.96
sh603421	-857	0	0	0	-470.94	16637	26.40	26.04	25.88	26.79	-3.27
sh603357	-18955	49	1543	0	7826.89	197960	22.10	24.19	21.93	24.42	8.96
sh603359	44	0	0	0	215.58	13941	34.07	34.41	33.81	34.68	0.56
sz002443	-3726	-1283	0	0	-94.77	81166	9.37	9.38	9.31	9.54	-0.53
sh600303	322	1500	0	0	135.74	45136	9.21	9.26	9.15	9.30	0.54
sz002444	-10310	-1600	0	0	-807.68	47239	13.99	13.84	13.82	14.07	-0.86
sz300340	-1970	0	0	0	-2349.97	37276	57.05	54.25	54.08	57.10	-5.39
sz300640	0	0	0	0	-71.95	4397	25.27	25.08	25.00	25.44	-0.75
sz300641	0	0	0	0	-23.36	9236	14.70	14.53	14.44	14.70	-1.16
sz300486	-207	0	0	0	-155.04	7500	20.31	20.36	20.28	20.67	-0.20
sh603223	-1000	0	0	0	-115.40	3071	23.66	23.47	23.38	23.77	-0.64
sh603738	0	0	0	0	-28.03	2108	23.90	23.50	23.30	24.30	-1.76
sh603229	-8898	-1758	0	0	-236.51	97074	18.80	18.91	18.65	20.50	0.53
sh600516	27622	40039	34806	0	2207.00	1426215	33.50	34.23	32.78	34.48	3.20
sz000055	-2381	3130	2130	0	33.54	36296	6.35	6.29	6.24	6.35	-0.47
sz002233	-3373	3390	0	0	-142.72	133267	12.14	12.16	12.03	12.24	0.41
sz300652	0	0	0	0	-122.33	5526	27.89	27.72	27.50	27.89	-0.57
sh600293	-3545	-308	0	0	-534.22	63330	8.39	8.36	8.35	8.44	-0.48
sh601107	2558	1072	0	0	46.38	30900	4.20	4.20	4.18	4.21	0.24
sh600459	8864	2014	0	0	1178.42	59424	22.52	23.01	22.35	23.06	2.04
sh603398	-586	0	0	0	92.80	22687	16.20	16.63	15.93	17.30	1.59
sz300662	-2452	-1466	0	0	-282.54	27369	26.49	25.65	25.26	26.49	-1.95
sh600663	-670	0	0	0	403.25	49666	19.96	20.33	19.92	20.90	1.45
sh603387	0	0	0	0	204.68	8573	57.87	58.74	57.54	59.25	1.50
sz300475	-700	0	0	0	-62.33	6829	14.21	14.20	14.18	14.44	-1.25
sz000669	-7647	0	0	0	-931.30	45742	14.36	14.07	14.05	14.36	-2.02
sh601633	-12032	-3145	0	0	-573.44	99163	12.21	12.24	12.18	12.38	0.16
sh600266	-10926	3110	2110	0	-642.22	107876	13.67	13.74	13.63	14.05	0.51
sh600133	2871	2854	785	0	3613.07	305488	9.87	10.15	9.75	10.28	2.94
sh600137	-265	0	0	0	-120.32	17034	24.41	24.07	24.06	24.52	-1.92
sh600642	-58421	-36652	-28501	0	-851.01	158366	5.93	5.87	5.86	5.94	-0.84
sz002900	-2041	0	0	0	-951.62	55404	30.49	30.79	30.32	31.50	-0.42
sz300041	-6105	-1165	0	0	-624.85	24030	10.16	10.00	9.99	10.19	-1.48
sz300221	7312	2908	0	0	1154.08	67946	16.63	17.12	16.63	17.20	2.33
sz002317	-14895	-5187	-3950	0	-1613.38	60173	12.27	12.31	12.10	12.35	0.33
sz300535	0	0	0	0	-27.70	5296	36.49	36.11	36.02	36.68	-1.53
sz300533	-309	0	0	0	-302.67	16862	51.05	52.31	51.05	54.28	2.57
sh603076	-4926	0	0	0	-1700.32	23917	38.01	37.04	36.58	38.28	-2.47
sz002462	-3748	0	0	0	-1582.30	28057	27.73	26.59	26.52	27.80	-4.11
sz002867	-230	0	0	0	-97.06	11128	29.47	29.17	29.03	29.68	-1.02
sh600033	-2412	-3841	-2094	0	-281.90	101868	3.69	3.69	3.68	3.71	0.27
sh600743	176532	190072	156656	0	2883.39	1133309	4.13	4.40	4.10	4.61	5.01
sz300429	0	0	0	0	-126.28	7282	23.77	23.65	23.56	23.80	0.25
sz002677	-4136	0	0	0	1310.76	38658	17.40	17.63	17.27	17.68	1.91
sz000685	-1377	1230	0	0	364.89	37246	10.43	10.38	10.35	10.43	-0.48
sz300720	-431	0	0	0	264.56	52160	31.30	32.61	30.85	33.88	3.56
sz002449	-24760	-14549	-5819	0	-4201.98	115836	17.53	16.98	16.95	17.69	-3.36
sh600177	-4002	2128	0	0	-215.90	86059	9.51	9.51	9.47	9.59	-0.21
sz300701	-582	0	0	0	-285.67	21567	38.78	38.92	38.10	39.26	-0.66
sz300387	-4157	1159	0	0	-1007.03	42807	18.20	17.48	17.37	18.25	-4.22
sz002016	-27118	-9969	-8043	0	-3058.78	184277	11.82	11.79	11.65	12.36	-1.26
sz300561	-987	1672	0	0	1930.02	16880	35.50	37.29	35.03	37.29	10.00
sz002897	-224	0	0	0	-435.36	14804	37.68	37.09	36.68	37.68	-1.20
sz000002	-9462	-341	6354	0	-15155.90	537013	35.10	35.55	35.09	36.62	1.14
sz002182	-32519	-12734	-8730	0	-2314.19	130074	9.26	9.08	9.07	9.30	-2.68
sz300113	-35160	-6561	-6702	0	-2844.15	242149	18.89	18.92	18.87	19.60	0.26
sh601666	-19611	-2981	-5166	0	-208.59	283036	6.64	6.70	6.60	6.84	-0.30
sz002195	-159805	-106225	-76975	0	-10782.26	851200	6.75	6.48	6.47	6.75	-4.28
sz002518	-2026	-1350	0	0	-418.20	22192	17.24	17.22	17.09	17.51	0.06
sh600325	-6929	21591	19553	0	-3335.90	799298	8.39	8.40	8.31	8.64	0.24
sz300648	0	0	0	0	-211.45	3451	64.37	63.10	63.00	65.56	-2.92
sh603721	437	0	0	0	510.39	17495	26.71	27.47	26.51	28.50	2.96
sh603388	796	1347	0	0	57.71	8140	17.49	17.35	17.32	17.65	-0.97
sh603517	-435	0	0	0	-193.81	11128	40.78	39.35	39.11	40.78	-3.58
sz300269	-4914	0	0	0	-254.56	33635	12.66	12.48	12.43	12.69	-1.27
sh600515	-3374	1002	0	0	177.02	86018	12.73	12.91	12.62	13.06	1.57
sz002646	-74	0	0	0	58.01	13009	15.45	15.49	15.39	15.57	-0.26
sz002753	-658	0	0	0	-130.54	14319	21.00	21.25	20.91	21.42	-0.09
sz000869	-1603	0	0	0	-1289.16	28470	39.77	39.85	39.45	40.20	-0.45
sz300017	-73534	-20929	-18835	0	-902.24	409079	11.01	10.87	10.74	11.08	-1.98
sz002322	-1026	0	0	0	-149.76	16122	18.68	18.66	18.55	18.81	-0.32
sh600845	-7164	0	0	0	-1237.42	46611	20.58	19.78	19.71	20.78	-3.56
sh603711	-8467	0	0	0	-2814.31	117074	29.20	28.58	28.02	29.78	-4.38
sh603083	-4905	-2108	-3285	0	-5452.38	75539	47.09	47.42	47.07	48.55	-4.09
sz002504	6861	18868	16444	0	2712.10	138300	4.72	4.96	4.69	4.96	5.08
sh603667	0	0	0	0	-11.59	2394	21.68	21.59	21.48	21.68	0.14
sh603660	-2894	0	0	0	-966.32	13562	33.88	33.21	33.15	34.15	-2.12
sh603861	-200	0	0	0	-30.70	7536	17.07	16.89	16.75	17.17	-1.17
sh601007	0	0	0	0	-6.91	6913	10.85	10.79	10.76	10.91	-0.55
sh603856	-4716	1059	0	0	494.68	100958	20.54	21.13	20.37	21.40	2.42
sh603005	-4572	0	0	0	-2156.63	33006	32.89	31.96	31.94	32.89	-3.06
sz300477	-1130	0	0	0	-730.74	20497	22.07	21.85	21.65	22.24	-1.00
sz002245	-79983	-35445	-9679	0	-5989.50	263598	10.18	9.87	9.87	10.28	-3.99
sz000062	-804	0	0	0	-747.15	19358	23.85	23.51	23.50	24.08	-1.47
sh600723	-2192	0	0	0	-78.96	20573	8.43	8.44	8.38	8.48	0.00
sz002499	204	0	0	0	231.50	7825	19.86	19.96	19.50	20.20	0.10
sz300507	-346	0	0	0	222.83	19092	27.81	28.66	27.81	29.27	1.38
sz300447	-219	0	0	0	-235.14	7021	19.10	18.66	18.64	19.10	-1.89
sz002472	-3092	0	0	0	-156.10	29984	9.33	9.25	9.18	9.36	-0.96
sh600395	-7547	-1554	-2002	0	176.71	92749	7.07	7.11	7.03	7.17	0.00
sh600012	-3800	0	0	0	-294.23	15667	11.36	11.15	11.14	11.43	-1.50
sz300532	-595	0	0	0	-97.66	8806	24.35	23.90	23.86	24.35	-1.73
sh603299	-9114	-3720	0	0	-686.59	51543	10.10	10.01	10.00	10.22	-1.86
sh600926	-11367	-2304	0	0	-384.22	93528	11.73	11.67	11.66	11.80	-0.51
sz002862	375	0	0	0	176.62	2668	27.88	27.82	27.55	27.99	-0.22
sz002537	-41512	-15797	-4626	0	-2746.65	211288	11.63	11.16	11.15	11.73	-5.90
sh600808	14690	41461	32376	0	-25.25	702535	4.24	4.26	4.22	4.34	0.47
sz002454	-1742	0	0	0	-103.25	29614	12.32	12.14	12.12	12.38	-1.22
sz002222	-16609	-7126	-4760	0	-3595.43	66564	18.41	17.96	17.95	18.54	-2.44
sz000338	-143603	-67533	-40189	0	-9084.74	641422	8.70	8.67	8.65	8.79	-0.80
sz300082	-9253	-1010	0	0	-296.08	28642	7.06	6.98	6.94	7.06	-1.13
sh603909	0	0	0	0	-8.58	1460	31.80	31.65	31.65	32.16	-0.38
sh603637	219	0	0	0	-2.60	6358	24.35	24.21	24.01	24.41	-0.82
sh600562	-2174	0	0	0	-575.49	17291	23.02	22.92	22.91	23.17	-0.78
sz002726	-4578	-1500	0	0	-469.83	23542	11.56	11.59	11.51	11.67	-0.52
sz300718	-639	0	0	0	50.81	22422	38.70	39.41	38.29	39.77	1.99
sh603336	0	0	0	0	-209.66	16747	22.76	21.90	21.78	22.76	-3.78
sz002543	-1543	0	0	0	-45.45	13877	21.38	21.38	21.23	21.56	-0.09
sz000408	-23897	-5679	-3517	0	-4000.76	107948	19.23	18.87	18.68	19.23	-2.28
sh600688	-20729	-1174	3848	0	554.45	324628	6.88	6.94	6.85	7.03	1.02
sh600986	-1900	0	0	0	-216.07	39611	11.05	11.09	11.05	11.32	0.54
sz002139	-15942	1	2455	0	-2854.24	102215	11.20	10.96	10.95	11.42	-2.75
sh603818	-661	0	0	0	-43.98	6744	14.06	13.77	13.76	14.09	-1.71
sh601166	-101521	-69032	-78518	0	-28257.00	1389544	18.07	17.93	17.82	18.09	-0.55
sz000553	-3186	-2155	-2155	0	829.06	89169	16.21	16.89	16.21	16.90	3.37
sz300146	-38783	-17939	-11502	0	-3691.78	193021	15.75	15.31	15.31	15.76	-3.10
sh603007	-200	0	0	0	3.96	11114	12.65	12.60	12.59	12.75	-0.94
sz002411	-516	0	0	0	131.93	12276	26.73	26.59	26.52	26.87	-0.56
sz002892	-20	0	0	0	-119.77	13475	41.24	41.40	40.90	41.90	-0.50
sz300576	0	0	0	0	-25.65	5721	17.25	16.90	16.75	17.25	-2.09
sh600790	-26168	-9828	-6805	0	-1218.55	56228	6.08	6.01	5.97	6.08	-0.99
sh600153	4056	7053	9247	0	1271.18	191568	11.74	11.86	11.69	11.93	0.59
sh603303	-777	0	0	0	-360.08	18799	13.93	13.70	13.69	13.95	-1.72
sh600094	-2872	-5380	-2029	0	-245.38	120470	7.18	7.32	7.16	7.65	1.53
sz000957	6415	106	-2344	0	2430.63	223018	11.30	11.67	11.21	11.75	2.91
sz000828	-2869	0	0	0	-104.69	19403	11.33	11.24	11.23	11.38	-0.97
sz300342	-1469	0	0	0	-42.29	9540	15.18	15.36	15.18	15.40	0.79
sz002166	-5920	0	0	0	-683.57	40885	10.72	10.65	10.60	10.77	-1.11
sh601595	-133	0	0	0	42.77	13365	20.79	20.69	20.41	20.79	-0.05
sz000581	-35073	-19223	-16359	0	-4889.43	139672	24.97	24.56	24.51	25.12	-1.68
sh603365	-749	0	0	0	373.07	36503	23.40	23.35	23.09	23.60	-0.43
sz300251	-38249	-17710	2083	0	-1363.73	158926	10.63	10.47	10.40	10.72	-1.87
sz300484	-223	0	0	0	-130.89	5998	21.17	20.67	20.60	21.18	-2.04
sh600510	-4504	-1000	0	0	-149.73	42208	6.93	7.04	6.88	7.16	1.73
sh603685	-1745	0	0	0	-377.19	66482	35.78	36.64	35.51	37.35	2.18
sh603663	0	0	0	0	39.19	3734	20.26	20.09	20.00	20.34	-0.89
sz300207	172	6963	5917	0	223.29	102020	10.40	10.38	10.31	10.65	-0.19
sz002790	0	0	0	0	55.46	3203	26.86	26.91	26.76	27.09	0.26
sz002029	-13609	-7032	0	0	-573.34	33506	8.37	8.31	8.28	8.37	-0.84
sz002022	-3166	0	0	0	-392.36	31193	14.11	13.98	13.95	14.18	-0.92
sz300443	0	0	0	0	-125.62	6170	16.50	16.25	16.23	16.50	-1.04
sz002477	-81905	-48519	-34721	0	-1960.31	239944	4.60	4.55	4.55	4.62	-1.52
sh601021	-1633	0	0	0	320.29	26916	36.00	36.32	35.94	36.63	0.83
sz002311	-1748	0	0	0	296.96	37078	22.13	22.26	22.04	22.79	0.59
sz300537	0	0	0	0	-96.07	9790	15.92	15.62	15.62	16.02	-2.44
sh603278	-1413	1204	0	0	1031.90	88622	23.48	24.38	23.17	24.99	2.87
sh600106	-23381	-11040	-5518	0	-732.99	58477	4.60	4.52	4.51	4.61	-1.95
sh600031	-84636	-94838	-71834	0	-12757.50	1218039	9.23	9.34	9.16	9.47	-0.43
sh600742	-1236	0	0	0	-1077.82	83869	17.16	17.45	16.95	17.68	1.93
sz002111	-837	0	0	0	39.79	10637	14.54	14.44	14.40	14.54	-0.41
sh601985	-18519	-4593	-12729	0	-859.71	176364	7.38	7.35	7.33	7.39	-0.54
sh600160	-33240	-10785	-3447	0	-1687.10	172309	11.18	11.02	10.99	11.23	-1.08
sz002617	170	0	0	0	28.46	24801	15.69	15.71	15.55	15.80	0.19
sh603025	0	0	0	0	-262.08	7805	30.50	30.07	29.85	30.70	-1.41
sh603020	-1072	0	0	0	-196.81	8912	12.27	12.18	12.13	12.31	-0.81
sh600917	-26590	-2401	0	0	-1718.54	233298	11.40	10.91	10.60	11.40	-4.63
sz300715	-577	0	0	0	360.21	23945	33.10	34.19	32.78	35.68	3.29
sz000967	-3547	0	0	0	-165.86	27042	9.32	9.34	9.28	9.40	-0.32
sh603922	-2391	0	0	0	-820.81	71451	29.31	30.32	28.90	30.60	2.85
sh600548	-5353	-1057	0	0	-463.85	22858	8.97	8.99	8.94	9.03	0.11
sh601233	-24375	-3123	0	0	-573.73	261647	26.59	26.94	26.40	27.74	1.81
sh601231	-4824	586	2425	0	80.31	82302	14.54	14.44	14.32	14.61	-0.62
sz002419	-19938	-4691	1882	0	-3602.52	154586	16.94	16.57	16.51	17.00	-1.89
sz000708	-3058	-1194	0	0	-350.24	34726	11.58	11.63	11.56	11.80	0.61
sh600306	-3892	0	0	0	-145.35	20842	10.68	10.60	10.57	10.71	-1.30
sz002188	-10365	-2137	-2137	0	-1080.56	53486	14.04	13.79	13.79	14.09	-1.64
sz300622	0	0	0	0	-134.13	4719	25.53	25.27	25.12	25.59	-0.90
sh603991	0	0	0	0	-60.43	5813	28.26	28.27	28.21	28.69	-0.77
sz000603	-1800	0	0	0	-249.55	23652	12.37	12.34	12.25	12.60	-0.72
sh600183	-24438	-8318	-1943	0	-4877.70	180850	17.97	17.38	17.35	18.09	-3.12
sh603758	0	0	0	0	6.00	16548	13.75	13.77	13.63	13.83	0.22
sh600338	-840	0	0	0	-68.55	19432	42.16	41.59	41.36	42.22	-0.83
sz300267	-22498	-9016	-1004	0	564.01	115916	6.69	6.70	6.61	6.71	0.15
sh603887	0	0	0	0	-45.97	6478	26.30	26.40	26.15	27.28	0.38
sh600068	-68529	-40025	-22674	0	-8843.56	359293	8.70	8.55	8.53	8.74	-1.72
sz000090	2200	7707	5352	0	605.16	149044	10.75	10.93	10.75	11.21	0.92
sz002805	0	0	0	0	-205.23	4985	29.02	28.69	28.60	29.02	-1.07
sz000089	-29097	-13725	-6490	0	226.08	108848	8.70	8.63	8.58	8.71	-0.92
sz300070	-72516	-35502	-25657	0	-8833.79	309016	17.41	16.87	16.86	17.47	-3.38
sh603131	-214	0	0	0	-81.28	9506	20.73	20.21	20.20	20.73	-2.04
sz002664	170	0	0	0	-25.21	12294	26.51	26.81	26.40	26.86	0.64
sh600340	-38174	-6455	5074	0	-5816.70	586845	40.50	39.81	39.15	41.60	-0.60
sz000620	-2688	0	0	0	-172.55	43655	6.39	6.45	6.33	6.51	0.78
sh600229	-1109	0	0	0	0.98	12809	7.75	7.68	7.67	7.77	-0.78
sz002541	0	0	0	0	145.54	10866	14.01	13.95	13.88	14.04	0.00
sh600201	-4801	-122	0	0	-593.02	56015	30.39	30.31	30.11	30.70	-0.98
sh600618	-6365	-2006	0	0	-797.82	42026	11.80	11.57	11.55	11.80	-2.53
sz300669	0	0	0	0	-111.78	6010	24.27	24.11	24.03	24.50	-0.74
sh600064	-4088	-1272	0	0	-44.13	38867	14.50	14.60	14.50	14.77	0.34
sh603701	0	0	0	0	-60.95	4996	18.94	18.73	18.67	19.04	-0.90
sh600837	-61246	-20094	-7326	0	-5220.83	259953	13.39	13.23	13.20	13.40	-0.90
sh603580	-200	0	0	0	-6.09	5236	30.67	30.23	30.21	30.67	-1.27
sz002287	-271	0	0	0	-111.06	7006	35.95	36.16	35.80	36.36	0.22
sz000608	1333	1565	-1517	0	-133.97	65826	6.75	6.85	6.69	7.10	1.48
sz002781	0	0	0	0	-368.40	7694	24.09	23.51	23.48	24.11	-2.29
sh603515	0	0	0	0	43.41	9492	42.97	43.68	42.54	43.80	1.63
