sz000902	-9249	-809	0	0	-646.15	54608	9.89	9.90	9.64	9.97	0.30
sh601628	-21367	231	4715	0	-12790.90	266744	31.08	30.94	30.63	31.39	-0.71
sz000908	-308	0	0	0	-161.84	21795	6.08	6.15	6.06	6.16	0.82
sh600993	-838	1312	0	0	35.62	55439	20.95	21.39	20.88	21.41	2.10
sh600995	2795	2000	2000	0	173.96	43241	9.05	9.21	9.03	9.23	1.54
sh600997	-11627	1971	9252	0	-2111.27	159836	6.26	6.34	6.23	6.36	1.77
sh600999	-11852	8084	2534	0	-2830.08	277122	19.07	19.16	18.80	19.36	0.00
sh600048	-119226	42771	17747	0	13376.60	1462843	17.27	17.53	17.16	17.72	1.39
sh600516	86050	70390	54693	0	20918.80	978824	30.40	31.69	30.30	31.87	4.48
sh600511	6011	1042	0	0	866.13	68479	26.52	27.79	26.30	27.89	4.75
sz002831	-200	0	0	0	64.79	6951	58.85	58.50	57.50	58.85	-0.76
sh601111	-31582	-16577	-181	0	5566.80	993763	11.27	11.58	11.27	11.72	2.75
sh601116	3267	0	0	0	1298.81	51213	20.45	20.90	20.26	21.12	1.90
sh600600	-7693	-2551	0	0	-3.28	98480	41.25	41.49	40.87	41.64	-0.38
sh600606	-40874	-2417	16428	0	5430.20	1457673	9.43	9.62	9.36	9.73	1.58
sz000987	-7047	-3526	-2163	0	-1214.92	52326	10.43	10.42	10.20	10.48	-0.76
sz300138	1239	1000	0	0	73.45	26316	12.26	12.59	12.26	12.68	2.69
sz000550	1265	5183	3288	0	-2228.01	175547	19.42	19.99	19.35	20.95	4.77
sz300007	-6919	-3362	0	0	179.09	63801	13.53	13.80	13.36	13.97	0.15
sz300003	-8163	-1989	-3067	0	-1056.15	98581	26.02	26.03	25.50	26.09	0.04
sz300009	-6974	503	0	0	-3229.55	114255	24.30	24.50	24.21	24.88	0.91
sh600335	-3	2000	3000	0	30.43	41783	10.56	10.61	10.49	10.65	0.47
sz002236	-1951	12307	8254	0	6465.50	550539	24.95	26.18	24.70	26.71	4.10
sz300316	3788	8187	1248	0	5603.79	272357	19.90	20.55	19.55	20.87	3.58
sz300317	-4512	-1000	0	0	166.15	54979	13.91	14.09	13.66	14.23	0.71
sz002646	-3168	0	0	0	53.45	41627	15.58	16.04	15.58	16.15	2.56
sz002645	-3908	0	0	0	-745.38	28080	21.51	21.58	20.90	21.68	-1.37
sz002233	-1776	1180	-2041	0	-1817.42	96841	11.80	11.84	11.75	11.95	0.25
sz002757	-925	0	0	0	-232.24	5647	37.68	38.17	37.68	38.68	0.39
sh603508	0	0	0	0	31.66	4947	38.69	39.19	38.20	39.30	1.16
sh603507	-200	0	0	0	-959.86	25056	41.20	40.59	40.02	41.20	-1.91
sz000756	-6104	-1012	0	0	-985.77	79337	12.80	12.82	12.48	12.94	-1.08
sz002354	36	6574	2395	0	788.47	101886	17.00	17.44	16.92	17.56	1.99
sz300655	0	0	0	0	-27.41	6153	27.25	26.76	25.87	27.36	-1.69
sh600850	-6648	-4395	-3200	0	-547.01	35570	18.01	17.75	17.35	18.01	-1.72
sh600856	-17454	-11852	-19414	0	3289.34	188411	12.76	12.94	12.76	13.03	1.41
sz002531	1935	1714	3260	0	-103.48	63361	7.44	7.52	7.38	7.67	0.27
sh603726	600	0	0	0	321.99	12489	31.11	32.09	30.87	32.19	3.12
sh603722	-3121	0	0	0	-744.40	45987	40.90	38.34	37.81	40.90	-8.45
sh603721	343	0	0	0	485.04	22000	27.63	28.62	26.68	28.88	2.84
sh603728	-738	0	0	0	-340.96	10639	21.95	22.03	21.50	22.29	0.18
sh600293	-8357	0	0	0	-466.77	44000	8.05	8.06	7.92	8.08	0.00
sh600295	3008	1205	0	0	823.50	86673	14.05	14.41	14.05	14.56	1.77
sz000915	-14062	-3681	0	0	-1953.61	119798	28.59	28.02	27.51	28.59	-2.64
sz000910	-2618	0	0	0	409.54	29760	25.43	25.46	24.88	25.46	0.12
sh603659	-531	0	0	0	-893.90	29196	47.90	46.45	45.70	47.90	-3.15
sz000681	325	1821	0	0	457.32	50709	19.18	19.20	18.57	19.53	0.89
sz002829	0	0	0	0	-343.92	8172	27.34	26.99	26.39	27.34	-1.35
sz002820	-1056	0	0	0	-282.98	18354	24.76	25.86	24.50	25.98	3.94
sh601101	-18091	-570	2004	0	-1190.04	139833	8.35	8.48	8.34	8.55	1.68
sh600459	-1933	0	0	0	-443.65	28947	21.70	21.89	21.43	21.99	0.55
sh603683	-12994	-10983	-8618	0	-1531.86	26716	27.90	27.03	27.03	27.93	-9.99
sh603378	-3652	0	0	0	-982.93	60095	24.05	23.08	22.61	24.10	-5.37
sz000860	11992	4894	2000	0	4068.87	99126	19.96	20.51	19.96	20.66	2.96
sh601811	300	0	0	0	-1.95	20842	12.67	12.88	12.51	12.98	2.22
sz000040	-2552	2200	2200	0	-353.58	30279	13.31	13.15	12.98	13.31	-1.35
sz300124	-4107	1236	0	0	-367.41	90250	27.02	27.00	26.60	27.41	0.07
sz300127	-113	0	0	0	94.50	23299	16.33	16.66	16.21	16.77	1.71
sz300121	-3219	0	0	0	-103.88	59883	14.95	14.93	14.59	15.15	0.20
sh600704	-10033	-2428	-2254	0	-805.16	107693	7.18	7.19	7.11	7.22	0.14
sh603535	-538	0	0	0	-638.93	31702	26.28	26.43	25.84	26.85	-0.38
sz300569	-842	0	0	0	-153.51	10622	22.29	22.64	21.87	22.78	1.66
sz002320	-5767	1024	0	0	-37.96	69884	24.40	24.45	24.30	26.00	0.12
sz002322	-6277	0	0	0	-312.05	31065	17.49	17.70	17.39	17.92	1.49
sh603393	-222	0	0	0	-274.59	12352	36.40	36.18	35.81	36.50	0.25
sh600845	7823	2014	2014	0	4886.37	65755	19.05	19.87	18.87	20.19	3.98
sh603711	-7641	1724	0	0	-3826.20	102259	30.30	29.89	29.05	30.75	-4.29
sh603717	-1131	0	0	0	-746.52	20210	27.60	27.31	26.75	27.62	-2.11
sz002038	685	0	0	0	33.77	41135	31.36	32.15	31.30	32.20	2.55
sh603081	-1147	0	0	0	761.95	34587	25.63	25.60	23.38	25.90	0.16
sh603086	0	0	0	0	-32.32	3769	36.55	36.81	36.21	37.18	-0.08
sz300568	190	0	0	0	729.59	25787	27.17	27.58	26.80	28.17	1.51
sh600284	-3844	0	0	0	-387.27	26253	9.51	9.57	9.46	9.57	0.53
sh600282	157413	173144	141532	0	9010.10	1636572	5.13	5.23	5.11	5.25	3.98
sh603882	-973	0	0	0	-549.89	21078	29.30	29.19	28.40	29.59	-1.58
sh603883	-566	0	0	0	448.60	15233	61.09	61.32	59.50	61.49	0.25
sh603203	0	0	0	0	-468.84	7095	38.03	37.65	36.85	38.20	-2.11
sh603888	227	1185	0	0	133.16	40568	23.10	23.94	22.91	24.29	2.92
sh603665	-200	0	0	0	-175.88	11326	37.02	37.81	36.21	37.85	2.02
sh603663	-779	0	0	0	30.09	5978	19.90	20.36	19.90	20.38	1.24
sh603660	773	0	0	0	256.67	14487	33.47	33.74	33.08	34.38	0.81
sh603869	410	0	0	0	125.98	13626	20.88	21.42	20.75	21.58	2.24
sh603861	300	0	0	0	89.06	12427	16.77	17.10	16.77	17.31	1.97
sz002815	0	0	0	0	-334.90	7813	29.40	29.70	28.90	29.88	1.02
sh603866	0	0	0	0	169.46	5675	42.40	42.84	42.40	43.83	0.56
sz300681	0	0	0	0	105.60	5875	50.50	50.83	49.20	51.70	0.28
sz000786	-28088	-1766	-688	0	-2411.87	253959	23.18	23.35	22.91	23.86	-0.51
sh600661	245	0	0	0	227.60	10907	24.64	24.59	24.51	24.91	-0.20
sh600660	3046	3312	0	0	1519.72	135010	28.41	28.98	28.20	28.99	2.01
sz000789	-17063	-1839	-1761	0	-514.87	382780	12.00	12.22	11.89	12.37	0.58
sh601398	-166362	-110742	-64505	0	-4163.40	4691221	7.04	7.17	7.01	7.35	0.70
sz000898	-50845	-17783	-26317	0	-2400.73	764909	7.12	7.11	7.03	7.27	0.85
sh601390	-31482	-9520	-6856	0	195.83	352779	8.66	8.68	8.61	8.70	0.12
sh601006	30820	116122	114546	0	6699.40	1470689	9.92	10.12	9.83	10.19	2.12
sh601007	-1679	0	0	0	-201.18	12559	10.77	10.71	10.56	10.77	-0.19
sh601000	-92543	-69828	-62674	0	-1265.38	373914	5.12	5.11	5.09	5.16	-0.20
sz000528	-38620	-10188	-4401	0	-490.37	197532	8.51	8.41	8.29	8.53	-0.71
sz000090	-11405	9	0	0	-1647.77	92457	10.77	10.87	10.70	11.00	0.56
sz300068	-1520	0	0	0	-888.20	55827	14.09	14.13	13.91	14.29	0.71
sz300065	-1974	0	0	0	852.24	57448	15.09	15.56	14.88	15.68	3.05
sh603856	-5395	0	0	0	-755.72	58854	20.61	19.90	19.52	20.64	-4.19
sz300203	428	0	0	0	656.38	44828	31.90	32.85	31.68	32.89	3.07
sz300209	-744	0	0	0	58.18	35599	17.50	17.99	17.00	18.16	2.33
sz300519	-225	0	0	0	4.24	9525	20.36	21.01	20.35	21.10	1.16
sz002335	-295	0	0	0	-69.88	13140	30.79	31.10	30.33	31.25	1.11
sz300516	0	0	0	0	-158.62	5882	45.02	45.66	44.20	45.86	0.57
sz300517	0	0	0	0	-47.78	6495	19.00	19.05	18.46	19.16	-0.05
sh603380	-472	0	0	0	-96.00	14852	19.68	19.56	19.07	19.86	-1.06
sh603383	0	0	0	0	-223.75	10467	44.50	45.04	43.01	45.57	0.96
sz300677	-254	0	0	0	-304.02	18870	59.00	59.07	57.50	59.42	-1.30
sz300473	0	0	0	0	49.75	5435	41.45	41.73	41.11	42.35	0.19
sz300470	-1147	0	0	0	-653.24	8990	41.60	41.79	40.68	41.86	-0.02
sz300478	0	0	0	0	-280.93	13006	37.91	38.30	36.50	38.70	-0.18
sz002792	-666	0	0	0	313.74	13224	32.85	33.12	32.37	33.26	0.61
sz002025	-3010	740	0	0	-313.59	61906	21.85	22.04	21.50	22.18	0.36
sh600271	-3646	-2389	0	0	5721.03	173749	20.71	21.30	20.44	21.40	2.50
sz002241	-26378	3438	-4929	0	-3166.24	353700	16.15	16.21	15.84	16.45	0.00
sz000669	-3144	0	0	0	-33.44	30693	13.63	13.54	13.43	13.63	-0.88
sh600019	-177965	-122090	-97032	0	-14633.30	2897357	9.40	9.32	9.23	9.51	0.11
sz002802	0	0	0	0	-127.06	5564	28.11	27.78	27.30	28.11	-1.28
sz002805	0	0	0	0	19.71	6790	26.81	26.98	26.10	27.07	0.19
sh600383	-55258	-22731	-20757	0	-902.80	692429	15.94	16.01	15.63	16.12	0.63
sz300698	-15346	-8013	-5179	0	-9947.16	131643	31.50	30.05	30.05	31.90	-10.00
sh600475	-453	0	0	0	37.12	11555	14.12	14.18	14.02	14.21	0.85
sz300693	-926	0	0	0	-678.07	18966	35.81	35.18	34.43	36.29	-3.35
sh600122	2003	11970	18586	0	927.63	125330	9.64	9.68	9.54	9.75	0.31
sh600123	-28287	-18659	-10398	0	-291.70	214374	9.51	9.62	9.50	9.76	1.48
sh600655	-4104	0	0	0	-1289.90	50521	11.21	11.29	11.17	11.32	0.71
sh600498	-6961	0	0	0	808.28	98837	27.93	28.38	27.37	28.58	1.87
sz000791	-6290	-2098	-2202	0	-79.15	64138	7.81	7.83	7.71	7.87	0.26
sz000883	10658	14034	5705	0	-385.87	141787	4.70	4.75	4.68	4.78	1.28
sz000881	-4130	-1000	0	0	-409.72	24521	12.18	12.30	12.10	12.42	1.15
sz000887	-2692	-1037	0	0	310.47	52550	17.58	17.48	17.12	17.60	-0.63
sz000060	9670	38818	19273	0	8643.30	795483	11.31	11.64	11.21	11.64	2.92
sh601019	-7050	-1622	0	0	-551.35	140024	12.29	12.48	12.12	12.56	0.97
sz000062	1166	0	0	0	71.58	26152	22.87	23.28	22.70	23.63	1.79
sh601636	26215	86116	75265	0	-1271.32	908256	6.94	7.35	6.85	7.47	4.85
sz000089	-16057	-11059	-8687	0	-805.91	131586	8.75	8.82	8.69	8.86	0.23
sh601633	1946	608	0	0	2513.79	72482	12.05	12.18	12.03	12.27	1.00
sh600727	-3652	0	0	0	-72.99	40051	7.86	7.95	7.73	7.98	0.63
sz300070	-6468	9209	9861	0	-2616.99	234890	16.42	16.63	16.29	16.66	1.77
sz000333	-3022	-900	-13958	0	17792.20	458501	58.58	61.43	58.58	61.54	5.60
sh600873	-30478	-10456	-3049	0	-630.18	138721	5.29	5.31	5.27	5.35	0.00
sh601137	-2058	0	0	0	-41.55	21715	11.31	11.42	11.23	11.46	0.97
sz002140	-2722	-1215	0	0	-132.78	15045	10.82	10.94	10.77	10.95	0.92
sz002385	21423	23466	14997	0	-71.40	189427	6.49	6.56	6.47	6.59	1.39
sz002491	-1331	1411	0	0	943.66	64588	11.93	12.03	11.65	12.23	0.33
sz002499	-2765	0	0	0	-225.23	10278	19.66	19.75	19.59	20.12	-0.80
sz300509	0	0	0	0	11.88	4402	25.30	25.27	24.30	25.36	0.48
sz300505	-691	0	0	0	-454.15	13690	31.83	31.36	30.60	31.83	-1.85
sh600867	-1397	1768	0	0	-103.23	76082	24.60	25.11	24.50	25.22	1.54
sz300446	-208	0	0	0	-20.26	9037	21.15	21.55	20.83	21.70	1.70
sz300447	301	0	0	0	165.97	9873	17.45	17.59	17.20	17.85	1.09
sh603260	-3095	0	0	0	-3672.56	76880	60.30	59.34	57.56	60.50	-2.83
sh603266	0	0	0	0	-137.30	4107	25.78	25.95	25.51	26.28	0.00
sz300443	-939	0	0	0	-67.80	13122	16.10	16.27	15.01	16.32	0.43
sh603269	-1213	0	0	0	392.97	36352	25.43	25.54	23.88	26.04	-1.96
sh603060	54	0	0	0	-88.80	8170	22.22	22.39	22.10	22.43	-0.27
sz002014	-230	0	0	0	-105.69	7289	11.62	11.59	11.45	11.63	0.00
sh603063	-863	0	0	0	-409.18	16996	18.16	18.03	17.78	18.16	-1.31
sz002019	-4656	-1653	0	0	-211.08	106270	20.80	20.96	20.32	20.97	0.58
sh600260	-5430	0	0	0	-2062.66	43008	29.80	29.97	29.00	30.25	-0.83
sh600269	-5284	3180	1684	0	684.37	150326	5.32	5.34	5.28	5.35	0.38
sh603286	372	0	0	0	93.04	5994	43.00	43.43	42.55	43.50	0.74
sz002271	288	0	0	0	-2296.17	57953	38.84	40.05	38.68	40.13	2.32
sh603605	-2950	0	0	0	-1233.78	68572	29.05	29.08	28.75	30.29	-0.82
sh603602	-298	0	0	0	-490.25	14618	45.61	46.77	45.61	47.70	-2.05
sh600004	-4398	283	0	0	-637.19	130564	15.77	15.96	15.52	16.00	1.27
sz002588	-7973	-3352	-3352	0	-1186.56	63141	6.88	6.87	6.77	6.89	-0.15
sh603110	-2005	0	0	0	-677.67	41764	27.96	26.43	25.63	28.00	-7.07
sh600649	283	1427	0	0	335.57	59929	9.09	9.15	9.07	9.15	0.33
sh600648	-396	0	0	0	347.74	17562	18.75	18.91	18.72	18.99	0.59
sh600132	-1033	0	0	0	-201.43	32321	22.50	22.88	21.90	22.97	2.79
sh600642	23349	15025	13222	0	2714.23	306654	5.96	6.06	5.96	6.10	1.68
sz002908	-7447	1485	0	0	-4398.75	97301	34.20	32.68	32.68	34.34	-10.00
sz002909	-451	1019	0	0	-312.27	53493	22.94	22.12	21.33	23.20	-5.79
sh600487	-35462	-8002	-1079	0	-15232.00	284159	40.59	40.72	39.55	40.88	-0.02
sz002906	-7981	-1338	0	0	-2156.90	75893	24.06	22.92	22.30	24.07	-5.68
sz002242	-2461	-1658	0	0	288.45	41425	17.88	18.30	17.83	18.36	1.84
sh600208	-87197	-20903	5066	0	-2035.80	1037015	5.47	5.42	5.35	5.52	-0.55
sz002561	-905	0	0	0	19.31	14398	11.83	11.92	11.73	11.93	0.76
sz300042	482	0	0	0	12.31	8209	31.21	31.49	31.15	31.63	0.10
sz300046	-2807	0	0	0	-278.21	39943	19.08	19.70	18.83	19.84	1.91
sh600015	-162545	-62270	-56650	0	-11538.00	683511	9.76	9.67	9.62	9.88	-1.63
sh600012	-448	0	0	0	-45.53	16574	11.07	11.05	10.90	11.10	0.09
sz300197	-1005	386	315	0	-138.57	165066	11.12	11.24	10.90	11.26	1.63
sz300190	-1456	0	0	0	176.49	24557	11.34	11.53	11.25	11.62	1.41
sz300222	1043	-132	0	0	-1367.12	145315	19.84	20.89	19.61	21.95	4.61
sz300227	-824	0	0	0	-191.15	19169	21.80	21.92	21.45	22.20	0.55
sz002315	6515	4022	5312	0	3881.32	63045	21.50	23.84	21.34	23.84	10.01
sz002310	-6118	4347	2132	0	9903.45	244867	18.95	19.21	18.79	19.28	2.45
sz002313	-2378	-1005	0	0	781.76	48743	30.14	30.25	29.00	30.45	-0.07
sz300536	-6226	-2160	0	0	-564.71	72198	16.54	16.08	15.61	16.54	-5.96
sz300537	-905	0	0	0	-76.88	10188	15.20	15.46	15.01	15.46	1.71
sz300532	-520	0	0	0	-39.39	15553	23.63	24.03	22.96	24.47	1.31
sz002009	3533	0	0	0	-101.70	36490	15.70	16.16	15.50	16.16	2.93
sz002008	19567	13652	4965	0	9081.80	255904	52.00	54.05	51.38	54.20	3.70
sz002001	-5898	103	2845	0	-1024.60	179409	42.27	43.60	41.97	44.13	3.83
sh603278	-2918	0	0	0	-920.81	45972	23.70	23.38	23.00	23.95	-2.01
sh603076	-363	0	0	0	-120.03	24997	39.10	37.23	36.85	39.90	-3.72
sh603299	-5160	-1230	0	0	-289.81	108002	11.00	11.23	10.85	11.36	0.45
sz002050	-44256	-21702	-17247	0	4924.10	268016	19.72	20.22	19.47	20.35	2.54
sz002468	-1521	-1021	0	0	145.40	16328	24.21	24.30	23.88	24.40	-0.08
sz002464	676	0	0	0	139.03	13225	31.39	30.80	30.38	31.39	-0.29
sz002864	-2346	0	0	0	-357.80	50008	33.15	31.38	30.76	33.25	-7.65
sz002862	0	0	0	0	-93.97	3106	27.21	27.15	26.76	27.50	-0.91
sz002861	0	0	0	0	-412.40	9716	26.30	25.88	25.40	26.30	-1.56
sz002869	677	0	0	0	38.53	17221	31.27	31.57	31.05	32.09	-2.17
sh603100	659	0	0	0	273.34	17269	10.06	10.19	9.92	10.20	1.29
sh603106	-10763	200	161	0	-2585.32	152871	25.95	25.04	24.71	26.82	-8.68
sh600106	-12449	-2516	0	0	-105.38	42769	4.52	4.55	4.50	4.57	0.00
sz002910	-9919	-2251	-2251	0	-1812.84	101493	24.05	23.40	22.28	24.30	-5.49
sh600033	13625	11618	5602	0	-320.97	203349	3.75	3.81	3.74	3.81	1.87
sh600030	-167669	-109024	-110643	0	-22001.00	1809997	21.10	21.20	20.94	21.44	-0.42
sh600031	-177959	-142345	-120639	0	-13546.60	1043113	9.40	9.45	9.23	9.49	-0.32
sh600743	-47372	-26634	-21242	0	-1265.49	176288	4.06	4.04	4.01	4.08	-0.49
sz000423	3816	1034	1861	0	11100.60	141471	66.18	67.86	66.18	68.26	3.29
sz300180	682	1180	0	0	-226.06	7819	24.28	24.31	24.11	24.47	0.12
sz300237	0	0	0	0	-122.39	8057	15.53	15.84	15.51	15.89	1.93
sz300231	-2047	-1397	0	0	1044.45	151238	10.31	10.76	10.15	10.90	2.09
sz300230	-1514	0	0	0	-196.41	27873	11.96	12.18	11.90	12.34	1.33
sz300233	-936	0	0	0	-22.49	18044	17.11	17.05	16.76	17.20	-0.35
sz002126	-494	1000	0	0	1140.12	45751	9.20	9.25	9.11	9.41	0.22
sz002675	-2042	0	0	0	-3.35	27533	10.31	10.37	10.14	10.43	0.68
sh603331	-253	0	0	0	-17.10	8836	19.73	19.53	19.25	19.73	-1.21
sh600482	54	0	0	0	-295.08	28607	24.03	24.11	23.80	24.25	0.04
sh603488	4	0	0	0	-155.25	29543	19.38	19.99	19.03	20.18	2.88
sz300428	-2062	0	0	0	-308.56	22379	18.27	18.55	17.70	18.76	0.49
sh600803	-5743	-3099	0	0	453.66	106919	13.97	14.24	13.81	14.34	1.21
sz002581	-1633	0	0	0	-465.01	16826	18.18	18.27	17.96	18.39	0.22
sz002078	-3899	-4580	-4998	0	2132.09	239883	11.20	11.48	11.02	11.48	1.86
sh603042	0	0	0	0	-309.04	16375	26.38	26.78	25.97	27.13	0.04
sh603041	0	0	0	0	-156.15	8918	22.22	21.97	21.50	22.22	-2.05
sh603599	7	0	0	0	-387.34	22890	18.19	18.63	18.06	18.69	2.03
sh603912	-6979	0	0	0	-2682.12	94394	29.00	27.67	27.32	29.00	-5.66
sh600933	-12661	-2302	0	0	-1416.92	122055	16.56	16.31	15.90	16.65	-2.45
sz002294	-4101	-77	0	0	-1519.83	76474	40.50	41.51	39.91	41.59	2.49
sz002295	-1386	0	0	0	-342.96	9188	11.68	11.67	11.59	11.72	-0.26
sz002100	1037	0	0	0	196.53	16682	8.23	8.34	8.22	8.34	1.09
sz002456	-14358	0	-9157	0	5652.00	488623	18.55	19.00	17.94	19.26	1.55
sz002454	-1908	0	0	0	-113.50	20459	12.03	12.05	11.83	12.13	0.17
sz002450	-20710	2543	1552	0	-6844.58	287633	20.97	20.95	20.63	21.06	0.10
sz002852	0	0	0	0	-206.42	8857	32.60	32.53	31.94	32.72	-0.73
sz002853	-5722	-2735	-2575	0	-1725.01	78147	37.20	37.05	36.20	38.17	-4.26
sz002856	6544	6690	7862	0	9580.12	107416	54.00	55.05	52.11	55.88	3.07
sh601992	-76506	-40870	-37123	0	-3724.05	530688	5.93	5.88	5.81	5.94	-0.84
sh603826	-3079	0	0	0	-268.21	66555	15.52	15.92	15.50	16.32	1.21
sz002120	-2030	0	0	0	-1427.41	16844	43.17	43.28	43.10	44.16	-0.16
sh600115	17136	36174	26359	0	1150.60	1052109	7.97	8.02	7.92	8.10	2.04
sh600114	-3067	0	0	0	534.11	53858	15.26	15.14	14.90	15.26	-0.72
sz000988	-6031	-63	0	0	687.08	94276	15.75	15.82	15.40	15.97	0.89
sh600029	2444	-1296	-36667	0	-20386.30	2509329	10.60	10.66	10.57	10.93	0.76
sz000635	-5655	-1010	0	0	69.96	40535	15.25	14.90	14.45	15.26	-4.43
sh600026	9424	11992	8306	0	801.07	121873	6.25	6.30	6.23	6.32	0.96
sz000631	-23583	-2074	-2783	0	-632.21	156711	4.59	4.66	4.52	4.66	1.08
sh601377	-53897	-14533	-11265	0	-1305.30	490458	7.81	7.84	7.76	7.93	-0.13
sh600755	-60645	-15342	-13115	0	-1623.21	492519	10.94	10.99	10.86	11.07	0.27
sh600750	-1478	0	0	0	177.58	36385	26.50	26.92	26.40	26.95	1.78
sz002778	1110	0	0	0	967.02	16194	24.49	25.63	24.27	25.74	3.81
sh603567	342	0	0	0	31.14	12175	14.37	14.50	14.27	14.52	1.68
sz002677	-1155	0	0	0	418.20	32156	16.74	16.78	16.68	17.05	0.30
sz300527	-381	0	0	0	127.87	9227	23.03	23.28	22.50	23.59	0.69
sz000338	-59855	-20859	-36486	0	1684.80	815042	8.96	9.10	8.84	9.12	1.22
sh600170	-33540	-11934	3914	0	-650.49	295250	3.86	3.87	3.84	3.87	0.52
sz000685	1537	1055	0	0	623.76	57024	10.56	10.60	10.51	10.61	0.47
sz002661	-1582	-1135	0	0	-204.71	11735	14.10	14.00	13.98	14.15	-0.92
sz300550	0	0	0	0	-15.30	2936	30.70	31.01	30.38	31.22	0.68
sh603555	-18083	-16485	-14191	0	-903.32	105740	22.50	20.06	19.66	22.80	-3.93
sh603708	-31	0	0	0	100.15	59132	20.78	21.83	20.51	21.86	5.10
sz002597	4894	7758	4409	0	3403.04	208083	27.61	28.50	27.25	28.85	5.71
sz002595	380	0	0	0	-20.12	6116	18.09	18.26	17.91	18.29	1.05
sz300432	-141	0	0	0	-294.99	24477	18.14	18.13	17.57	18.33	-0.28
sz300430	-202	0	0	0	-193.83	11201	18.51	18.36	17.97	18.63	-1.45
sh603586	-880	0	0	0	-189.43	10476	24.43	24.21	23.78	24.43	-0.49
sh603906	-422	0	0	0	-141.81	13190	16.00	15.76	15.58	16.04	-1.13
sz300722	-2697	327	0	0	-5400.02	74957	39.51	36.72	36.72	39.65	-10.00
sz300720	-576	0	0	0	284.33	31455	32.70	30.61	29.33	32.85	-5.96
sh603637	-521	0	0	0	129.28	14563	26.50	26.63	26.28	27.20	-0.30
sz002116	-928	0	0	0	-104.60	11677	10.13	10.23	10.13	10.24	0.59
sz002449	1076	2464	0	0	572.01	87058	15.70	16.27	15.53	16.46	3.04
sh600340	-21260	-202	-1507	0	-5487.40	368483	41.44	41.95	41.43	42.91	0.82
sh601985	-69579	-44724	-49969	0	-3310.63	324922	7.55	7.52	7.48	7.59	-0.40
sh601988	-548210	-336462	-173659	0	14929.20	5073148	4.37	4.40	4.35	4.52	0.00
sh603129	-922	0	0	0	-550.84	17043	27.10	26.43	25.80	27.10	-3.61
sh600230	-2619	0	0	0	-211.13	66118	47.20	47.59	46.18	47.67	1.38
sh600233	715	0	0	0	-38.97	17473	16.70	16.71	16.46	16.74	0.18
sh600697	46	0	0	0	498.93	21856	25.75	25.69	25.57	25.92	-0.12
sh600160	-3679	2366	-3504	0	1662.17	217672	10.75	11.10	10.69	11.14	2.21
sh601188	-1959	-1306	0	0	-192.43	20501	4.16	4.18	4.12	4.18	0.48
sh600168	-5356	0	0	0	-69.87	20075	8.39	8.41	8.32	8.43	0.12
sh600580	-10363	124	0	0	-890.61	111467	8.72	8.72	8.66	8.80	0.35
sh600581	7922	32470	17232	0	710.18	502145	14.10	14.59	14.10	14.68	4.14
sz000999	1191	-1212	0	0	1281.59	66966	26.69	27.37	26.58	27.43	2.59
sz000626	-1101	0	0	0	161.69	26186	12.32	12.44	12.04	12.66	0.48
sz000625	-3155	5154	3337	0	830.59	249529	13.23	13.35	13.19	13.44	0.83
sz000623	-11301	-1629	0	0	-2762.03	135554	23.24	23.31	23.05	23.32	0.34
sz000990	-1863	0	0	0	-11.37	26780	16.50	16.54	16.38	16.59	0.18
sh600768	-1516	0	0	0	-194.51	9690	13.60	13.54	13.33	13.62	-0.51
sh600761	-2821	0	0	0	87.57	43115	10.41	10.52	10.31	10.58	1.06
sh600569	20164	43612	16109	0	257.66	1090659	5.28	5.35	5.23	5.44	2.88
sz300338	-947	0	0	0	75.30	16323	20.21	20.49	19.77	20.49	0.10
sh600562	-1129	0	0	0	547.32	31071	20.42	20.65	19.97	20.75	1.13
sh600563	-1989	0	0	0	82.49	29169	47.50	46.20	45.85	47.50	-2.78
sh600565	9740	16730	10680	0	-142.52	234985	4.43	4.48	4.38	4.52	2.28
sz001979	-36058	-17847	-14433	0	6758.80	470686	23.97	24.40	23.95	24.85	1.84
sh601965	-296	0	0	0	-127.37	26696	8.28	8.43	8.23	8.46	0.96
sh601567	2851	0	0	0	-91.48	20789	9.34	9.41	9.33	9.43	0.32
sz002617	-3945	-1730	0	0	-426.23	43059	15.61	15.85	15.54	15.85	1.28
sz002612	-845	0	0	0	-269.65	15578	12.14	12.11	11.89	12.21	-0.25
sz300549	0	0	0	0	-49.51	16955	20.59	21.23	20.25	21.31	4.32
sz300548	0	0	0	0	-366.51	9079	43.77	43.33	41.50	43.77	-1.37
sh600823	-46197	-26877	-10744	0	-3453.80	534338	5.91	5.94	5.82	5.95	0.85
sz300409	-1433	0	0	0	-3109.21	40730	51.00	50.05	49.88	51.77	0.10
sh600828	1111	1576	0	0	140.47	33480	6.27	6.34	6.25	6.38	1.12
sz002726	-3860	0	0	0	37.04	35123	10.84	10.76	10.63	10.84	-1.10
sz002727	-8995	-2847	4237	0	-1169.94	145246	19.75	21.50	19.72	21.91	7.93
sz002627	-200	0	0	0	53.50	5464	18.27	18.33	18.08	18.35	0.49
sz002626	-874	0	0	0	67.37	40501	19.53	20.01	19.51	20.18	1.83
sh601818	42724	81377	74607	0	5238.30	4562040	4.46	4.48	4.43	4.59	0.90
sh603933	0	0	0	0	18.53	9655	49.01	49.55	48.01	49.95	0.32
sh600917	-2083	-1483	0	0	-161.05	86461	9.80	9.89	9.61	9.91	0.51
sz300717	-571	0	0	0	-174.57	19824	37.22	36.46	35.70	37.60	-4.13
sz300715	-355	0	0	0	149.54	16538	35.30	34.27	33.55	35.80	-3.14
sz300712	-63	-1034	0	0	27.12	63028	26.55	26.74	25.60	27.49	3.68
sz300710	-1115	0	0	0	111.92	25505	43.72	42.50	40.68	43.80	-3.63
sz002434	-529	-1434	0	0	-46.14	61558	9.79	9.95	9.66	9.99	1.53
sz002435	-608	0	0	0	-122.78	7958	18.02	17.95	17.77	18.09	-0.77
sz002123	1543	4003	3003	0	664.30	54988	9.96	10.09	9.85	10.17	1.00
sh603339	-1148	0	0	0	-256.25	13515	22.95	23.13	22.70	23.27	0.87
sz002128	3756	-606	-6278	0	2695.93	300226	10.93	11.30	10.93	11.32	3.76
sh600352	-28818	8217	20728	0	-5788.50	803384	12.79	12.89	12.76	13.12	0.08
sh600350	-18991	-880	-5863	0	-1300.27	195790	6.37	6.39	6.33	6.44	0.79
sh603803	-549	0	0	0	-53.47	12752	18.37	18.20	17.83	18.37	-0.27
sz002108	-7432	-177	2039	0	-831.39	82969	11.27	11.24	11.05	11.29	0.27
sh603218	-476	0	0	0	-374.33	14398	22.71	22.97	22.62	23.10	1.01
sh603157	-1913	0	0	0	-682.26	55666	18.08	18.63	17.76	18.66	1.31
sh600229	190	1251	0	0	-61.81	32965	7.55	7.77	7.54	7.78	2.64
sz002543	-1919	-1315	0	0	-1466.22	30479	21.30	22.03	21.29	22.19	3.04
sh600177	-20631	-7265	-2000	0	-1250.03	154663	9.89	9.89	9.83	9.93	-0.20
sh600171	-24587	-9224	-4342	0	-377.96	267441	13.70	13.91	13.36	14.08	0.94
sh600179	4239	5025	7088	0	-156.87	46691	26.37	26.14	25.91	26.41	-1.28
sh601888	-7954	2724	0	0	2875.70	126949	48.36	49.13	48.17	50.67	2.01
sz000612	-3460	-1790	0	0	-391.54	42899	8.41	8.58	8.38	8.58	1.78
sh600594	-1316	1233	0	0	277.35	89095	10.22	10.39	10.16	10.43	1.37
sh600597	-3020	-2293	0	0	983.06	176000	15.52	15.79	15.37	15.80	2.20
sh600593	-1289	0	0	0	-0.82	19082	29.63	30.23	29.51	30.46	1.92
sz000968	-1413	-1013	0	0	542.22	39445	13.99	14.34	13.81	14.50	2.58
sh600598	-46019	-7828	7150	0	-2312.62	345330	11.59	11.74	11.46	11.85	0.86
sh601311	-2470	1000	0	0	-1058.36	50982	12.78	12.86	12.65	12.86	0.16
sh601088	-39618	1521	4547	0	-370.60	537294	24.25	24.44	24.12	24.75	1.16
sh601952	-11784	-1000	0	0	-1482.21	90910	12.95	13.02	12.81	13.08	0.15
sh600684	-23760	-3325	-2068	0	-1452.43	139717	6.57	6.59	6.52	6.64	0.30
sh601225	-124763	-48841	-39286	0	2160.00	1141969	9.30	9.35	9.25	9.49	1.41
sh601799	-305	0	0	0	23.03	14823	45.82	47.52	45.82	48.18	2.97
sz000811	-14182	-7251	-2000	0	-675.60	53502	8.00	8.02	7.92	8.05	0.25
sz000813	-14507	-7731	-2000	0	-955.05	60092	8.65	8.70	8.41	8.78	-1.14
sz000546	8035	3933	0	0	-2135.09	79699	14.44	15.82	14.44	15.94	8.43
sz300393	-507	0	0	0	-164.17	11965	37.81	37.09	37.08	38.10	-1.51
sz300396	-465	0	0	0	-476.76	10816	42.75	41.95	41.26	42.92	-1.78
sz300395	-710	0	0	0	-175.54	18143	15.00	14.93	14.55	15.17	-0.47
sz000541	-7811	3137	-365	0	-298.42	109835	9.46	9.50	9.42	9.55	0.32
sz002653	-1463	0	0	0	-126.58	7233	11.20	11.16	11.05	11.22	0.00
sz300572	0	0	0	0	112.78	1908	60.58	63.01	60.28	63.21	2.59
sz300570	-2189	0	0	0	204.33	33328	19.51	19.88	18.97	20.02	1.64
sh600985	-1955	1112	0	0	507.32	76759	15.60	15.37	15.06	16.06	-2.23
sz300501	-210	0	0	0	-71.22	5363	35.50	35.95	35.15	36.20	1.27
sz002732	-1048	0	0	0	53.27	14765	28.33	28.95	28.16	28.98	2.12
sz002731	-1235	0	0	0	-71.69	7314	17.64	17.67	17.37	17.80	0.45
sz002043	-2605	832	0	0	-140.50	90861	11.49	11.58	11.31	11.62	0.87
sh603033	76	0	0	0	-236.71	5956	17.78	17.79	17.51	17.79	0.00
sz300705	-1603	0	0	0	-1118.11	32356	28.01	27.31	26.80	28.50	-5.01
sz002138	-14111	-1973	0	0	452.79	101059	15.59	15.50	15.12	15.61	-0.90
sh603321	-17161	-1026	0	0	-1033.10	106567	12.96	12.53	12.05	12.96	-5.65
sh603326	-763	0	0	0	-26.34	11916	19.45	19.30	19.01	19.45	-1.53
sh603499	-1705	0	0	0	-639.21	28313	25.14	24.16	23.52	25.14	-5.25
sh603328	-3294	0	0	0	-1477.15	42492	13.50	13.66	13.30	13.75	0.96
sh600366	-43179	-25211	-24853	0	-15667.05	303593	19.00	18.07	17.95	19.00	-3.37
sh600367	-2467	0	0	0	-377.27	38619	10.39	10.49	10.18	10.50	1.06
sz002080	1202	1500	0	0	2204.41	59300	23.70	23.98	23.15	24.04	1.78
sh603816	-603	0	0	0	-312.92	10321	61.72	62.42	61.01	63.10	1.27
sh603813	-312	0	0	0	-315.44	26190	31.15	29.96	28.51	31.16	-5.43
sh603928	-505	0	0	0	-191.27	12722	15.15	15.23	15.00	15.49	0.07
sh603922	-1906	0	0	0	-1466.67	35814	29.15	28.37	27.98	29.49	-5.81
sz002555	803	0	0	0	1312.38	71784	18.80	18.99	18.42	19.21	1.12
sz000605	-143	0	0	0	-113.27	21402	17.94	18.11	17.70	18.27	0.84
sz000609	3502	-1000	0	0	79.38	21877	11.06	11.22	11.02	11.28	1.45
sz000608	-28399	-15580	-7717	0	900.75	72677	6.67	7.02	6.63	7.02	10.03
sh600783	-1882	0	0	0	-515.81	34054	13.68	13.77	13.51	13.85	-0.43
sh600787	-28201	820	581	0	-884.65	312719	11.57	11.81	11.40	11.92	1.64
sh600549	-177	6841	0	0	4868.66	238222	24.57	25.50	24.54	25.53	4.12
sz002735	-889	-1189	0	0	35.81	10563	32.05	33.36	32.01	34.10	3.60
sh601098	6724	193	0	0	697.48	100731	14.19	14.38	14.00	14.55	1.34
sz000779	2972	0	0	0	405.49	21645	13.68	14.20	13.43	14.26	3.27
sz000639	-952	0	0	0	-1753.55	24803	18.32	18.25	18.10	18.39	-0.22
sh600180	-23222	-17161	-16094	0	3383.31	87107	10.25	11.37	10.21	11.37	9.96
sh601233	-5528	4079	-2195	0	-298.53	204631	26.49	27.28	26.07	27.31	3.22
sz000151	-2332	0	0	0	-315.02	24109	12.65	12.68	12.38	12.69	0.71
sz000983	-31803	-14143	-20361	0	1310.63	494159	10.12	10.42	10.12	10.43	2.96
sh600020	2437	6816	-3626	0	-49.22	193174	5.16	5.21	5.15	5.22	1.36
sz000559	-4772	1310	2013	0	-543.26	96411	9.85	9.97	9.70	10.06	0.91
sz000553	8663	4062	2090	0	672.68	128200	17.24	17.90	17.24	17.96	3.35
sz300384	-200	0	0	0	-231.24	11753	25.88	26.46	25.38	26.48	2.24
sz300388	511	0	0	0	-140.07	35176	21.62	22.33	21.50	22.46	2.62
sz300146	15062	13992	4323	0	1733.18	375789	16.03	16.90	16.03	16.95	5.49
sz002636	-3417	-1256	0	0	850.53	31626	14.89	15.18	14.80	15.18	1.81
sz002635	-19425	-7407	-5969	0	324.10	184318	23.05	23.15	22.51	23.58	0.83
sz300560	-243	0	0	0	70.31	11985	31.45	31.98	30.80	32.29	0.57
sz300360	-914	0	0	0	195.38	23877	10.42	10.60	10.32	10.65	1.34
sz300365	-2066	0	0	0	-709.28	36885	34.78	34.95	33.87	35.47	-0.26
sh603007	-743	0	0	0	111.92	20285	12.40	12.65	12.21	12.68	1.36
sz002094	7298	3391	0	0	1218.34	64639	18.64	19.17	18.64	19.28	2.35
sz002090	-943	0	0	0	-1014.90	12603	21.95	21.61	21.45	21.96	-1.68
sh600979	53	1032	0	0	6.27	20677	5.20	5.22	5.17	5.22	0.58
sh600978	8308	1334	0	0	2362.74	138612	9.04	9.20	8.94	9.22	1.66
sh600977	29570	31641	16161	0	10398.83	287179	15.26	16.14	15.16	16.28	5.77
sh600971	-2858	3881	-616	0	1248.50	248360	10.74	10.95	10.73	11.02	2.91
sh600970	-18625	-8124	-2002	0	-1391.71	163487	9.84	9.88	9.64	9.90	0.51
sz002144	0	0	0	0	43.93	5668	13.98	14.04	13.75	14.08	0.79
sz002146	-102683	-22608	-8277	0	20475.20	933115	12.33	12.66	12.11	12.83	2.34
sz002416	2406	1406	0	0	150.85	71484	9.12	9.35	8.98	9.42	2.97
sh603316	-1543	0	0	0	-102.44	14885	14.44	14.18	13.98	14.45	-1.73
sh603313	-722	0	0	0	-60.68	9746	25.85	25.64	25.31	25.85	-0.85
sh603311	-290	0	0	0	-127.10	7275	15.70	15.67	15.45	15.87	-0.38
sz002381	-1574	0	0	0	110.40	22352	7.67	7.76	7.61	7.77	1.17
sh603319	-149	0	0	0	-413.42	8931	29.22	29.42	28.86	29.59	-1.87
sz002896	-403	0	0	0	-1444.20	13810	38.60	37.69	36.70	38.60	-2.89
sz002890	0	0	0	0	-14.10	5789	32.90	32.98	31.98	33.63	-0.78
sz002898	-1648	0	0	0	-506.06	43254	22.80	21.24	20.80	22.80	-7.73
sh603178	200	0	0	0	89.26	13861	14.81	15.15	14.62	15.16	2.02
sh603959	486	0	0	0	512.84	15086	30.41	31.30	30.05	31.49	2.42
sh603955	0	0	0	0	-302.36	8472	39.95	39.85	38.99	40.23	-0.38
sz002562	-2185	0	0	0	1002.55	50751	16.33	16.62	16.33	16.67	1.34
sh603776	-362	0	0	0	-994.05	18443	59.25	57.53	55.95	59.25	-3.72
sh601158	126	-2636	2010	0	-499.43	46192	6.50	6.53	6.46	6.54	0.62
sz002479	-9936	-3376	-2586	0	-774.35	82354	10.21	10.25	10.15	10.26	0.39
sz300576	0	0	0	0	-54.48	7700	16.99	16.83	16.42	17.10	-0.94
sz300577	-604	0	0	0	-844.17	5657	65.95	66.00	65.63	67.75	-1.37
sh600377	-139	2150	0	0	159.95	60620	10.12	10.19	10.10	10.29	0.99
sh600793	-29	0	0	0	287.39	20216	25.29	26.10	25.29	26.60	2.72
sz000011	-2847	0	0	0	-522.39	41405	17.72	17.84	17.53	17.92	0.00
sh600790	-4082	1339	0	0	202.52	39678	6.00	6.05	5.95	6.06	0.83
sz000018	5079	5583	3100	0	181.10	63198	6.19	6.23	6.14	6.24	0.32
sz000498	-9056	-1615	0	0	-285.88	50653	6.90	6.89	6.82	6.92	-0.58
sz002475	-5845	18300	10416	0	-10335.50	416136	23.00	23.00	22.28	23.57	-0.65
sz000708	-5524	0	0	0	-868.49	58063	11.72	11.86	11.65	11.95	1.11
sh601200	-1147	0	0	0	429.80	41316	23.53	23.76	23.35	23.87	1.41
sh601339	-432	0	0	0	-23.21	17764	5.25	5.28	5.22	5.28	0.19
sh600419	0	0	0	0	-103.21	6911	43.60	44.38	43.20	44.81	2.80
sz300170	28353	13259	3159	0	8162.14	307355	11.68	12.67	11.62	12.83	6.92
sz300178	801	0	0	0	828.21	44703	13.16	13.58	13.03	13.68	3.19
sz002877	-522	0	0	0	-260.02	14190	22.96	22.53	22.13	22.96	-1.83
sh600393	-797	-3393	-2513	0	-410.45	120627	6.72	6.81	6.66	6.88	0.74
sz300284	-2748	1580	0	0	-787.43	47756	15.70	16.15	15.50	16.34	1.38
sz300286	700	0	0	0	237.69	10081	17.25	17.55	17.00	17.75	1.68
sz002873	0	0	0	0	-204.25	9631	43.40	43.30	42.61	44.30	-1.43
sz300357	0	0	0	0	555.53	8920	47.70	49.02	47.60	49.05	2.32
sz000951	-3640	1330	0	0	522.27	43387	17.14	17.20	16.90	17.25	0.35
sh603010	0	0	0	0	298.55	10911	25.50	25.95	25.17	25.96	1.68
sh603018	-233	0	0	0	-470.82	9647	26.96	26.91	26.79	27.18	-0.07
sz002081	-14777	-7128	-11248	0	5224.72	251787	15.31	15.72	14.99	15.77	2.61
sz002045	-20806	-3137	-2700	0	-2729.08	94467	18.50	18.37	18.05	18.78	0.05
sz002083	-13104	-2064	0	0	-684.20	48376	6.68	6.73	6.67	6.76	0.45
sz002088	-559	1020	0	0	-945.59	38450	13.92	14.07	13.88	14.22	1.01
sz002883	-619	0	0	0	-574.75	27339	54.00	55.02	53.38	56.77	0.22
sz002736	-98034	-38470	-23091	0	-5352.00	550736	13.50	13.40	13.16	13.58	-2.26
sh603303	-873	0	0	0	95.93	25906	13.81	14.07	13.60	14.15	1.88
sh603306	0	0	0	0	0.51	4322	27.59	27.73	27.59	28.07	0.22
sz002394	-3202	0	0	0	-76.97	21723	12.39	12.43	12.35	12.47	0.08
sh600895	-7607	-1176	0	0	-1416.91	39825	14.87	14.77	14.70	15.00	-0.81
sz002572	-7235	-1735	0	0	-1272.67	79173	37.00	36.93	36.57	37.50	-0.22
sh603766	76263	74876	56010	0	7725.35	327394	7.06	7.51	7.00	7.57	6.52
sh600415	10606	15275	-1271	0	1628.50	191576	5.87	5.99	5.84	6.02	1.70
sh600641	-6437	-734	-2105	0	-639.20	69216	13.21	13.40	13.21	13.44	0.90
sh600098	5208	8501	8501	0	32.30	41674	7.10	7.15	7.06	7.15	0.85
sh600308	10588	25664	20857	0	2609.55	232860	6.83	7.11	6.81	7.12	3.49
sz002881	-486	0	0	0	-64.16	12713	27.43	27.71	26.50	27.95	0.00
sh600305	7425	1049	0	0	628.82	73343	11.50	11.65	11.31	11.66	1.22
sh600306	-4750	-2006	-2006	0	-243.28	27658	10.27	10.29	9.95	10.31	0.10
sz002886	0	0	0	0	-437.17	13597	33.80	33.20	31.50	33.89	-1.86
sh600521	-14224	-930	0	0	-3274.63	78752	27.67	27.54	27.26	27.94	-0.47
sh600529	-1015	0	0	0	647.26	24949	20.16	20.81	19.99	20.99	2.66
sz000719	768	0	0	0	-130.15	22431	9.17	9.32	9.16	9.35	1.64
sz000712	-12805	-2691	0	0	-2284.19	114079	16.69	16.81	16.42	16.90	-0.18
sh600638	-3666	0	0	0	-462.74	30397	15.92	15.81	15.72	16.20	-1.25
sh600630	-3357	0	0	0	-189.23	49330	10.50	10.55	10.35	10.63	0.19
sz000826	3217	6000	6000	0	-559.42	37559	31.46	31.50	31.30	31.65	0.38
sz300703	-753	0	0	0	-720.90	13771	33.00	31.90	31.32	33.00	-4.69
sz300294	-2068	0	0	0	-938.14	15136	31.58	31.75	31.58	32.20	-0.94
sz300581	-1857	-438	-2020	0	-1465.17	46910	33.00	34.45	32.50	35.30	6.89
sz300343	-10085	-1952	-5312	0	2900.98	154173	12.15	13.43	11.95	13.48	9.63
sz002422	-5013	-1052	0	0	-1264.89	71222	26.07	25.90	25.72	26.46	0.27
sz002788	0	0	0	0	-6.43	11932	29.06	29.39	28.33	29.65	1.21
sz002039	-7296	-1600	0	0	-614.39	30021	15.70	15.64	15.58	15.70	-0.45
sh600887	-47503	-7497	-4963	0	704.30	798765	33.63	34.99	33.60	35.03	4.11
sh600362	-19591	-5080	-2409	0	-4013.46	416377	19.40	19.79	19.30	19.81	1.38
sh603377	-401	0	0	0	-184.89	23576	39.75	39.99	39.60	40.28	0.55
sz002182	-904	-595	0	0	337.98	75413	8.63	8.73	8.53	8.73	1.51
sz002186	0	0	0	0	45.30	8543	18.23	18.29	18.06	18.35	0.22
sz002187	-176	0	0	0	-329.70	16368	10.40	10.48	10.32	10.48	0.77
sz300627	444	0	0	0	-15.24	13117	45.46	46.44	45.10	46.88	0.72
sz300622	0	0	0	0	-179.10	6016	24.80	24.77	24.01	24.80	-0.16
sz300620	0	0	0	0	-381.94	7260	35.39	35.70	34.64	35.96	-0.28
sh603198	-477	0	0	0	-197.75	33220	18.28	18.39	18.22	18.55	0.60
sh603970	-4169	0	0	0	-519.05	53124	30.00	28.29	27.51	30.01	-6.63
sh603979	-3447	-1000	0	0	-614.66	35051	10.91	10.99	10.90	11.10	0.00
sh603990	0	0	0	0	-44.34	2108	36.50	37.22	36.21	37.35	0.89
sz000928	-21083	-8370	-5283	0	-1006.46	156520	6.68	6.81	6.61	6.87	1.34
sz000921	9051	6691	7426	0	788.21	179983	15.30	15.87	15.14	15.89	3.19
sz000923	-2759	0	0	0	-635.86	37962	24.24	24.19	23.68	24.34	-0.45
sz000822	-18932	-4564	-2226	0	191.40	165764	9.42	9.58	9.39	9.60	1.16
sz000036	-22589	-8376	29	0	-1081.83	150236	9.80	9.92	9.78	9.96	0.81
sz000722	-2114	0	0	0	-278.41	18448	9.13	9.16	9.07	9.17	0.00
sz000723	-5446	-1295	5196	0	-365.19	160664	6.61	6.75	6.58	6.76	1.81
sz000726	-7740	0	0	0	-490.86	38632	11.18	11.17	11.11	11.23	-0.36
sz000728	-38297	-4551	-1669	0	-1159.82	329622	11.31	11.41	11.22	11.52	-0.09
sh600622	90	0	0	0	150.88	49273	17.07	17.09	16.80	17.43	-0.52
sz000582	-4606	-1670	0	0	-404.97	34795	10.09	10.05	9.89	10.13	-0.20
sh601688	-62314	-3726	6464	0	-9709.60	670422	20.70	20.59	20.32	20.88	-1.10
sz300113	10647	4080	731	0	3116.06	216391	17.47	18.55	17.47	18.86	5.04
sh601669	-47143	-19697	-12700	0	-977.33	224887	7.69	7.68	7.62	7.77	-0.26
sz300027	106206	103808	44229	0	6805.20	867811	9.05	9.63	9.01	9.73	5.82
sz300336	9574	9447	1094	0	458.75	223614	11.08	11.86	10.96	12.20	6.65
sh603569	0	0	0	0	21.50	4731	24.12	24.36	23.85	24.38	0.83
sz002817	2123	0	0	0	-324.77	13426	31.24	31.91	31.01	32.00	2.14
sz002776	0	0	0	0	-9.18	1932	19.35	19.51	19.21	19.55	0.67
sz002772	-915	0	0	0	-98.81	10882	10.63	10.67	10.53	10.71	0.38
sh603699	1018	0	0	0	466.64	16794	20.01	20.07	19.86	20.30	0.35
sz002172	-11596	-4964	-2202	0	-168.09	61447	6.17	6.16	6.12	6.27	0.16
sh603360	-247	0	0	0	-36.73	10548	22.78	22.58	22.15	22.80	-1.78
sz002375	-10124	3211	2010	0	-613.56	53264	7.81	7.80	7.70	7.84	-0.26
sz002191	-10549	-5010	0	0	-572.80	70488	9.07	9.02	8.84	9.09	-0.55
sz300637	0	0	0	0	-28.60	3943	19.72	19.77	19.30	19.96	-0.40
sz300636	0	0	0	0	-251.47	6580	31.31	30.92	30.16	31.49	-2.37
sh603960	0	0	0	0	6.44	4544	27.87	27.64	27.00	28.00	-2.47
sh603968	600	0	0	0	119.10	13055	18.90	19.19	18.84	19.34	1.48
sh600438	44977	42110	29524	0	392.61	497729	11.51	12.18	11.51	12.30	5.91
sh603980	-3522	0	0	0	-929.32	50202	21.69	21.55	21.41	21.80	-1.64
sz000937	-27516	-11115	3871	0	-409.45	225733	6.09	6.13	6.06	6.22	1.32
sz000933	49289	66997	33109	0	14091.70	1149082	9.76	10.45	9.72	10.45	6.20
sz000932	-96257	-61159	-62811	0	11539.70	789501	8.97	9.25	8.92	9.28	4.64
sh600326	-5886	2171	2033	0	-85.00	216322	10.01	10.16	9.98	10.30	1.60
sz002203	-686	0	0	0	397.77	33290	7.66	7.82	7.62	7.84	2.09
sh600329	-3320	-1130	0	0	-208.98	27931	14.99	15.22	14.87	15.25	1.74
sh600509	2895	1528	0	0	184.99	33177	6.75	6.80	6.68	6.80	0.89
sh600502	-6573	1196	0	0	-98.92	75357	7.01	7.04	6.93	7.04	0.43
sh600053	-200	0	0	0	-195.38	8263	24.18	24.16	23.90	24.42	-0.86
sh600507	-26839	4772	10052	0	-1836.43	557302	15.99	15.87	15.82	16.69	0.38
sh600057	-5736	-3668	0	0	-345.32	60701	8.30	8.25	8.12	8.30	0.49
sh600185	-12346	-8872	-5743	0	-217.64	127927	6.29	6.34	6.23	6.35	-0.16
sh600183	-20329	421	2160	0	-588.98	231024	17.10	16.77	16.38	17.10	-1.53
sz000732	-27089	-11684	-13477	0	7009.80	526595	37.22	38.50	35.29	39.27	1.48
sh600619	-2646	0	0	0	41.35	42851	10.91	11.22	10.85	11.25	1.45
sh600611	-11480	-4116	-11022	0	-887.24	90735	5.08	5.09	5.04	5.09	0.20
sz000598	-3916	6905	-624	0	311.35	114373	5.36	5.40	5.32	5.41	0.56
sz000591	8418	7050	7388	0	633.06	130112	5.63	5.70	5.60	5.74	1.42
sz000028	300	0	0	0	306.17	12708	62.15	63.67	61.80	64.63	2.23
sz000023	0	0	0	0	82.77	5844	19.70	20.23	19.50	20.28	0.90
sz300102	-18984	-2210	0	0	-417.24	166208	8.34	8.40	8.09	8.45	0.24
sh601678	-15834	4614	14688	0	420.90	255430	8.84	8.90	8.57	8.91	1.60
sh601588	-69591	-50197	-28103	0	-2079.03	155513	5.41	5.38	5.30	5.42	-1.10
sz300033	-28140	2214	1189	0	29303.40	249363	52.54	58.16	52.54	58.16	10.01
sz300039	13585	12597	11730	0	1541.97	158664	6.44	6.70	6.43	6.84	4.36
sz300327	-151	0	0	0	-264.12	27651	28.02	28.15	27.30	28.45	0.50
sz300326	2527	2000	0	0	219.26	46092	8.48	8.71	8.33	8.79	3.20
sz300723	-3837	0	0	0	-1355.97	75816	38.10	36.89	35.76	38.72	-5.63
sz002749	0	0	0	0	-140.85	3141	66.90	66.99	66.17	67.38	0.37
sz300252	-2373	-1333	0	0	13.49	33739	14.68	14.90	14.40	15.13	0.54
sz000776	-38060	-1446	153	0	-8773.10	520992	18.84	18.89	18.71	19.05	-0.47
sz002521	-24	0	0	0	-98.35	18334	9.47	9.53	9.42	9.54	0.21
sz002527	-860	0	0	0	149.87	31482	9.68	9.89	9.60	9.94	1.75
sh603421	-250	0	0	0	-309.64	8298	24.86	24.84	24.26	25.00	-0.84
sz002443	558	-501	-2015	0	-63.24	57608	9.03	9.18	9.03	9.20	1.44
sh600303	-4544	3065	0	0	-311.62	51601	9.28	9.34	9.26	9.36	0.65
sz002699	0	0	0	0	176.23	10412	17.20	17.51	17.20	17.64	1.21
sz002444	3215	523	0	0	1502.04	99498	12.78	13.06	12.65	13.15	2.67
sz300648	-400	0	0	0	100.30	3623	60.24	60.31	58.18	61.19	0.43
sz300640	0	0	0	0	-28.46	4133	24.98	25.00	24.01	25.15	-0.44
sz300484	-1262	0	0	0	-130.29	14888	19.63	20.19	19.40	20.19	2.23
sh603229	-723	0	0	0	-55.40	17886	17.16	16.83	16.60	17.16	-2.72
sh600379	3037	2000	2000	0	251.69	11810	11.00	11.33	11.00	11.44	1.16
sz000901	-1482	0	0	0	-622.35	35676	22.77	22.76	22.31	22.89	-0.18
sz000906	-1099	0	0	0	127.64	43596	7.74	7.86	7.56	7.87	1.95
sh603648	-23305	-4078	0	0	-5103.21	151739	23.05	22.41	22.15	23.07	-4.19
sh600998	-2339	0	0	0	38.85	22313	18.00	18.01	17.78	18.10	0.39
sh600515	4214	-1834	-2236	0	-4458.24	101895	11.96	11.16	11.16	12.27	-10.00
sh600510	-2125	0	0	0	-144.86	15909	7.00	7.00	6.92	7.01	0.00
sz002839	-28471	-9700	7765	0	-21187.40	987538	15.30	14.54	14.49	16.16	-1.02
sz002837	-671	0	0	0	-57.39	19886	18.50	18.41	18.02	18.55	0.33
sh601117	-52826	-29285	-15964	0	-1806.91	243906	7.50	7.47	7.35	7.52	-0.53
sh600422	-2901	-1540	0	0	415.24	51352	9.11	9.18	9.05	9.22	0.77
sh601800	-50071	-14599	-5035	0	-2438.22	245185	14.43	14.44	14.23	14.55	0.07
sz000055	-34535	-26178	-20409	0	2301.14	55326	6.90	6.90	6.90	6.90	10.05
sz300137	-3075	-1939	0	0	1075.57	114512	21.30	21.72	21.17	21.88	1.92
sz002042	-8146	0	0	0	319.57	48059	12.50	12.55	12.29	12.63	0.16
sz002643	1550	2075	0	0	177.49	62284	10.74	11.00	10.63	11.07	1.76
sz002237	-18307	-7197	-5394	0	-1082.24	81655	11.06	10.99	10.88	11.08	-1.08
sz002648	-17255	-2264	-2319	0	865.85	144331	19.23	19.09	18.40	19.26	-0.83
sz002759	-1166	0	0	0	249.29	29127	15.99	16.40	15.75	16.48	2.95
sz300654	-312	0	0	0	-184.81	7042	30.90	30.62	30.28	31.58	-2.17
sz300652	0	0	0	0	-19.86	6583	27.60	27.69	27.00	27.86	0.14
sz300650	-210	0	0	0	618.27	16256	38.68	39.98	37.60	40.36	3.55
sz300498	2137	-789	-2330	0	-3889.88	159385	26.03	26.84	25.98	26.98	3.39
sh600859	-3656	0	0	0	-1171.84	80316	22.33	22.80	21.78	22.83	2.70
sz002536	-2096	0	0	0	-105.92	24909	15.33	15.23	15.04	15.39	-0.39
sz002530	-240	0	0	0	-117.13	11767	23.28	23.35	22.90	23.58	0.30
sh603727	-216	0	0	0	-169.71	26280	24.84	24.00	23.88	24.84	-3.26
sh603725	-3085	0	0	0	-1082.86	54161	20.84	19.84	19.67	20.84	-6.68
sh600291	-31479	-2776	0	0	-6922.05	250384	26.20	26.13	25.82	26.45	-1.36
sz000919	925	0	0	0	252.07	21905	8.94	9.07	8.88	9.07	1.00
sz002220	-452	0	0	0	-36.78	17450	7.37	7.49	7.35	7.55	1.08
sh603658	0	0	0	0	-43.16	15254	46.20	50.00	46.20	50.50	8.25
sh603656	-234	0	0	0	-84.26	4965	30.10	29.94	29.18	30.14	0.44
sh600079	233	6133	4224	0	-54.78	97089	17.46	17.72	17.40	17.73	1.03
sh600073	-13537	-7162	-5000	0	-1301.96	62767	8.12	8.13	8.05	8.16	-0.25
sz002827	-610	0	0	0	-139.42	19796	19.17	19.05	18.53	19.20	-1.24
sz300453	-4297	0	0	0	-702.11	12068	15.46	15.16	15.10	15.48	-2.07
sh601108	-137468	-39428	-29851	0	-14333.33	729931	21.30	21.27	20.89	21.88	-2.74
sh600674	-11754	-631	1888	0	545.02	111036	9.86	9.90	9.82	9.91	0.20
sz300129	-3179	-1403	0	0	-9.48	28045	6.62	6.68	6.59	6.71	1.06
sh600701	-15545	-6679	-2026	0	-94.65	146791	9.15	9.13	8.94	9.24	-0.87
sh600703	-24066	25720	3816	0	16694.70	727751	22.86	24.13	22.86	24.16	5.79
sh600705	-44113	-26021	-6265	0	-2307.27	318600	5.77	5.77	5.72	5.80	-0.69
sh600763	-1550	0	0	0	259.33	55630	36.05	37.90	35.39	38.05	4.75
sz300014	-10332	-3612	-2242	0	1743.40	136265	17.78	18.15	17.52	18.28	2.08
sh603099	-946	0	0	0	71.70	6555	12.00	12.13	11.83	12.15	0.75
sz300274	-21934	-5235	-2809	0	-2078.79	159287	17.00	17.14	16.92	17.38	0.82
sh603396	-1213	0	0	0	-1365.70	25929	42.59	40.25	39.98	42.70	-7.98
sz300660	0	0	0	0	5.33	5797	65.46	65.95	64.94	66.70	-0.08
sz300669	-1239	0	0	0	-69.10	10032	24.21	24.29	23.70	24.47	-0.94
sh603083	-3116	1047	0	0	-3059.31	50699	47.10	46.89	45.55	47.81	-3.18
sz002783	-4993	-1859	0	0	-354.56	67772	19.78	19.50	19.04	19.88	-3.66
sh600285	-1877	-1291	0	0	-396.96	32586	9.11	9.16	9.05	9.18	0.44
sz002504	-7889	-2045	0	0	277.52	71022	4.55	4.60	4.52	4.62	0.66
sh600885	-71	0	0	0	-1004.46	13384	43.55	43.88	43.55	44.28	-0.27
sh603669	-207	0	0	0	-1.31	3877	18.81	19.00	18.74	19.04	0.85
sh600067	-15683	-4843	0	0	-983.86	83606	6.66	6.69	6.63	6.71	0.45
sz002818	365	0	0	0	360.88	13937	31.42	31.81	31.01	31.96	1.53
sz002811	-211	0	0	0	-12.17	8804	19.02	18.92	18.60	19.02	-0.53
sz300683	0	0	0	0	63.28	8479	54.01	54.19	52.53	54.47	-0.28
sz000417	8122	5842	2235	0	697.83	58686	8.03	8.15	7.98	8.15	1.49
sz000411	88	0	0	0	-124.52	6778	20.26	20.49	20.20	20.77	0.89
sh600663	-742	0	0	0	-785.27	21279	20.30	20.35	20.17	20.51	-0.34
sz000070	-5533	-2007	-2007	0	-186.70	71925	9.77	9.93	9.62	9.96	1.12
sh600717	-13745	-2000	0	0	-577.78	92485	10.73	10.81	10.73	10.86	0.28
sz002567	170	1000	0	0	372.26	47123	7.48	7.53	7.43	7.55	0.67
sz300208	-4592	-34	-2239	0	-492.68	86417	11.30	11.37	11.09	11.75	0.44
sh603416	-2630	1080	0	0	-2153.51	35851	28.66	27.99	27.99	29.30	-10.00
sh600167	-1349	0	0	0	-595.63	18877	24.01	24.94	24.01	24.96	3.14
sz002563	-6396	-3324	518	0	157.37	55467	9.00	8.87	8.82	9.10	-1.66
sh603386	-8430	-2400	0	0	-1217.85	90398	17.91	16.89	16.48	17.93	-6.27
sz300670	0	0	0	0	-22.20	9244	22.55	22.61	21.60	22.85	0.04
sh600161	-3013	0	0	0	625.61	73895	28.58	29.22	28.58	29.37	3.11
sz300477	-1940	0	0	0	-130.15	16086	23.00	22.77	22.39	23.00	0.22
sz300476	-1317	1086	0	0	-1467.87	44329	24.01	23.86	23.69	24.38	-1.93
sh603258	-700	0	0	0	-449.88	10806	30.26	30.09	29.38	30.38	-0.59
sz002791	158	0	0	0	-77.77	13003	19.40	19.63	19.00	19.71	1.24
sz002793	-2270	0	0	0	-1022.61	26672	15.78	15.63	15.40	15.78	-1.76
sz002026	-2834	0	0	0	408.61	38660	7.70	7.82	7.64	7.83	1.16
sz002796	-1112	0	0	0	-184.95	16828	30.50	28.87	28.03	30.50	-7.29
sz002029	-6460	0	0	0	267.08	40506	8.48	8.53	8.45	8.58	0.12
sz002245	382	-102	0	0	965.76	99981	9.10	9.30	9.03	9.35	2.42
sh603890	-4014	0	0	0	-4022.23	63126	40.30	38.74	37.88	40.30	-4.96
sh603679	0	0	0	0	-128.36	4160	25.10	24.73	24.16	25.10	-0.88
sz000662	-4119	-1009	0	0	-315.98	16728	14.50	14.51	14.26	14.54	0.00
sh600016	-270744	-144444	-98805	0	-17026.50	1707378	9.01	8.94	8.91	9.13	-1.87
sz000666	242	2179	4927	0	-3139.38	83693	19.82	20.21	19.82	20.38	1.66
sz000665	8659	6699	4704	0	450.37	80049	10.17	10.49	10.13	10.65	2.94
sz002800	0	0	0	0	-226.69	6704	30.88	30.89	30.10	31.01	-0.48
sz002803	0	0	0	0	-111.54	1827	43.49	43.71	43.20	43.99	-0.66
sz002807	-116337	-49481	-44455	0	-27747.72	1118287	9.60	9.12	9.10	9.98	-5.00
sh600388	9123	8097	2113	0	2509.51	185335	15.81	16.41	15.81	16.43	3.60
sh600389	-1301	0	0	0	127.49	16102	17.89	18.26	17.62	18.35	1.73
sh600477	-34346	-2696	0	0	-2093.91	165476	8.98	8.94	8.84	9.00	-0.78
sz300690	0	0	0	0	-878.73	6865	56.82	56.33	55.30	56.82	-1.56
sz300697	-2082	-1327	0	0	-342.08	56061	24.50	23.35	22.66	24.60	-5.96
sz000402	-22679	-15599	-13846	0	-3896.13	210622	11.87	11.99	11.80	12.09	0.42
sh600120	-1959	0	0	0	708.20	50642	23.57	24.27	23.45	24.67	3.01
sh600121	2716	5881	3305	0	349.34	52061	6.46	6.53	6.44	6.54	1.56
sh600491	9710	12482	4208	0	876.76	76170	9.73	9.96	9.70	10.03	2.57
sz000798	-278	0	0	0	102.48	20477	9.01	9.02	8.93	9.11	0.11
sz000065	-2689	0	0	0	-405.74	46483	17.98	17.93	17.62	18.00	-1.86
sz000069	-167056	-57857	-18855	0	-6399.70	993260	10.23	10.21	10.09	10.51	0.00
sz000531	956	0	0	0	143.53	21066	7.97	8.05	7.92	8.05	0.88
sh600723	1051	0	0	0	-46.11	28232	8.45	8.57	8.41	8.59	1.54
sz300073	-4089	-1108	0	0	1758.19	73156	22.80	23.48	22.35	23.50	2.71
sz002795	-2683	0	0	0	-657.55	60851	16.10	16.46	15.89	16.80	0.37
sh603098	-4351	-2840	0	0	-299.83	37548	18.02	17.79	17.32	18.23	-2.41
sh603879	-448	0	0	0	-79.97	10814	18.80	18.80	18.71	19.44	-1.88
sh603096	-238	0	0	0	332.83	5655	60.05	61.55	58.96	62.09	2.57
sz300219	6467	6043	2215	0	-169.91	54581	11.26	11.84	11.21	11.94	4.78
sz002493	22893	19807	4145	0	2783.83	199604	14.78	15.24	14.75	15.28	3.96
sz002496	-31338	-5706	2499	0	-1029.14	163004	5.70	5.75	5.66	5.77	0.70
sz002657	-4911	-1297	0	0	111.65	133693	24.25	24.98	23.50	25.55	3.01
sz300502	261	0	0	0	456.52	43429	24.28	24.36	23.75	24.65	3.26
sz300445	-285	0	0	0	-26.20	5900	15.57	15.66	15.27	15.86	0.58
sh603066	-416	0	0	0	145.86	16132	12.26	12.47	12.23	12.50	0.97
sh603289	-12277	-3802	-2233	0	-1261.46	105642	20.09	19.22	18.53	20.25	-6.24
sh600266	-18823	-1501	0	0	-2389.66	98570	14.22	14.01	13.90	14.22	-1.27
sz002273	-5590	-4009	0	0	-1238.84	116946	21.10	21.44	20.40	21.58	1.52
sz002277	13472	13093	8085	0	723.24	122969	5.90	5.99	5.87	6.00	1.01
sz002275	38	0	0	0	232.37	12317	16.12	16.36	16.06	16.37	1.55
sh603607	-495	0	0	0	-169.46	26196	42.61	42.23	41.25	43.29	-3.34
sz002472	-3762	-1164	0	0	-105.91	27811	9.11	9.13	9.03	9.20	0.33
sh603608	-826	0	0	0	13.05	11998	10.63	10.69	10.45	10.73	0.56
sz002477	27343	40348	35378	0	1392.06	243183	4.46	4.53	4.45	4.54	1.57
sz000657	-1409	0	0	0	212.45	20558	12.00	12.14	11.93	12.16	1.34
sz002875	-980	0	0	0	-420.02	13104	27.08	26.83	26.31	27.08	-2.29
sh600395	-3016	1531	-5826	0	-1179.32	358609	7.16	7.30	7.15	7.60	3.69
sh603848	-41369	-9187	-6249	0	-10070.12	176248	23.70	23.16	22.50	23.86	-4.42
sh600466	-46275	-13291	1535	0	3265.86	391083	12.10	12.24	11.83	12.29	0.49
sh603116	-884	0	0	0	18.88	13257	15.43	15.54	15.32	15.59	0.19
sh600138	8336	7298	2561	0	4379.92	178921	21.94	23.57	21.94	23.80	6.94
sh600133	1081	4076	0	0	129.14	139071	9.81	10.04	9.76	10.15	2.14
sh600137	302	0	0	0	-337.84	15503	23.42	23.03	22.70	23.42	-1.07
sh600643	-41252	-18369	-14166	0	1067.55	243024	11.20	11.33	11.14	11.35	0.18
sz002902	-3792	-436	0	0	411.67	81673	42.62	44.07	40.61	44.44	3.33
sz002907	448	2186	3058	0	-7607.30	129930	40.49	38.59	38.59	41.50	-10.00
sh601601	-6549	6723	-2043	0	-1875.50	364320	41.16	41.20	40.91	42.00	0.39
sh601607	-14021	-2586	0	0	419.89	114021	24.28	24.34	24.03	24.49	0.29
sz000501	-3369	0	0	0	295.56	53538	17.70	17.71	17.58	17.92	0.34
sh600736	-7484	0	0	0	-390.15	45227	6.55	6.57	6.50	6.58	0.00
sz300043	733	23	0	0	1308.49	106159	6.29	6.40	6.20	6.46	1.75
sz300044	-7401	10451	14247	0	10086.89	194647	14.19	15.70	14.01	15.70	10.02
sh601515	-774	0	0	0	9.60	14622	9.75	9.88	9.75	9.88	0.92
sz300194	-2009	0	0	0	209.78	35446	5.75	5.86	5.71	5.87	1.74
sz300196	-6928	0	0	0	725.76	53638	13.06	12.90	12.64	13.10	-3.08
sh600380	25818	9079	0	0	2268.23	352405	12.13	12.55	12.08	12.57	4.24
sz002317	-5104	0	0	0	-164.48	36012	12.39	12.40	12.30	12.47	0.08
sz002649	-14781	-3219	0	0	-1319.88	109209	11.35	11.35	10.87	11.46	0.27
sz300533	0	0	0	0	-250.25	6495	49.50	48.29	46.05	49.80	-2.44
sz300530	0	0	0	0	-30.74	1985	34.79	35.60	34.51	35.76	0.99
sh600826	-2395	0	0	0	-68.60	21309	13.32	13.36	13.27	13.44	-0.37
sz300450	-2716	0	0	0	-212.87	47276	52.98	53.19	51.70	54.20	0.36
sz300452	-1250	0	0	0	-218.52	13439	26.20	25.90	25.81	26.40	-1.07
sh603277	-473	0	0	0	-408.06	34541	18.90	18.61	18.11	18.91	-2.31
sz002002	8014	6161	0	0	409.30	76984	6.97	7.12	6.96	7.15	1.57
sh600479	19568	11029	7248	0	3661.56	124509	14.10	15.07	14.10	15.28	7.26
sz002462	242	0	0	0	642.22	26550	26.24	27.10	26.08	27.23	3.24
sz002466	-9731	-443	0	0	-1571.60	164181	50.89	50.93	49.60	51.29	0.04
sz002867	-2017	0	0	0	-1621.89	19185	28.28	27.99	27.77	28.40	-1.20
sz002866	-39	0	0	0	218.85	11361	35.60	34.86	34.06	35.60	-2.35
sz002865	-650	0	0	0	195.98	19432	22.95	22.90	22.70	23.31	0.22
sh603858	-3335	0	0	0	-3031.80	58975	51.68	50.89	50.52	51.68	-1.96
sz002868	-34	0	0	0	310.68	14732	24.60	25.27	24.60	25.55	2.35
sh603103	-3872	0	0	0	104.15	104299	29.90	31.26	29.25	32.37	2.29
sh600109	-38168	-18426	-11568	0	-1966.31	301376	10.04	10.09	9.98	10.18	-0.20
sh600101	841	1246	0	0	145.58	22001	9.04	9.10	8.99	9.11	0.78
sh600038	-4768	-1012	0	0	-1999.33	57500	41.73	41.66	40.70	41.95	-0.05
sh600036	4263	38421	30476	0	20874.60	945729	32.18	33.08	32.15	33.64	1.91
sh600742	-223	0	0	0	896.59	41739	17.30	17.58	17.20	17.61	1.44
sz300055	-3386	-1208	0	0	-65.91	108364	18.63	19.15	18.55	19.25	2.85
sz300182	-31699	-16457	-11812	0	1104.82	279149	9.20	9.30	9.05	9.36	-0.75
sz300236	-2529	0	0	0	-1038.99	45021	30.00	30.12	29.45	30.40	-0.73
sz002670	-3820	6103	-1117	0	-3388.99	226186	19.85	20.52	19.65	21.15	1.79
sz300429	-529	0	0	0	-560.84	13962	23.70	23.60	23.50	24.00	-1.87
sh600808	34445	51406	28181	0	2230.18	1048479	4.31	4.37	4.31	4.44	1.63
sh600801	-3558	5008	2093	0	-2424.92	153523	14.15	14.29	14.02	14.38	0.92
sz002071	120790	126067	101366	0	-4315.85	327064	9.53	9.50	8.59	9.53	-0.42
sh603916	-11211	-2899	0	0	-1183.07	93970	18.50	18.07	17.71	18.52	-3.78
sh603917	-2334	44	0	0	-1747.35	63783	27.54	26.81	26.03	27.98	-6.42
sh603809	-693	0	0	0	-499.79	27611	36.51	35.77	35.07	36.79	-3.22
sz002292	-5619	-1436	-1079	0	634.61	114455	12.63	12.95	12.42	13.08	1.73
sz002293	-2293	0	0	0	-461.86	31233	14.51	14.42	14.10	14.56	-0.55
sz002857	2077	0	0	0	56.34	4430	27.00	27.49	27.00	27.80	-1.75
sh601999	458	1000	0	0	-65.84	24359	7.36	7.52	7.34	7.53	1.76
sh603136	-238	0	0	0	-558.73	13619	43.80	43.46	42.39	43.80	-2.45
sh603131	-1378	0	0	0	314.93	49722	21.10	22.63	20.77	23.29	5.90
sh601199	2798	1996	0	0	584.37	29218	5.60	5.68	5.59	5.69	1.25
sh600118	-872	0	0	0	-344.12	48525	24.37	24.42	24.10	24.45	0.33
sz000985	-200	0	0	0	-110.51	7109	19.29	19.49	19.00	19.50	0.88
sh603197	-548	0	0	0	-99.11	10174	49.51	49.71	48.50	50.12	-0.28
sz300088	-5017	-12166	-17871	0	-2339.80	478244	7.07	7.26	6.98	7.29	1.68
sz002669	-204	0	0	0	-76.96	15679	24.63	25.10	24.37	25.12	0.52
sz002668	-301	0	0	0	640.96	38723	20.48	20.37	20.08	20.83	-1.12
sz300553	0	0	0	0	-21.76	1678	40.50	40.54	39.51	40.85	-0.39
sz300558	376	0	0	0	-495.84	7630	61.35	61.49	60.11	61.65	0.23
sz300559	0	0	0	0	-35.03	3466	38.86	40.81	38.53	41.59	4.11
sz300439	3132	0	0	0	953.50	33895	18.47	19.29	18.46	19.46	4.55
sz002067	-22792	4784	8143	0	999.47	287035	6.24	6.29	6.22	6.37	0.32
sz002065	-130774	-134727	-138433	0	-10935.00	1157210	9.40	9.40	9.19	9.55	-0.53
sz002061	8795	6493	0	0	-1172.54	80677	15.24	15.12	15.01	15.40	-0.85
sh603585	0	0	0	0	68.55	5087	31.48	31.68	30.80	31.69	0.70
sh603589	1954	2071	0	0	3309.70	71508	48.97	51.46	48.97	51.52	5.28
sh603588	-3172	0	0	0	-893.50	48836	11.69	11.81	11.62	11.85	1.03
sh603557	-2226	0	0	0	-678.56	41996	16.37	16.80	16.00	16.85	0.66
sz002502	-2613	0	0	0	-176.15	29657	8.27	8.32	8.21	8.40	0.48
sh603630	-200	0	0	0	-22.94	7821	26.76	26.85	26.36	27.05	0.64
sz002441	-1015	0	0	0	31.91	17615	9.82	9.85	9.70	9.91	0.20
sz002117	-4959	0	0	0	-482.12	52525	18.61	18.31	17.96	18.61	-1.03
sz002448	2193	-6	0	0	941.85	45808	8.92	9.15	8.89	9.18	2.58
sh600345	-1509	0	0	0	1422.03	66918	29.70	30.63	29.12	30.68	2.24
sz000960	7927	22500	5086	0	6942.30	472105	13.58	14.15	13.58	14.26	4.35
sz000963	-607	0	0	0	-3118.30	44199	54.85	56.36	54.21	56.60	3.36
sh603128	-8484	-208	0	0	396.27	139261	8.51	8.65	8.43	8.68	1.41
sh600231	30561	32328	11668	0	1622.32	535093	5.12	5.21	5.12	5.23	2.16
sh600690	88728	80297	47028	0	24403.80	1034809	21.20	22.87	21.20	22.95	8.13
sh603369	8251	8078	0	0	1931.79	153947	17.43	18.09	17.38	18.17	3.19
sh603368	-265	0	0	0	-327.37	12714	47.85	47.70	47.10	47.98	-0.65
sz000627	-20686	312	-2572	0	-1575.07	223285	8.65	8.66	8.60	8.78	-0.35
sh601366	-1383	0	0	0	-49.88	40685	10.66	10.84	10.61	10.85	0.74
sh600765	-3497	0	0	0	67.99	33902	11.78	11.91	11.75	11.99	0.51
sh600566	-1346	0	0	0	-60.04	26956	41.15	41.84	40.92	42.04	1.50
sh601966	-1038	0	0	0	-189.30	23976	17.95	17.96	17.75	18.07	-0.28
sz002615	-3209	0	0	0	4.91	22906	9.08	9.12	9.05	9.20	0.44
sz300547	-311	0	0	0	1041.49	11344	53.65	54.52	53.60	56.90	0.68
sz300403	-1312	0	0	0	-356.38	18264	14.90	14.95	14.66	15.15	-0.07
sz300408	-12396	-3297	0	0	-2276.15	99581	19.62	20.03	19.46	20.15	1.32
sz002056	-27335	-5658	-4189	0	-4513.43	238714	10.02	9.94	9.58	10.05	-1.19
sz002057	-2807	0	0	0	-71.18	24090	12.11	12.18	11.98	12.24	0.50
sz002728	-225	0	0	0	-92.19	7752	18.93	18.95	18.65	19.07	0.74
sh603026	-210	0	0	0	-151.05	10974	22.70	22.79	22.55	22.95	-0.04
sh603027	-823	0	0	0	-24.24	19148	18.11	18.23	17.92	18.27	0.89
sh603020	-252	0	0	0	-47.00	8419	11.74	11.86	11.64	11.87	0.85
sz002620	-3057	0	0	0	-155.50	30282	9.80	9.93	9.70	9.98	0.51
sz300711	-13887	-2254	0	0	-3799.24	91785	29.38	27.28	27.00	29.38	-9.07
sh603336	408	0	0	0	-130.43	20532	20.88	21.54	20.00	21.59	3.16
sh600356	3083	0	0	0	380.87	33823	8.33	8.53	8.26	8.55	2.28
sh603801	-201	0	0	0	420.17	13970	56.53	55.98	55.01	56.54	-1.01
sz002540	-10320	-4617	-5675	0	-796.29	33253	7.50	7.46	7.40	7.52	-0.93
sz002541	-531	0	0	0	-142.81	17514	13.98	14.06	13.93	14.10	0.64
sh603158	0	0	0	0	20.72	2423	18.03	18.15	17.82	18.17	0.55
sz000761	96820	74629	59799	0	3532.65	874837	5.64	5.93	5.62	6.04	5.70
sh601886	-36212	-3037	0	0	247.66	112115	9.23	9.17	9.16	9.50	-1.50
sh600779	906	1304	0	0	701.44	89498	51.16	52.64	51.00	53.44	3.32
sh600572	-11615	-129	0	0	-401.29	92110	7.09	7.11	7.01	7.14	0.28
sh600688	-101970	-80321	-65743	0	-10401.34	556828	6.80	6.65	6.60	6.81	-2.49
sh600681	-1896	0	0	0	-608.11	21040	13.06	13.17	12.96	13.20	0.08
sh600687	6157	-1419	-2932	0	1818.47	68748	11.71	12.06	11.64	12.09	2.55
sh601229	-73828	-24251	-3501	0	-11184.20	541900	16.04	15.73	15.65	16.04	-2.05
sh601555	-32659	-15174	-7261	0	-2805.41	233408	10.16	10.20	10.02	10.30	0.00
sz000548	-6590	-2090	0	0	-137.26	23936	6.46	6.40	6.30	6.47	-0.31
sz000544	-8822	-3416	0	0	-1518.42	24927	14.47	14.30	14.14	14.47	-1.31
sz300571	144	0	0	0	538.82	20133	49.41	54.29	49.35	54.29	10.01
sz002603	-2156	0	0	0	-831.38	48877	15.85	15.99	15.83	16.15	0.88
sz002601	7006	1391	0	0	3026.29	146981	17.25	17.55	17.19	17.64	1.56
sz300575	-300	0	0	0	-256.92	6519	40.47	40.13	39.00	40.53	-1.50
sz300374	-3019	-1714	0	0	81.08	57906	16.57	16.98	16.22	17.10	1.68
sz300376	-60367	-36878	-17135	0	5534.97	249315	7.10	7.72	7.10	7.72	9.97
sz300701	-1121	0	0	0	-1637.33	26316	40.00	36.83	35.91	40.00	-7.60
sz300702	-271	0	0	0	-1225.51	17929	42.64	41.26	40.70	42.65	-3.91
sz002136	-609	0	0	0	-178.55	18464	14.03	14.09	13.84	14.14	0.36
sh603496	-242	0	0	0	-354.20	10309	32.20	31.61	30.49	32.20	-1.50
sh603819	-250	0	0	0	-104.60	5821	16.87	16.76	16.47	16.98	-0.53
sh603811	0	0	0	0	11.74	3540	31.10	30.91	30.27	31.12	-0.67
sh603920	-2861	0	0	0	-465.54	29877	17.77	18.01	17.52	18.05	0.50
sz002551	-6445	0	0	0	-1693.01	58895	9.01	9.09	8.95	9.11	0.33
sz002557	590	0	0	0	-117.54	18360	15.06	15.19	14.96	15.29	0.86
sh601163	-100	0	0	0	-6.33	19408	20.22	20.20	20.01	20.23	0.20
sh601166	241725	143324	14093	0	-146141.00	4161806	18.22	17.90	17.80	18.45	-1.92
sh601169	-165135	-129317	-104896	0	-7225.90	973803	7.58	7.51	7.48	7.60	-1.44
sz000601	-4098	0	0	0	-241.48	20251	7.16	7.22	7.16	7.27	0.28
sz000975	-13152	-7455	-6061	0	-99.55	34679	14.80	14.61	14.50	14.80	-0.20
sh600782	62154	84248	116544	0	6603.20	1030121	7.20	7.54	7.19	7.65	6.35
sh600785	0	0	0	0	-83.76	2525	21.72	21.52	21.40	21.93	-0.92
sh600547	-26433	-6263	0	0	-3846.88	151811	32.36	32.19	32.02	32.44	-1.01
sz000778	-8641	213	-3003	0	-33.49	245020	5.45	5.48	5.42	5.50	0.55
sh601766	-65815	-57134	-30178	0	-16888.70	1066587	12.09	12.06	11.93	12.10	-0.82
sh600141	3591	1009	998	0	-2217.05	138630	16.94	17.54	16.94	17.55	4.09
sh601238	2303	3546	2508	0	-1413.19	43693	24.43	24.36	24.30	24.50	-0.37
sh601231	-1031	0	0	0	546.66	72781	13.90	14.07	13.66	14.10	0.86
sz002408	7329	6507	2843	0	1590.61	104279	12.70	13.08	12.68	13.16	2.51
sz000981	-13419	-9332	-10101	0	-1474.71	70254	8.25	8.24	8.19	8.49	-3.51
sz300387	-244	1086	0	0	80.73	23843	17.76	17.58	17.22	19.00	-0.62
sz002153	-2366	1364	0	0	-367.66	72091	23.90	25.12	23.90	25.32	4.02
sz300145	9265	9383	7055	0	204.34	232213	11.85	12.30	11.63	12.38	4.68
sz300144	1035	691	2000	0	2106.11	116866	18.06	18.64	17.95	18.76	3.27
sz002637	300	0	0	0	65.58	8925	10.19	10.34	10.19	10.44	1.47
sz300565	-671	0	0	0	-30.39	13718	20.30	20.25	19.66	20.60	0.25
sz300561	-49	112	0	0	1572.30	28955	35.87	38.27	35.29	38.27	10.00
sz300563	0	0	0	0	-274.24	5577	29.60	29.10	28.87	29.66	-1.89
sh603798	0	0	0	0	26.45	5113	16.84	17.06	16.62	17.14	0.89
sh603556	0	0	0	0	31.98	7511	35.16	35.62	35.00	35.71	1.31
sz002701	-22663	320	0	0	-394.63	108031	6.06	6.00	5.91	6.06	-0.66
sz002092	-7569	12711	-2029	0	146.70	471480	14.79	15.00	14.66	15.13	2.32
sz002411	-428	0	0	0	-121.07	7281	26.54	26.54	26.43	26.67	0.08
sz002143	-2523	3583	1377	0	1366.46	88874	14.18	14.13	13.90	14.31	-1.74
sz002380	-1391	0	0	0	429.08	12988	16.25	16.68	16.04	16.70	2.39
sz002897	135	0	0	0	-878.73	33585	39.00	38.50	37.36	39.35	-2.92
sz002893	-3749	-1900	0	0	-232.81	74732	31.94	31.29	30.21	31.94	-3.75
sz002891	0	0	0	0	1.73	4438	33.58	33.93	33.51	34.18	0.80
sz002899	184	1494	0	0	-849.47	26513	28.76	27.95	27.55	28.80	-3.92
sh601878	-48964	-3232	-2577	0	-5244.95	381794	17.70	17.81	17.42	18.15	-0.61
sh603777	177	0	0	0	-18.29	22730	26.48	27.05	25.88	27.38	2.66
sh601155	-17790	39	0	0	-2849.90	208859	36.40	36.49	35.61	37.50	-0.19
sh600376	-1338	1219	0	0	-730.87	64325	10.75	10.89	10.73	10.97	1.30
sh600557	-1654	0	0	0	109.43	28860	13.43	13.56	13.38	13.58	1.04
sz000709	13912	35449	18326	0	-2106.47	902030	4.09	4.11	4.09	4.14	0.74
sh601939	-398317	-265495	-145587	0	8708.90	2636204	8.95	9.06	8.91	9.34	-0.33
sh600153	-16795	602	-1745	0	-462.65	208375	11.99	11.89	11.83	12.08	-1.16
sz000651	96917	82729	36493	0	80573.00	1130541	51.50	56.60	51.50	56.60	10.01
sh601336	-73557	-8999	2783	0	-51108.20	470913	62.89	60.74	60.30	63.36	-3.69
sz002876	-303	0	0	0	1457.42	13340	62.50	65.00	62.01	65.64	3.17
sz002871	0	0	0	0	-90.91	4812	34.34	34.60	33.90	34.90	-0.57
sz002872	-718	0	0	0	-818.14	13958	31.17	31.02	30.44	31.25	-1.08
sz300355	21773	16297	-1763	0	4138.27	437529	12.11	12.50	12.11	12.60	3.56
sz300351	-26	-1105	0	0	-225.71	26102	14.03	14.23	13.82	14.26	0.99
sh603787	-232	0	0	0	131.33	10660	14.29	14.25	14.03	14.36	-0.63
sz002087	-3430	4527	3130	0	109.06	62399	5.60	5.67	5.56	5.71	0.53
sz002158	-4204	-1919	0	0	109.57	89904	12.32	12.57	12.08	12.62	1.45
sh603305	-903	0	0	0	-733.39	21449	32.01	32.13	30.80	32.37	-0.43
sz002403	-1173	0	0	0	-54.66	14699	11.70	11.74	11.57	11.79	0.09
sz002396	-3595	-2944	0	0	847.35	86689	19.61	20.00	19.28	20.20	1.99
sh600894	3954	1000	0	0	258.51	31277	9.55	9.63	9.50	9.66	0.94
sz002573	6247	1520	-724	0	274.29	183876	20.18	20.83	20.08	20.84	4.10
sh603767	-419	0	0	0	-145.46	18056	15.15	14.99	14.74	15.15	-1.12
sh600094	-8582	6081	4014	0	-738.14	67416	7.27	7.24	7.17	7.27	-0.41
sz000952	188	0	0	0	172.27	20838	13.94	14.15	13.93	14.33	1.00
sh600090	-7908	-4024	-3000	0	-894.10	45570	7.68	7.72	7.66	7.74	0.39
sh600093	-97542	-57594	-49128	0	-5545.30	597398	16.00	15.09	15.09	16.20	-10.02
sz002889	-2763	0	0	0	60.78	72828	30.25	31.34	30.16	32.60	2.55
sz002882	-6976	0	0	0	-671.49	47061	14.15	13.98	13.65	14.25	-2.03
sz002885	0	0	0	0	-196.35	9174	34.81	34.70	33.72	35.27	-1.36
sh600528	-6182	-987	0	0	975.66	88268	12.53	12.65	12.47	12.66	0.80
sz002903	-3694	-1497	0	0	-1808.30	50521	45.50	42.18	42.06	45.50	-8.42
sz002905	-736	0	0	0	697.13	41218	35.60	36.30	34.20	36.88	1.42
sz000717	112142	85103	43500	0	-1478.30	1208829	8.35	8.58	8.35	8.64	3.37
sh601928	-4505	-4200	0	0	-1280.08	91580	8.18	8.23	8.11	8.26	0.73
sh601211	-35719	-11205	-14965	0	-712.10	444296	20.37	20.43	20.16	20.75	0.05
sz000823	-4789	-2107	0	0	-1102.60	71053	13.17	13.30	12.92	13.47	0.23
sh601328	-282339	-239250	-220950	0	-28130.30	4593006	6.71	6.67	6.62	6.87	-1.19
sz300295	-4498	0	0	0	113.83	62666	17.33	18.14	16.94	18.40	3.19
sz300347	-569	0	0	0	825.29	32665	33.50	34.95	32.90	34.95	3.07
sz300349	-2605	0	0	0	-138.83	36453	39.80	38.95	37.24	39.80	-2.36
sz002769	928	0	0	0	498.75	16053	14.00	14.22	13.86	14.26	1.94
sz002763	1083	0	0	0	12.29	9441	13.33	13.55	13.29	13.59	1.04
sz002781	-616	0	0	0	-481.12	12794	21.73	21.67	21.00	21.90	-0.32
sh600363	450	1363	0	0	-875.08	38490	11.86	11.92	11.65	11.94	0.34
sz002166	113	0	0	0	-121.09	29952	10.38	10.47	10.32	10.49	0.87
sh601100	-798	-1055	0	0	1281.08	54978	30.81	31.69	30.48	32.19	1.70
sh600368	-7782	-2620	0	0	-151.87	56254	5.33	5.38	5.32	5.42	0.37
sz300625	0	0	0	0	-220.92	14155	24.23	24.47	23.80	24.57	0.78
sh603199	-2847	0	0	0	-646.42	15608	26.50	27.03	26.24	27.15	0.75
sh600884	-79	-89	-4031	0	-1507.28	152980	18.09	18.25	17.96	18.37	2.07
sh600348	-13735	-10892	-13450	0	-696.90	270410	7.55	7.65	7.51	7.74	1.73
sh600400	-7186	-1069	0	0	-532.24	31612	7.35	7.27	7.26	7.35	-1.36
sh600409	-9504	2742	8132	0	-2410.77	328565	9.98	10.09	9.94	10.18	0.80
sh603996	5252	3505	2000	0	-194.20	14252	17.78	17.80	17.64	17.88	0.11
sh600085	3051	0	0	0	2795.61	102627	33.86	34.53	33.75	34.60	1.83
sz000920	-731	1047	0	0	-37.29	25283	9.60	9.70	9.52	9.74	0.31
sz000030	-3994	-1500	0	0	-217.29	36862	8.17	8.22	8.15	8.23	0.49
sz000038	-748	548	0	0	39.54	34128	19.10	19.97	19.00	20.58	2.67
sh600535	953	0	0	0	-3291.47	48785	36.51	37.29	36.10	37.35	2.02
sh601139	-2029	-2320	0	0	408.02	78914	7.80	7.87	7.75	7.90	1.03
sz000729	38854	35383	25745	0	3251.53	327803	8.06	8.28	7.96	8.31	2.73
sh600629	-204	0	0	0	50.89	9111	14.53	14.69	14.45	14.84	0.89
sh600628	229	0	0	0	6.47	26985	10.25	10.31	10.18	10.36	0.59
sh603515	-639	0	0	0	418.36	15887	46.90	46.36	46.06	47.01	-1.11
sz002558	-1669	0	0	0	-580.52	20351	34.21	34.59	33.66	34.70	1.11
sz300118	-5974	-2749	-2500	0	-605.93	55136	11.81	12.03	11.50	12.07	1.86
sh603885	445	1491	0	0	172.84	59269	15.06	15.50	14.88	15.54	3.26
sz000676	-1203	-1003	0	0	-129.03	33528	10.67	10.99	10.62	11.07	2.61
sz300244	-5968	0	0	0	-1257.47	66654	22.36	22.78	21.86	22.86	1.29
sz300246	400	0	0	0	294.20	15333	19.53	19.90	19.20	20.10	2.42
sz002810	568	0	0	0	-315.57	11124	25.28	24.55	24.55	25.53	-2.46
sz002173	-230	0	0	0	-12.99	7092	12.01	12.27	12.01	12.36	0.16
sh603367	-4162	0	0	0	-1602.89	80291	21.12	20.37	20.20	21.13	-5.03
sz002373	-3010	-1194	0	0	-479.25	76186	13.98	14.04	13.73	14.13	1.45
sz300631	-2200	-1138	0	0	-681.57	33574	27.49	26.25	25.66	27.56	-5.58
sz300435	610	0	0	0	-35.57	8114	16.00	16.06	15.70	16.09	0.82
sh603188	-6447	-2629	0	0	539.32	50515	16.85	16.68	16.55	16.86	1.40
sz002590	-731	0	0	0	354.19	27365	12.74	12.87	12.63	12.94	1.10
sh600436	4726	1404	0	0	6778.24	69128	73.00	76.68	73.00	76.88	5.14
sh603987	-197	0	0	0	-15.64	16328	12.16	12.36	12.02	12.38	0.82
sh603985	0	0	0	0	-130.07	4961	39.30	38.74	38.41	39.30	-1.73
sh600327	-2316	0	0	0	-7.09	21035	7.46	7.52	7.42	7.54	0.94
sh600325	-31584	1857	-7747	0	849.55	446088	8.50	8.53	8.41	8.59	0.71
sz002206	-25779	-3264	0	0	-409.06	63361	5.87	5.79	5.71	5.87	-0.86
sh600980	-2160	0	0	0	-368.54	15241	15.13	15.09	14.95	15.22	-0.59
sh601900	-1066	-1000	0	0	55.42	22667	11.38	11.50	11.21	11.56	1.05
sz000733	-871	1382	0	0	-347.09	32817	13.94	14.00	13.71	14.15	0.43
sh600618	-3799	0	0	0	-579.61	46812	11.50	11.48	11.25	11.51	0.09
sh600615	-1272	0	0	0	-414.87	11329	12.78	12.76	12.56	12.80	-0.16
sz000021	-47652	-17264	-12276	0	-982.52	437967	9.80	9.71	9.37	9.82	-1.42
sz000780	-7899	-563	-121	0	439.81	58820	5.00	5.07	4.97	5.10	1.81
sh601699	-40586	7786	-1936	0	-801.10	799985	11.67	11.71	11.52	12.10	1.21
sz000027	-4452	3781	3943	0	-699.21	93314	6.10	6.14	6.04	6.19	0.49
sz000783	-4721	1623	-15609	0	180.03	378323	8.36	8.44	8.26	8.50	0.36
sz300100	-2656	0	0	0	331.72	39783	14.50	14.94	14.20	15.17	1.63
sh600545	-203	-124	0	0	-338.33	42456	9.94	10.02	9.81	10.06	0.80
sh603758	-220	0	0	0	20.40	29478	14.40	14.34	14.05	14.41	-0.42
sz300721	-785	0	0	0	-68.38	26651	35.70	35.50	34.00	36.90	-2.10
sz300258	-5163	-1196	0	0	-950.83	39600	14.00	13.89	13.61	14.00	-0.93
sz002285	-7673	6130	3390	0	-188.46	284078	11.57	11.63	11.45	11.84	0.61
sh600908	-72244	-21339	-30296	0	-12102.80	797184	9.30	8.92	8.90	9.30	-6.11
sh603359	-246	0	0	0	292.43	17029	34.35	34.58	33.33	34.69	0.67
sz002695	-510	-1377	0	0	446.01	30567	16.55	16.84	16.52	16.95	1.20
sz002690	-2514	-1120	0	0	255.67	32960	17.02	17.47	17.02	17.62	1.93
sz300340	-8817	-3045	-2030	0	-2146.62	81236	51.01	48.92	48.92	51.99	-9.99
sz300647	0	0	0	0	165.08	8259	19.09	19.07	18.63	19.27	-0.63
sz300641	0	0	0	0	-83.06	14048	14.61	14.71	14.32	14.74	0.07
sz300488	0	0	0	0	-128.47	5149	31.80	32.01	31.24	32.58	-0.19
sz300485	0	0	0	0	-109.50	10104	27.81	28.13	27.48	28.28	0.97
sh603225	-2997	674	-326	0	-4013.07	98702	39.00	39.29	38.78	40.80	3.64
sh603738	0	0	0	0	-14.93	4010	22.85	23.03	22.33	23.18	0.39
sh600518	-6613	-1326	-2134	0	170.46	124784	21.58	21.69	21.31	21.74	0.79
sz300658	0	0	0	0	-128.55	3503	29.23	29.48	29.18	29.78	1.20
sz300651	-244	0	0	0	-335.08	5981	35.90	35.38	35.00	35.90	-0.56
sz000997	-393	1743	0	0	1934.50	113561	18.16	18.62	18.15	18.73	2.03
sz300665	0	0	0	0	-184.74	11766	27.00	27.07	26.12	27.37	-0.51
sz000672	-16106	-8999	-11854	0	1205.99	408988	11.40	11.79	11.33	11.87	3.15
sz000895	-15244	-7991	-7991	0	3428.59	160896	28.58	29.62	28.47	29.62	3.10
sh603385	-973	0	0	0	-679.83	22746	21.13	21.54	21.13	21.70	-1.06
sh603387	-247	0	0	0	-78.88	8900	58.15	58.29	56.83	58.87	0.17
sh603388	-38374	-30824	-27390	0	-2038.52	145266	22.45	21.45	20.72	22.46	5.04
sz002878	0	0	0	0	-19.62	7516	36.40	36.14	35.10	36.60	-0.96
sh603113	-3069	0	0	0	-370.76	38262	23.27	23.38	22.71	23.44	1.61
sz002901	-2397	0	0	0	-1573.57	39643	38.01	37.27	35.68	38.10	-2.46
sz002860	-223	0	0	0	5.85	7877	41.49	41.16	40.20	41.49	-0.91
sz000429	-3337	3000	0	0	688.83	57856	8.18	8.25	8.15	8.26	0.61
sz002859	-315	0	0	0	-5.37	13371	32.11	31.96	31.13	32.17	-0.59
sh603825	-4484	-2001	0	0	761.78	34697	29.90	31.76	29.27	31.76	10.01
sh603055	-4164	0	0	0	-350.32	50671	17.35	17.05	16.71	17.40	-2.46
sh603926	0	0	0	0	-18.14	7836	26.66	26.46	25.95	26.66	-0.26
sz002155	-14350	-2575	0	0	-923.99	85816	9.47	9.48	9.40	9.51	-0.32
sz002384	-7331	374	-2077	0	-7481.54	117930	27.05	25.99	25.67	27.05	-4.10
sh603167	6926	6496	2222	0	3632.58	167653	11.77	12.27	11.74	12.35	4.25
sz000959	4619	6942	3014	0	21.85	118085	6.07	6.17	6.07	6.24	1.65
sz000002	-41115	-10487	-15312	0	2841.40	406526	39.00	39.53	38.51	39.84	0.28
sh603757	0	0	0	0	-156.48	6822	54.80	56.00	53.90	56.78	1.27
sh603517	-534	0	0	0	-1.54	10340	37.80	37.85	37.27	37.96	0.42
sz300119	-1521	0	0	0	146.90	9821	11.51	11.74	11.49	11.74	1.91
sh601666	-3737	9551	2613	0	3110.82	461760	6.66	6.84	6.65	6.92	3.17
sh600650	-668	0	0	0	63.30	19100	14.84	14.99	14.71	15.04	1.01
sz300632	-235	0	0	0	-142.09	17991	21.46	20.94	20.26	21.47	-3.72
sz300635	-2704	0	0	0	121.51	43332	19.85	19.80	19.10	20.45	0.00
sh603989	-1224	0	0	0	-403.35	22813	37.49	37.18	36.60	37.50	-0.93
sz300031	475	0	0	0	-504.68	24788	14.82	15.13	14.51	15.20	1.54
sz002696	0	0	0	0	39.22	5854	17.19	17.40	16.88	17.42	1.22
sh600196	-3274	-1095	0	0	6721.23	167636	43.38	44.52	43.18	44.54	2.68
sh603233	0	0	0	0	-140.86	6327	47.18	48.19	46.90	48.89	1.67
sz300689	-567	0	0	0	-332.81	17437	44.65	43.00	41.68	44.65	-4.15
sh603466	-430	0	0	0	-333.48	24747	52.21	52.38	51.00	52.78	-1.91
sh600007	2406	1000	0	0	175.60	10078	16.62	16.77	16.51	16.90	0.90
sz300054	1176	0	0	0	-137.38	87916	10.81	11.12	10.70	11.25	1.55
sh603139	0	0	0	0	148.04	6244	25.61	25.78	25.25	25.94	0.66
sz000568	-5865	-2790	0	0	2600.00	139080	68.46	70.90	68.41	70.99	4.43
sz300707	355	0	0	0	-1396.02	41871	46.39	47.50	45.64	48.49	3.42
sz002880	0	0	0	0	84.72	4587	53.66	53.87	52.51	54.20	-0.06
sh600848	-4944	0	0	0	-1342.07	68292	25.14	25.11	24.75	25.40	-0.12
sh603688	684	0	0	0	114.53	21565	13.80	14.16	13.68	14.24	2.46
sh601127	-2994	0	0	0	-810.76	17615	19.65	19.48	19.25	19.70	-0.97
sh603357	-6163	0	0	0	-798.66	80496	24.10	23.67	22.88	24.30	-3.82
sz300687	-231	0	0	0	-46.63	10010	48.13	48.63	46.20	48.94	0.37
sz300514	-13475	-11622	-8840	0	3213.30	19367	29.55	29.55	29.55	29.55	10.01
sh603880	-976	0	0	0	-219.20	19026	25.53	25.22	24.51	25.85	-2.70
sz002900	-2654	0	0	0	-2034.77	46539	29.89	28.64	28.20	30.15	-6.13
sh603617	1214	0	0	0	-283.58	21984	22.35	21.94	21.21	22.35	-2.23
sh603043	-336	0	0	0	12.73	19001	19.40	19.59	19.10	19.65	0.46
sz002884	-200	0	0	0	113.12	6761	51.40	51.81	50.21	51.87	0.80
sz002370	-183	0	0	0	-90.22	5690	14.07	14.02	13.95	14.07	-0.36
sh603127	0	0	0	0	75.44	5161	56.67	56.65	55.60	57.85	0.21
sh600990	-590	0	0	0	3217.67	27887	52.37	54.21	50.59	54.37	4.27
sh600996	-8422	206	165	0	-626.83	101364	10.41	10.49	10.30	10.63	1.84
sh600338	-290	0	0	0	263.67	25791	38.00	38.29	37.62	38.43	1.32
sz002832	0	0	0	0	-324.24	1728	57.02	57.24	56.56	58.00	-0.45
sh600197	-7016	-564	0	0	-1144.96	149110	28.33	28.76	28.30	30.00	2.02
sh600420	-12521	-6761	0	0	-1154.95	47515	11.52	11.52	11.35	11.59	-0.35
sh600426	18097	17429	13831	0	9828.43	303940	18.35	19.34	18.20	19.37	5.34
sz000877	-61887	-20384	-8341	0	-5539.87	355455	12.05	11.96	11.90	12.29	-1.16
sz000050	-21174	-2679	-4824	0	-5671.91	185613	19.27	19.12	18.91	19.53	-0.88
sz300004	2661	3720	0	0	775.98	88894	10.90	11.39	10.90	11.44	3.26
sz002238	-1595	-1004	0	0	-13.95	22682	9.44	9.55	9.16	9.56	0.84
sz002756	-346	0	0	0	42.48	10874	23.76	24.20	23.68	24.25	2.20
sz002753	-423	0	0	0	-24.36	12769	19.03	19.38	18.89	19.60	1.79
sz300267	-22137	-3398	1373	0	-1415.27	167239	6.56	6.58	6.48	6.60	-0.15
sz300265	-920	0	0	0	-166.72	13408	8.96	9.00	8.80	9.07	0.56
sz300262	2089	1719	0	0	251.64	48171	8.89	9.10	8.88	9.17	2.36
sz002356	86	0	0	0	-704.74	28477	31.05	31.98	30.96	34.00	2.70
sz002682	-2127	0	0	0	-140.25	18353	11.12	11.09	10.95	11.14	-0.27
sz300653	0	0	0	0	167.23	5842	33.54	33.85	32.65	34.02	0.95
sh603238	-205	0	0	0	-55.01	9731	22.66	22.07	21.80	22.66	-1.95
sh600987	-4484	0	0	0	-109.46	27894	11.22	11.31	11.18	11.33	0.44
sz300495	20851	15251	12751	0	-216.96	57819	15.64	15.90	15.45	15.98	1.66
sz002533	-6986	-2688	0	0	-235.41	22291	6.58	6.58	6.48	6.59	-0.30
sh600299	-1309	-1027	0	0	-27.07	16452	11.96	11.94	11.83	12.10	0.25
sh600297	-3582	2772	0	0	442.93	214581	7.60	7.90	7.39	7.97	4.22
sz002221	-3905	-187	0	0	-1006.20	98842	12.35	12.40	12.12	12.43	0.40
sh600076	-25501	-6035	0	0	-446.40	124788	7.14	7.06	6.97	7.14	-0.28
sh600075	-9926	-1396	0	0	-595.63	69278	7.95	7.96	7.80	7.99	0.00
sz002828	-731	0	0	0	-113.86	27034	24.56	25.01	24.38	25.36	0.04
sh603685	-1605	0	0	0	-472.30	30578	34.90	33.96	33.51	35.10	-4.09
sh601107	2426	6461	2027	0	272.72	65364	4.25	4.31	4.25	4.32	0.94
sh600452	0	0	0	0	-512.07	11970	34.01	34.40	33.61	35.17	1.21
sh600676	-4821	0	0	0	-263.92	30567	6.44	6.47	6.39	6.48	0.31
sz000869	-2425	-1018	0	0	299.09	24329	38.31	38.55	37.81	38.58	1.18
sz000042	-1659	0	0	0	-220.00	12949	17.27	17.10	16.67	17.27	-1.10
sh600708	33850	53507	43858	0	7443.06	428035	8.18	8.78	8.14	8.91	7.07
sh600706	-263	0	0	0	-20.56	6458	18.97	18.93	18.70	19.00	-0.21
sz300017	45667	73903	35473	0	-671.10	1087608	12.15	12.60	11.88	12.80	4.48
sz300307	-2910	1050	0	0	-188.95	66951	8.08	8.27	8.02	8.36	2.10
sh603536	0	0	0	0	-23.97	5220	19.69	19.72	19.53	19.84	-0.45
sh603538	487	0	0	0	85.55	3817	25.70	26.04	25.52	26.96	1.28
sz300271	4674	3691	-188	0	-683.99	174165	15.31	15.64	14.91	15.87	5.68
sz002324	7421	4926	0	0	-553.52	22412	22.28	22.00	21.20	22.99	0.05
sz002323	-3799	-3098	0	0	80.21	60246	6.25	6.30	6.12	6.37	-0.47
sh603398	-2054	0	0	0	-452.33	14536	16.55	16.22	15.88	16.55	-3.16
sz300662	-215	0	0	0	-139.33	9836	25.35	25.41	25.00	25.92	0.04
sh600843	-525	0	0	0	-35.75	13889	10.42	10.47	10.28	10.48	0.58
sz300463	-690	0	0	0	-103.96	19154	22.11	22.35	21.75	22.46	0.81
sh603716	0	0	0	0	251.82	4239	49.93	51.29	49.31	51.47	3.20
sz002036	-946	-1019	0	0	172.30	65656	14.80	15.26	14.58	15.33	2.90
sz002789	-274	0	0	0	-679.54	8945	41.41	41.46	41.05	42.01	-0.81
sh600280	-8679	-1953	-1325	0	-701.86	135140	7.39	7.67	7.36	7.70	3.51
sh603886	-200	0	0	0	7.69	11120	19.19	19.30	18.87	19.39	0.36
sh603887	-276	0	0	0	61.25	11205	27.88	28.87	27.88	28.94	3.81
sz002258	-13459	4382	2739	0	673.97	159525	19.35	19.07	18.60	19.60	0.42
sh603977	609	0	0	0	-69.14	11117	13.20	13.22	13.03	13.40	-0.68
sh600062	161	0	0	0	88.13	48130	23.61	24.21	23.54	24.33	2.02
sh600064	-6864	-1076	0	0	-667.11	34726	14.88	14.89	14.76	14.96	-0.33
sh600066	-1094	517	0	0	1335.56	139703	22.83	23.36	22.83	23.55	2.41
sh600068	-46952	-4386	-6805	0	-7421.52	502467	9.20	9.20	9.08	9.32	0.00
sh603860	-484	0	0	0	-216.87	9685	35.40	35.06	34.45	35.57	-2.85
sz300688	-243	0	0	0	-487.43	13166	51.81	50.99	49.70	52.52	-2.97
sh600449	-12757	0	0	0	32.57	91962	12.17	12.34	12.16	12.39	0.90
sz000413	36823	18025	4532	0	-4931.72	435573	9.00	9.08	8.99	9.16	1.23
sz000418	-502	0	0	0	1573.76	27778	70.39	74.60	70.00	75.55	5.97
sh600668	504	1042	0	0	-157.60	23850	15.68	15.92	15.68	15.94	0.89
sh601009	-82146	-93924	-67623	0	-7236.00	1272570	9.17	9.29	9.06	9.33	0.32
sh601001	-12162	1169	-5794	0	509.28	220631	6.58	6.62	6.54	6.72	1.07
sz000524	0	0	0	0	4.21	8189	11.26	11.37	11.20	11.47	0.98
sz000525	1988	529	0	0	2341.11	63366	23.45	24.15	23.08	24.15	3.07
sz000096	-400	0	0	0	-63.75	4006	13.42	13.35	13.31	13.45	-0.37
sh603527	-827	0	0	0	-1347.13	40784	29.06	27.08	27.00	29.09	-7.45
sz300510	-407	0	0	0	-108.32	5213	25.15	25.41	25.15	25.83	-0.24
sh603005	-846	0	0	0	321.35	31508	28.66	29.53	28.50	29.72	2.39
sz300512	-657	0	0	0	192.06	15677	17.08	17.49	16.89	17.50	2.40
sz300673	0	0	0	0	295.84	3630	41.75	42.37	41.29	42.55	1.49
sz300475	1049	1000	0	0	-108.26	15875	14.00	14.24	14.00	14.28	1.14
sh603707	-304	0	0	0	-225.44	23393	29.00	28.90	28.47	29.79	-0.38
sz002790	0	0	0	0	40.99	3230	26.28	26.43	26.10	26.55	0.46
sz002027	29665	69406	55154	0	16964.40	934983	13.33	14.02	13.12	14.30	6.21
sz002798	-596	0	0	0	569.61	18079	47.94	52.00	47.71	52.64	8.67
sz002028	-2029	-2009	-2007	0	-762.82	25136	14.50	14.57	14.31	14.69	0.48
sh603090	-218	0	0	0	-213.14	6223	19.02	19.21	18.64	19.24	0.47
sh600278	-1490	0	0	0	442.25	40857	12.08	12.32	12.03	12.35	1.65
sz002244	-13052	-16518	-1805	0	-243.40	249136	8.26	8.48	8.16	8.55	1.56
sh603898	1171	1171	0	0	-341.34	12025	30.28	30.95	30.21	31.05	2.48
sh600018	-54055	-37764	-22624	0	-3909.50	410984	7.15	7.15	7.09	7.19	0.00
sz002801	-285	0	0	0	-345.17	8908	35.09	34.49	33.58	35.24	-3.52
sh600381	-60205	-25511	-2971	0	5940.92	487262	12.00	12.91	11.89	13.40	5.99
sz002809	-932	0	0	0	-608.30	18033	30.40	30.30	29.60	30.69	-1.40
sh600658	-98	1000	0	0	-20.58	36397	11.04	10.81	10.73	11.04	-1.28
sz000400	5327	4313	0	0	156.61	110587	12.36	12.57	12.20	12.64	2.03
sh600125	-19635	-9345	-5180	0	-2529.12	256277	10.00	10.11	9.75	10.15	0.40
sz000889	-3513	-1054	0	0	-15.28	9706	12.59	12.84	12.59	12.94	0.78
sh600729	-171	0	0	0	297.05	26820	26.58	26.73	26.25	26.95	0.30
sh600720	-33139	-4446	-2854	0	3113.24	302930	11.46	11.54	11.35	11.70	1.32
sz002412	0	0	0	0	128.83	6116	16.51	16.66	16.51	16.80	-0.72
sz002410	-1121	-1178	0	0	119.64	38537	18.26	18.67	18.04	18.83	2.36
sz002022	-2288	1000	0	0	-42.26	41843	13.95	14.19	13.93	14.20	1.43
sz300212	655	0	0	0	845.39	38123	26.37	26.68	26.05	26.94	2.97
sz002308	-3680	0	0	0	-163.78	48215	10.56	10.67	10.36	10.73	0.95
sz300507	-804	0	0	0	-283.69	11904	28.92	28.60	28.00	28.92	-1.04
sz300506	216	0	0	0	23.13	17444	21.81	22.08	21.42	22.17	1.24
sh603268	-274	0	0	0	-58.85	2521	26.82	26.89	26.35	26.96	-0.52
sh603067	-1299	0	0	0	-85.52	14974	12.67	12.78	12.38	12.80	-0.54
sh603288	-607	0	0	0	-361.68	29352	56.52	57.32	56.20	58.38	1.06
sh600261	-20443	-6488	-3488	0	-1039.56	73934	5.26	5.27	5.19	5.29	0.19
sh603283	-7784	-3582	-3582	0	-395.61	113245	29.00	29.22	28.00	30.90	-3.40
sz002270	500	0	0	0	-12.31	8592	9.28	9.35	9.19	9.36	0.65
sh603609	1771	0	0	0	96.73	15873	8.68	8.73	8.60	8.80	0.46
sz000650	-2113	2924	0	0	-1.36	47500	5.28	5.33	5.26	5.34	0.76
sh600000	-394258	-331593	-344420	0	-44378.00	2725138	12.93	12.77	12.71	13.15	-3.55
sh603179	561	1301	0	0	-926.28	30620	35.95	34.89	34.06	35.96	-3.67
sz002879	3596	-773	-2009	0	2128.20	31573	55.00	54.80	53.90	55.00	0.70
sh600398	-3314	-5761	-6000	0	-1649.59	121292	10.28	10.45	10.28	10.60	0.97
sh600463	-8102	-3523	0	0	-514.54	68866	12.81	12.56	12.40	12.99	-3.38
sh600480	-998	0	0	0	-16.45	32355	15.49	15.64	15.43	15.73	0.32
sh600486	-333	0	0	0	-603.40	22551	52.75	53.83	52.22	54.38	1.89
sh601020	-128	0	0	0	-119.87	18276	19.07	19.48	19.01	19.51	1.35
sh603500	-636	0	0	0	-314.10	20112	26.34	26.21	25.87	26.50	-1.91
sh600737	-21795	-13957	-12700	0	-2437.22	130648	8.16	8.16	8.10	8.23	0.37
sh600739	-7532	-1200	0	0	-1417.96	74797	18.27	18.22	18.07	18.28	-0.38
sh601288	-1341253	-1245622	-1107981	0	-27637.60	8013254	4.44	4.36	4.34	4.53	-2.46
sz300041	702	0	0	0	58.28	27915	9.61	9.74	9.51	9.82	1.04
sh603878	-1254	0	0	0	-304.06	31117	17.19	17.28	17.11	17.71	0.70
sh600382	-2544	0	0	0	-122.42	18485	12.88	12.97	12.78	12.99	0.54
sz300535	0	0	0	0	-245.22	8299	36.05	35.79	34.68	36.26	-1.40
sh600820	-14763	-3478	-3042	0	-146.12	104649	8.40	8.46	8.38	8.46	0.59
sh600816	-10791	2637	6512	0	-4424.10	144503	13.45	13.36	13.22	13.45	-0.60
sz002003	-790	-2370	351	0	1550.66	67050	12.05	12.43	12.00	12.45	3.07
sz002007	-6331	0	0	0	-3472.42	63250	27.46	27.32	27.20	27.58	-0.44
sh603298	2154	0	0	0	420.80	28491	15.88	16.32	15.88	16.35	2.84
sh600926	-95076	-37419	-28300	0	-5543.12	480485	12.78	12.60	12.45	12.86	-2.33
sz002267	-11858	-3471	0	0	-723.53	64919	8.04	8.08	8.02	8.14	0.25
sz002262	1546	-1098	0	0	391.19	74567	15.20	15.50	15.08	15.53	2.31
sh603108	-1835	0	0	0	-235.50	35190	12.61	12.65	12.57	12.84	-0.78
sh603101	0	0	0	0	53.86	13130	13.61	13.48	13.20	13.62	0.30
sz002911	-21924	-4896	-2484	0	-6384.57	155844	31.51	30.19	29.58	32.20	-7.82
sh600037	-1910	0	0	0	-151.17	50544	12.80	13.07	12.76	13.10	1.95
sh600745	-3018	-1601	0	0	-760.36	58132	28.96	30.03	28.77	30.81	4.38
sh600746	-1166	0	0	0	-13.30	14676	8.17	8.15	8.02	8.21	-0.49
sh600741	13042	18495	4981	0	-2845.60	282343	26.18	26.60	26.18	26.95	2.43
sz300183	-4768	-1072	0	0	-526.44	49766	18.10	18.26	17.61	18.50	0.83
sz000701	-1624	0	0	0	-247.09	25275	9.87	9.95	9.75	9.97	0.71
sz300494	78	-1322	0	0	-3.61	49142	16.85	17.50	16.50	17.64	3.55
sz002537	-10171	-2030	0	0	-305.84	54041	10.05	10.06	9.87	10.13	0.10
sz300521	0	0	0	0	97.03	9437	15.33	15.10	14.85	15.33	0.27
sz002672	-1991	-1090	0	0	-532.17	32021	15.53	15.73	15.45	15.75	1.03
sz002673	-27101	-878	-5596	0	-2585.89	450802	12.95	13.06	12.79	13.24	0.08
sh600804	6215	8308	4774	0	2231.62	125606	17.17	17.87	17.02	17.88	3.77
sh603919	-11	0	0	0	-331.32	35187	19.51	19.58	19.46	20.05	-0.25
sh603823	-272	0	0	0	-28.89	13227	16.06	15.96	15.69	16.14	-0.19
sh603829	-4535	0	0	0	-298.54	61200	19.35	18.78	18.35	19.44	-5.25
sh600240	1419	2731	0	0	-507.57	76690	9.09	9.16	9.01	9.20	0.77
sh603133	-400	0	0	0	-305.40	14521	30.12	30.81	30.00	30.89	1.38
sh600113	-611	0	0	0	335.12	28483	10.40	10.61	10.39	10.66	1.34
sh600028	-81084	-134197	-205924	0	-52745.80	3960918	7.06	6.91	6.87	7.12	-1.85
sh600023	27234	49199	48386	0	5738.32	924451	5.54	5.91	5.54	6.02	6.68
sz000567	-966	0	0	0	-90.22	19559	24.70	25.00	24.55	25.18	0.40
sh600757	4167	14364	7058	0	-641.67	136660	7.05	7.15	7.01	7.25	1.27
sh600754	-1245	0	0	0	199.59	38734	38.18	38.52	37.01	38.99	2.04
sh600758	-8157	1300	0	0	-578.39	90525	7.27	7.37	7.26	7.42	1.10
sh601579	-1601	0	0	0	91.13	14776	12.20	12.44	12.20	12.52	1.97
sz002223	3696	1562	0	0	-1484.97	48266	20.61	20.73	20.35	20.86	0.68
sz002222	673	-798	-798	0	2011.90	118661	16.58	17.13	16.14	17.30	3.19
sz300522	-207	0	0	0	68.00	10317	19.24	19.55	18.82	19.58	1.40
sz002063	-71464	-23018	-25267	0	-2453.66	445776	11.60	11.75	11.43	12.17	-0.59
sz300526	-316	0	0	0	-107.91	14993	17.80	17.66	17.00	17.83	-1.89
sz300082	10252	7903	2374	0	373.32	74862	6.95	7.15	6.84	7.16	2.88
sz300083	9423	15474	24065	0	3064.23	270941	7.32	7.44	7.20	7.58	1.64
sz000686	-35555	-9638	-6352	0	-2773.18	285004	9.11	9.20	9.09	9.30	0.22
sz002664	1200	0	0	0	60.66	11237	25.02	25.29	25.02	25.48	0.00
sz300554	-669	0	0	0	1357.37	18408	71.08	71.50	69.16	72.50	-0.69
sz300557	0	0	0	0	-104.66	3496	37.47	37.20	36.21	37.47	0.54
sh600831	2734	0	0	0	40.58	24775	8.07	8.20	8.01	8.22	1.49
sh600837	-48728	-14983	-19470	0	-3426.82	361022	13.99	13.97	13.81	14.07	-0.57
sh600835	1454	0	0	0	1424.04	84201	22.82	23.23	22.44	23.39	1.26
sz300433	-5659	2099	2000	0	-2760.81	117169	26.98	26.58	25.80	27.10	-0.75
sz002068	11268	5537	0	0	2363.98	122353	10.00	10.31	9.97	10.32	3.00
sh603580	-280	0	0	0	75.34	7621	30.35	30.71	29.63	30.84	0.75
sh603900	-291	0	0	0	-2.27	24918	31.01	32.07	30.76	32.60	2.26
sh603909	-501	0	0	0	188.84	12855	32.65	33.11	32.51	34.58	3.50
sz002283	-3226	-1000	0	0	39.14	46279	5.60	5.65	5.57	5.68	0.53
sz002281	-877	875	0	0	-4198.06	145601	27.05	27.28	26.44	27.64	1.04
sz002287	446	0	0	0	-96.37	5130	34.64	34.91	34.45	35.28	0.78
sh600900	-50166	-29950	-7218	0	-5286.01	246959	16.20	16.09	15.98	16.23	-0.06
sh603633	-202	0	0	0	-86.06	9287	18.24	18.17	17.86	18.26	0.11
sz002440	-3941	-553	4004	0	-1366.19	127056	20.13	20.38	19.95	20.53	1.24
sz002119	0	0	0	0	-116.43	7449	17.97	18.06	17.45	18.16	0.44
sh600346	-2127	4916	3318	0	623.28	198419	15.35	15.84	15.26	16.00	3.13
sh600236	580	7081	1982	0	-854.72	70500	5.65	5.71	5.62	5.74	1.24
sh600694	-838	0	0	0	407.97	27800	36.63	37.11	36.60	37.50	2.29
sh601186	-16341	-1764	-3478	0	-2027.52	302042	11.92	11.92	11.83	12.01	0.17
sh600585	-25436	91	4667	0	-3768.00	330173	32.68	32.99	32.40	33.15	1.38
sz000620	-312	0	0	0	-255.72	31826	6.40	6.54	6.33	6.60	1.55
sh601368	1920	0	0	0	102.53	16501	8.73	8.87	8.66	8.95	1.37
sh600567	6217	2127	-7839	0	-1999.59	661497	4.63	4.70	4.57	4.71	0.64
sh601566	-1252	0	0	0	20.33	32455	14.19	14.30	14.19	14.33	0.85
sz300097	1113	0	0	0	667.39	51436	25.24	25.90	24.13	26.11	2.57
sz000049	-4255	0	0	0	-2090.10	41416	36.75	36.58	35.62	36.77	-0.05
sh600827	673	0	0	0	-906.19	43443	13.18	13.20	13.11	13.27	0.08
sz300401	-1113	0	0	0	-1402.96	17497	49.06	48.93	48.33	49.66	-1.25
sz002053	-1978	0	0	0	-258.85	24676	11.34	11.40	11.30	11.41	0.80
sz002051	-2524	3021	3021	0	-896.26	59229	18.64	18.60	18.32	18.85	-0.32
sh603025	0	0	0	0	-135.09	8577	30.56	30.92	30.25	31.15	1.05
sh603936	-220	0	0	0	-55.04	5110	23.78	23.71	23.45	23.79	-0.79
sh603937	-8518	290	0	0	-873.96	108526	24.36	23.31	22.56	24.66	-6.95
sh603938	-947	0	0	0	-565.05	15568	35.70	35.40	34.58	36.10	-0.95
sz300716	-3698	222	0	0	-1285.20	55452	27.50	25.91	25.50	27.78	-8.38
sz300718	-289	0	0	0	-730.82	24633	40.80	39.40	38.00	40.80	-3.15
sz002124	6828	1701	-2421	0	1048.25	59937	8.91	9.13	8.85	9.13	2.47
sh603808	-684	0	0	0	-362.73	14821	20.52	20.94	20.31	20.99	1.75
sh600354	1796	2621	0	0	512.90	62272	6.96	7.04	6.88	7.09	0.72
sh603806	88	0	0	0	-78.59	7256	33.59	33.34	33.01	33.68	-0.83
sz002548	-2454	-1458	0	0	-246.58	19045	10.33	10.30	10.27	10.41	-0.39
sh603159	0	0	0	0	77.04	9148	24.68	25.15	24.51	25.25	1.78
sh600176	13189	20336	12322	0	6719.98	367979	16.80	17.65	16.70	17.66	3.46
sz000408	-1699	655	2000	0	-590.90	52905	17.45	17.66	17.26	17.73	0.80
sh600173	-10069	-5113	0	0	16.80	71190	6.29	6.33	6.28	6.37	0.48
sh600596	-18796	255	621	0	-684.40	364822	12.63	12.86	12.24	13.15	2.06
sz000967	-1569	-40	857	0	-372.69	75894	9.02	9.10	8.77	9.10	1.11
sh600771	-1711	0	0	0	-466.46	25921	43.10	43.13	42.91	43.57	0.49
sz300158	-2435	-1440	0	0	-602.86	47119	12.90	12.95	12.61	13.06	-2.19
sz002714	460	0	0	0	679.79	37390	59.70	61.61	59.67	62.18	2.77
sz300573	0	0	0	0	290.23	7498	25.47	25.38	24.70	25.60	0.08
sz002602	1520	0	0	0	419.62	22541	35.65	36.09	35.08	36.44	1.04
sz300378	-778	1669	0	0	61.07	51816	12.70	12.91	12.53	13.14	1.18
sz300375	-6686	-1475	0	0	-1194.76	38192	16.52	16.25	16.00	16.52	-1.63
sz002733	-1478	-124	0	0	-281.78	25575	16.50	16.80	16.39	16.89	2.63
sh603031	0	0	0	0	-189.39	9091	23.93	24.40	23.61	24.42	2.01
sh600969	-600	0	0	0	-34.58	10755	12.40	12.40	12.33	12.43	-0.08
sh600966	-8118	1844	4160	0	-1155.89	203529	6.21	6.27	6.17	6.29	0.97
sz002139	-3006	1444	0	0	1155.05	96572	10.36	10.48	10.18	10.57	1.26
sh603323	-118520	-58247	-37478	0	-1180.40	482805	9.37	9.28	9.23	9.65	-3.83
sh603818	-301	0	0	0	-136.32	13361	13.17	13.38	13.05	13.50	1.21
sh600211	0	0	0	0	-86.40	2759	33.61	33.83	33.31	33.98	0.65
sh600548	-2400	0	0	0	-60.40	34848	9.01	9.05	8.97	9.08	0.56
sh601788	-13231	3397	7831	0	-394.61	206434	14.40	14.59	14.40	14.76	0.76
sz000980	6423	173	-2916	0	914.85	103222	11.28	11.58	11.23	11.63	2.93
sz300385	0	0	0	0	-62.07	9964	23.98	24.45	23.72	24.58	2.43
sz002706	11	0	0	0	266.25	14582	11.81	12.07	11.81	12.11	1.68
sh603001	-2803	0	0	0	-419.27	15140	14.37	14.41	14.22	14.43	-0.07
sh600976	-249	0	0	0	156.02	9326	23.70	24.00	23.65	24.12	1.27
sz002419	-7392	212	0	0	-1077.64	77546	16.55	16.64	16.09	16.88	-0.48
sz002895	-4782	7495	6653	0	-4019.87	110396	27.36	26.31	26.31	27.69	-9.99
sh600201	-5401	-1956	0	0	1165.28	65850	29.80	30.63	29.58	30.76	2.20
sz000026	-361	0	0	0	124.95	13843	10.61	10.71	10.53	10.71	0.75
sz000012	-43803	-27236	-23257	0	-903.03	346497	8.96	9.18	8.92	9.24	1.32
sh600797	-5890	6489	2000	0	1461.16	178279	11.92	12.27	11.76	12.37	1.91
sh600551	921	0	0	0	447.96	35099	12.13	12.38	11.99	12.41	2.40
sh600559	1921	1380	0	0	487.65	93243	31.71	32.38	31.71	32.50	1.44
sz000830	2966	7795	-270	0	3164.30	500034	19.44	20.16	19.42	20.34	4.56
sz300285	4396	2002	2002	0	1545.55	37974	17.90	18.87	17.80	18.89	5.01
sz002624	3158	3423	0	0	1072.15	55082	31.00	32.00	30.48	32.05	3.06
sz002718	-284	0	0	0	95.78	2368	46.15	46.03	45.51	46.17	-0.30
sz002716	-7247	-1310	0	0	3590.33	129868	20.01	20.40	19.91	20.60	2.51
sz002085	-1532	0	0	0	1149.82	73991	16.03	15.87	15.83	16.21	-1.92
sz002047	-13627	-4498	-3384	0	-630.78	47031	7.28	7.26	7.20	7.30	-0.95
sz002406	-3506	0	0	0	-177.24	22619	7.13	7.14	7.05	7.16	0.28
sz002152	-17202	1773	-10876	0	2092.16	393644	7.30	7.46	7.22	7.50	1.91
sz002391	-3034	0	0	0	-348.62	33035	15.51	15.42	15.25	15.54	-0.52
sz002393	0	0	0	0	-19.52	5284	31.08	31.32	31.04	31.36	0.77
sh603165	-1073	0	0	0	-344.87	13883	56.08	55.29	54.50	56.08	0.07
sz002407	-231	39	0	0	413.06	83355	19.81	20.04	19.70	20.09	0.96
sz002888	73	0	0	0	64.46	12559	27.68	26.96	26.28	27.76	-2.64
sz000001	-159458	-81317	-98866	0	-25932.20	2073867	14.60	14.44	14.43	14.94	-2.43
sh600523	-12806	-6066	-5057	0	-1114.03	61777	16.70	16.66	16.45	17.10	-0.18
sz000711	27767	-1679	0	0	3212.07	107264	13.15	13.56	13.03	13.57	3.27
sh600639	433	0	0	0	-100.76	9846	17.09	17.11	16.95	17.18	0.12
sh600633	-4295	-17	2156	0	-277.97	138416	15.08	15.41	14.85	15.47	1.99
sz000821	870	0	0	0	-206.34	33143	11.20	11.36	11.11	11.49	0.44
sh601858	-2553	0	0	0	-194.04	32296	10.55	10.59	10.35	10.68	-0.38
sz000825	-89747	-18771	-13418	0	2282.90	984788	5.30	5.30	5.27	5.39	0.38
sz000828	-4934	0	0	0	-350.01	30875	11.30	11.36	11.21	11.38	0.00
sz300160	1913	1932	0	0	64.70	35919	7.58	7.63	7.50	7.68	0.66
sz300342	-1302	0	0	0	203.79	14134	14.63	14.99	14.41	15.02	2.04
sz002424	-6085	-1427	0	0	-311.49	66033	15.63	15.44	15.00	15.70	-1.53
sz000505	-1644	0	0	0	47.62	21324	8.39	8.44	8.31	8.50	0.60
sz002768	-5046	-3690	-5030	0	-502.12	17710	26.15	25.99	25.60	26.25	-0.54
sz002766	3233	-2000	-2000	0	911.83	62482	14.65	15.05	14.60	15.16	2.73
sz002762	-3467	0	0	0	-181.99	29428	16.85	16.85	16.50	17.05	-1.00
sh603577	-6623	-1036	0	0	-347.49	63005	14.76	15.11	14.55	15.57	0.33
sz002367	-4480	0	0	0	96.81	49687	8.95	9.08	8.86	9.15	1.00
sz002188	-4437	-1062	0	0	-138.35	44779	13.45	13.39	13.11	13.48	-0.30
sz002183	17323	13089	730	0	1972.01	429630	7.42	7.69	7.34	7.85	3.64
sz300626	0	0	0	0	124.89	1608	27.76	27.88	27.31	28.57	0.61
sz300621	-248	0	0	0	-444.16	31717	21.39	21.63	20.91	21.90	0.37
sh603200	-630	0	0	0	141.87	13798	39.30	39.69	39.30	40.80	0.28
sh600886	23126	35176	30125	0	2163.18	232803	7.18	7.28	7.18	7.29	0.83
sh600889	-1532	0	0	0	-129.70	14169	8.16	8.26	8.10	8.27	0.36
sh600406	-24518	2520	-213	0	-4897.45	190516	17.55	17.67	17.48	17.84	0.34
sh600081	427	0	0	0	-5.96	12253	12.63	12.72	12.56	12.76	-0.08
sz002215	-683	172	0	0	320.59	46852	6.86	6.92	6.82	6.96	1.02
sz000039	-17925	-4142	0	0	1833.77	95715	21.45	21.58	21.30	21.67	0.47
sh601919	-61849	-22440	-19524	0	-1332.41	349033	6.88	6.88	6.81	6.95	-0.43
sh603518	0	0	0	0	-87.52	5596	19.75	19.53	19.41	19.77	-1.16
sh601595	-2072	0	0	0	108.31	60318	20.91	21.72	20.64	22.09	3.18
sz300400	335	1273	0	0	262.74	25058	14.03	14.26	13.94	14.65	0.42
sz000581	-12027	-5855	-2056	0	-497.28	160389	25.65	25.80	25.35	25.97	0.55
sh601689	-19671	-1421	0	0	-3722.50	121546	22.49	21.60	21.37	22.49	-5.05
sh601668	438528	466613	429744	0	-11856.00	5185470	10.31	10.46	10.28	10.52	1.06
sz300023	-2441	-153	0	0	291.04	51417	11.59	12.23	11.52	12.69	5.43
sz300335	-1929	0	0	0	687.66	51738	15.72	16.04	15.56	16.22	0.69
sz002779	-4981	-3494	0	0	-262.06	14002	19.48	19.62	19.26	19.89	0.10
sz002777	0	0	0	0	52.24	6310	31.29	31.20	29.55	31.29	-0.51
sz002775	-1431	0	0	0	-78.59	20744	19.67	19.75	19.35	19.95	-0.25
sh600657	-13011	-3257	0	0	548.96	123601	6.20	6.31	6.19	6.32	0.64
sz002174	-7406	-2714	0	0	2519.80	81320	22.66	23.13	22.22	23.45	2.03
sh603365	-3815	0	0	0	-271.89	43748	23.14	22.78	22.23	23.16	-2.15
sz002372	-6558	-117	0	0	-2411.03	62849	21.00	21.12	20.85	21.85	0.00
sz002376	-3397	-1000	0	0	-53.81	80995	12.45	12.80	12.44	12.93	2.40
sz300438	-1812	0	0	0	121.10	20280	28.16	28.08	27.66	28.41	-0.46
sz002195	-31640	-70	4943	0	1036.71	593412	6.08	6.28	5.99	6.34	2.78
sz300638	-208	0	0	0	-232.67	11473	39.43	39.16	38.01	39.97	-1.90
sh603363	-27615	-9130	-8496	0	-2898.00	213352	17.60	17.39	16.81	18.40	-6.30
sz300633	-1390	0	0	0	-237.35	12552	24.79	24.47	23.95	24.90	-1.33
sh603183	26	0	0	0	-601.32	26491	43.83	42.65	41.67	44.00	-4.42
sh603181	-921	0	0	0	-1087.60	51634	25.35	24.78	24.30	25.71	-4.58
sh603963	-400	0	0	0	-1025.72	28048	30.29	28.69	28.18	30.89	-7.45
sz002518	-522	0	0	0	275.46	14972	16.38	16.81	16.34	16.82	2.50
sz000603	688	-811	0	0	-28.23	29674	12.00	12.30	12.00	12.30	2.24
sz002202	-6606	-2638	-8829	0	5197.08	218896	18.36	18.64	18.36	18.88	2.25
sh600508	-3199	1158	0	0	220.59	75686	12.89	13.06	12.89	13.15	1.24
sh600054	1520	-1001	0	0	218.39	38041	13.95	14.24	13.93	14.25	2.01
sh600056	-11188	-4482	-3039	0	-2138.41	135210	22.43	22.61	22.00	22.65	0.36
sh600612	-200	0	0	0	487.44	13406	42.29	43.24	42.25	43.37	1.81
sz000596	1951	0	0	0	7983.00	42338	73.15	76.77	73.08	77.50	4.93
sz000848	-5577	-1535	0	0	890.98	108020	10.31	10.46	10.26	10.54	1.45
sz300727	-2719	2610	0	0	-3227.62	81041	33.28	31.95	31.95	33.80	-10.00
sz300324	22981	11688	484	0	4183.24	178519	14.90	15.88	14.90	16.16	6.22
sz002748	-565	0	0	0	74.19	11588	14.21	14.36	14.05	14.39	0.70
sz300726	-244	-3687	-8136	0	-12385.98	139897	29.00	28.65	28.65	29.66	-9.99
sz300251	13329	50540	33313	0	9882.30	674705	10.23	11.35	10.19	11.35	9.98
sh603355	-171	0	0	0	-125.99	15361	37.88	37.93	37.01	38.48	0.16
sz002343	-5515	0	0	0	2361.27	61192	31.89	33.08	30.95	33.50	3.76
sh603768	387	0	0	0	-74.38	10829	17.86	18.07	17.66	18.09	1.18
sh603226	0	0	0	0	73.36	3841	29.90	30.01	29.42	30.05	-0.07
sh603223	0	0	0	0	15.07	3494	23.00	22.81	22.63	23.04	-1.72
sz000698	-83	1606	5000	0	145.20	44453	5.85	5.90	5.82	5.93	0.68
sh600195	-1155	0	0	0	-941.36	25507	20.19	20.27	19.85	20.33	0.55
sh601801	4283	6496	4813	0	1028.82	76637	10.20	10.45	10.12	10.53	2.25
sz300499	0	0	0	0	-45.85	3903	19.07	19.12	18.60	19.23	0.58
sh600298	-9462	1086	0	0	-2342.84	111393	34.92	35.63	34.52	35.90	1.22
sz300015	-3975	0	0	0	-486.62	67537	35.30	35.00	34.70	35.46	-0.28
sh600060	7234	5295	5209	0	1848.49	154222	16.33	16.71	16.00	16.72	1.95
sh600711	4668	-4322	-10742	0	1402.79	535123	9.15	9.36	9.06	9.37	2.86
sh600710	-5410	-1200	0	0	-292.28	27426	6.20	6.20	6.13	6.23	0.00
sz300518	0	0	0	0	-2.24	3424	49.95	50.32	49.01	50.39	0.56
sh600874	-13853	-1779	-2491	0	-1142.19	225704	13.75	13.89	13.60	14.10	1.83
sh603701	-240	0	0	0	104.86	6298	18.52	18.72	18.03	18.73	1.63
sh600126	-441	2971	0	0	-582.90	103132	7.04	7.14	7.01	7.20	1.56
sz000888	-5049	-353	0	0	-467.10	55517	10.43	10.59	10.12	10.59	1.63
sz300503	305	1000	0	0	-58.22	19758	12.72	12.63	12.19	12.85	2.10
sh600461	-4440	-1609	0	0	-415.17	30395	6.19	6.22	6.16	6.24	0.65
sz300195	-253	0	0	0	-112.92	16862	13.91	14.00	13.65	14.05	0.07
sh603477	-10217	-984	0	0	-1295.87	98040	15.20	14.89	14.31	15.29	-6.18
sh603619	-6503	0	0	0	-2235.88	90168	44.55	42.61	42.51	45.50	-6.19
sh600499	-16589	-5616	-3672	0	-504.11	230006	10.15	10.18	9.89	10.25	1.19
sz002127	14184	5978	2108	0	1591.78	124434	11.80	12.49	11.70	12.65	5.94
sz002101	41	0	0	0	196.43	20080	19.90	20.08	19.59	20.12	0.85
sh601998	-77647	-66695	-29993	0	-4639.60	1110972	7.16	7.12	7.06	7.32	-1.11
sz002594	15743	9838	5395	0	24825.10	172657	63.68	66.60	63.62	67.01	5.38
sh603903	0	0	0	0	-295.57	13314	38.46	37.93	37.76	38.67	-0.65
sz002111	-87	0	0	0	167.35	21917	15.10	15.12	14.80	15.21	-0.07
sz002110	-22414	8673	8552	0	6792.20	699682	23.65	24.92	23.65	24.93	9.97
sz300497	-794	0	0	0	580.83	26596	37.79	39.06	37.22	39.18	3.88
sz300545	0	0	0	0	-817.37	8899	53.80	54.36	50.80	54.90	0.41
sh600986	-251	0	0	0	-115.18	26496	10.63	10.62	10.32	10.64	-0.09
sz002048	1475	0	0	0	1291.12	45356	21.99	22.82	21.93	22.90	3.02
sh603320	-652	0	0	0	-316.44	23360	29.49	28.82	28.52	29.49	-2.27
sh603797	-46	0	0	0	597.26	48461	20.52	20.68	20.20	21.08	2.07
sz002142	-46824	-26241	-16271	0	-1847.30	252280	19.88	19.81	19.68	20.25	-0.85
sz002892	-274	0	0	0	-239.09	16406	40.00	40.14	38.01	40.95	-0.32
sh600897	743	0	0	0	363.75	19478	23.17	23.58	23.17	23.66	1.81
sh603168	-2900	0	0	0	-612.92	43780	13.46	13.35	13.00	13.48	-1.04
sz000957	720	0	0	0	-208.25	67170	10.57	10.80	10.54	10.95	2.08
sz000488	-87001	-39232	-17765	0	-27521.50	585159	18.39	17.99	17.86	18.42	-2.33
sh603976	0	0	0	0	-352.72	17407	28.05	27.28	26.86	28.22	-4.48
sh600089	-85904	-77947	-59302	0	-3727.00	545147	10.22	10.14	10.02	10.23	0.30
sz002179	-2770	-1124	0	0	390.76	67186	36.85	36.99	35.88	37.29	0.38
sh600323	-8821	0	0	0	-888.35	48262	14.21	14.20	14.12	14.27	0.21
sh600188	-12308	4115	-6600	0	-571.72	362596	16.70	16.77	16.40	17.35	1.15
sh603519	0	0	0	0	12.76	2878	20.62	21.08	20.60	21.18	1.35
sh603730	0	0	0	0	267.21	11472	34.67	34.81	34.50	34.89	0.32
sh600872	-786	0	0	0	-2461.86	46839	26.51	27.10	26.42	27.13	1.16
