sz000902	-21272	-3672	-3877	0	274.64	112774	10.40	9.94	9.92	10.40	-4.88
sz000901	-714	1000	0	0	-469.46	40900	22.10	22.29	21.62	22.34	0.81
sh603648	-11191	-2226	0	0	-795.41	187597	22.40	22.81	21.68	23.30	0.13
sh600990	-2759	0	0	0	-1628.48	25595	51.75	50.56	49.58	51.79	-1.83
sh600997	302	7141	2658	0	327.91	123039	6.10	6.19	6.01	6.23	1.14
sh600048	-82664	27632	-22413	0	-2088.00	2751892	17.40	17.93	17.04	18.21	1.41
sh600516	-59317	4506	-15271	0	-7673.60	836816	31.10	30.81	30.23	31.45	-2.00
sh600511	-4043	0	0	0	-2346.61	43896	27.29	27.10	27.07	27.74	-0.99
sh600510	-9534	-1529	0	0	-177.28	45427	7.04	7.04	7.02	7.18	-0.28
sh601111	-100400	-39660	-43127	0	-18668.00	1325584	11.50	11.09	10.92	11.74	-4.23
sh600420	-2536	0	0	0	844.28	46103	11.54	11.67	11.48	11.73	1.21
sh600422	-9393	-2400	0	0	-667.16	57306	9.13	9.15	9.04	9.15	0.33
sh600606	-110772	-170545	-250432	0	-60628.00	4772174	10.30	9.66	9.35	10.42	-4.64
sz000877	-10434	6807	3023	0	-2217.05	359654	11.48	11.57	11.24	11.74	-0.43
sz000055	-8366	199	2020	0	376.87	69587	6.10	6.24	6.10	6.36	2.13
sz000050	-10200	-6535	0	0	815.71	175058	19.29	19.42	18.90	19.74	1.20
sz300138	-2156	0	0	0	48.45	10425	12.18	12.30	12.10	12.35	0.24
sz300004	21811	5648	1446	0	2061.19	154262	10.63	11.12	10.47	11.25	4.71
sz300003	13648	9862	-2572	0	-1701.41	234405	24.46	26.04	24.46	26.10	6.68
sz300009	-8796	-2445	0	0	-3164.98	126977	24.29	24.25	23.45	24.75	-0.49
sz002042	1143	0	0	0	-636.46	38214	12.30	12.63	12.30	12.66	2.85
sz002238	-3719	-1300	0	0	-508.55	24860	9.56	9.47	9.27	9.56	-0.94
sz300317	-7290	-5450	-3000	0	-340.17	58056	14.10	14.18	13.70	14.28	0.64
sz002646	-2019	0	0	0	-88.88	16009	15.54	15.43	15.30	15.55	-1.34
sz002233	-5899	-1289	0	0	-856.40	94472	11.76	11.89	11.65	12.04	0.34
sz002753	-625	0	0	0	-356.06	16715	19.80	19.45	19.00	19.80	-0.87
sz002759	-1192	0	0	0	-753.62	43645	15.96	16.09	15.25	16.20	0.56
sz000756	-7250	0	0	0	-951.61	46652	13.34	13.23	13.11	13.40	0.08
sz300265	-889	0	0	0	-94.07	12522	8.88	8.81	8.66	8.88	-0.34
sz002354	-18570	-3261	-2006	0	-2902.98	90931	17.45	17.26	16.90	17.46	-2.32
sz002682	-1129	0	0	0	-167.95	21887	10.98	11.10	10.87	11.17	1.28
sz300654	-1083	0	0	0	-32.99	29401	31.25	32.85	30.10	32.85	4.05
sz300650	171	0	0	0	25.23	7748	36.40	38.26	36.40	38.50	3.46
sh600850	-5345	-2000	-2000	0	-116.12	20381	18.30	18.37	18.19	18.47	0.44
sh600859	-10367	1025	0	0	1604.42	116327	22.38	22.69	21.88	22.77	1.16
sh603233	0	0	0	0	-341.65	8058	47.25	48.81	47.25	49.20	2.95
sz002531	-7213	1286	0	0	-59.73	120119	7.17	7.09	6.90	7.21	-0.98
sz002533	-251	5007	3962	0	-518.10	35300	6.69	6.60	6.51	6.69	-1.35
sh603726	0	0	0	0	-34.48	7327	30.24	30.86	30.04	30.94	1.71
sh603721	-1162	0	0	0	89.60	32597	27.78	28.45	27.65	30.18	3.64
sh603728	-1823	0	0	0	-448.60	16847	21.95	21.88	21.25	22.02	-0.73
sh600299	-1189	-1007	0	0	589.13	39455	11.70	11.70	11.46	11.90	0.52
sh600293	-5685	-1200	0	0	-445.89	39445	8.10	8.05	7.93	8.11	-0.86
sh600291	-4401	19753	2133	0	10234.57	515551	24.45	25.81	24.40	26.49	5.65
sh600297	-19466	2571	2384	0	-371.95	188027	7.74	7.84	7.50	7.86	1.55
sh600295	-5342	0	0	0	-202.36	106611	14.07	14.16	13.72	14.37	0.35
sz000915	-1534	0	0	0	826.33	33205	29.20	29.63	29.01	29.97	1.44
sz000919	1636	0	0	0	127.79	40852	8.90	9.11	8.83	9.14	2.36
sh603656	0	0	0	0	-13.99	4697	29.40	29.89	29.01	30.16	2.05
sh600073	-14958	-9253	0	0	-752.45	63146	8.13	8.12	8.00	8.18	0.25
sh603685	-865	0	0	0	-211.49	49446	36.91	37.32	35.99	37.97	0.35
sz002827	-471	0	0	0	0.35	30431	19.44	19.60	19.15	19.75	-0.36
sh600459	-4467	0	0	0	-1116.15	31769	21.75	21.65	21.32	21.85	-0.69
sh603683	-30912	-15375	-5655	0	-542.18	207684	28.50	26.01	25.80	29.24	-2.14
sh600452	-243	0	0	0	-301.14	15819	33.00	33.19	31.84	33.55	0.67
sh600674	-24451	-11525	-1137	0	-1091.59	166484	9.84	9.85	9.74	9.88	-0.20
sh600676	-4275	0	0	0	66.57	33914	6.41	6.42	6.37	6.44	0.00
sz000040	130	0	0	0	-1320.90	29206	13.51	13.38	13.20	13.65	-0.22
sz300121	-4478	0	0	0	-272.96	25080	14.42	14.30	14.08	14.60	-1.38
sz300129	-17399	-7330	-3878	0	-607.36	64787	6.72	6.58	6.50	6.73	-2.08
sh600704	8605	13282	7209	0	-565.86	234244	7.19	7.26	7.14	7.34	1.11
sh600705	31885	46887	33525	0	666.51	611165	5.56	5.69	5.55	5.78	2.15
sh600706	3690	2000	2000	0	-63.77	10000	19.05	19.15	18.86	19.20	1.27
sz300307	1279	1346	0	0	279.60	39347	7.96	8.12	7.88	8.16	1.50
sh603536	-328	0	0	0	267.84	7976	19.70	19.77	19.39	19.86	0.61
sh603398	885	-1000	0	0	319.22	31371	16.24	17.12	15.89	17.68	5.03
sz300660	0	0	0	0	-595.02	8106	64.05	65.14	63.05	65.34	1.13
sz300665	-412	0	0	0	179.85	13366	26.98	27.39	26.52	27.49	1.48
sz300669	-470	0	0	0	181.26	10628	23.85	24.58	23.75	24.61	3.06
sh600843	16	0	0	0	-33.09	10958	10.37	10.43	10.26	10.45	0.38
sh600845	-3931	0	0	0	-674.81	36138	19.08	18.94	18.15	19.19	-2.22
sh603711	-5428	0	0	0	-1555.63	100079	29.88	30.07	29.20	30.50	-1.80
sh603716	0	0	0	0	-52.53	2686	49.21	49.91	48.60	50.27	1.09
sz002036	-7600	-1034	0	0	26.35	80376	14.94	15.33	14.58	15.41	1.93
sh603083	-1560	-639	-2089	0	-279.11	84300	49.00	50.86	48.12	52.40	6.31
sh603086	0	0	0	0	-16.12	5322	36.20	36.95	36.09	37.29	1.71
sh600284	-918	1002	0	0	60.53	27352	9.40	9.51	9.39	9.53	0.53
sh600280	-11001	-5478	-5668	0	-1226.63	81790	7.73	7.66	7.55	7.82	-0.91
sh600885	-1345	0	0	0	629.56	25114	44.22	43.58	42.20	44.42	-1.94
sh603880	-505	0	0	0	-663.87	30135	27.50	26.72	26.38	27.67	-4.06
sh603203	-600	0	0	0	-148.92	5934	38.25	38.22	37.49	38.43	-0.13
sh603665	-230	0	0	0	4.71	3594	35.30	35.17	35.02	35.80	-0.37
sz000672	-70970	-32234	-29383	0	-2955.82	391863	11.80	11.33	11.07	11.80	-2.33
sh600067	-52073	-24627	-13885	0	-2546.29	160918	6.84	6.71	6.65	6.86	-2.33
sh600066	-20187	-5925	-2002	0	-3223.68	155381	23.09	22.69	22.56	23.09	-1.52
sh603869	-977	0	0	0	-443.91	14122	21.22	20.90	20.56	21.30	-1.55
sh603861	252	0	0	0	-126.84	21667	16.64	17.33	16.59	17.66	3.96
sz002815	562	0	0	0	-553.56	13167	29.70	29.28	28.80	29.71	-1.35
sz300683	0	0	0	0	211.08	10217	52.75	53.90	51.60	54.28	2.20
sz000417	-4454	610	0	0	23.50	38621	7.96	8.00	7.90	8.01	0.76
sh600663	-3238	0	0	0	-467.86	54475	20.80	20.76	20.38	21.20	-0.38
sh600660	-13860	3798	4726	0	-15955.03	194122	28.75	28.15	27.80	28.75	-2.53
sz000789	-65643	-20706	-26897	0	-199.39	487786	12.69	12.37	11.92	12.70	-1.98
sz000898	30583	21213	6599	0	1229.18	383271	6.42	6.52	6.36	6.56	1.87
sh601390	24294	23155	14609	0	1591.31	460018	8.46	8.53	8.46	8.61	0.83
sz000524	-662	0	0	0	-185.82	8835	11.24	11.33	11.10	11.38	0.53
sz000090	-38685	-17364	-8820	0	2009.61	211395	11.30	11.18	10.98	11.38	-2.02
sh600711	-51391	-20998	-15936	0	-4643.43	321925	8.95	8.86	8.70	8.97	-1.77
sh603527	-2732	0	0	0	-686.50	60918	30.75	30.79	29.90	31.25	-1.06
sz300203	-1966	0	0	0	-2345.42	67954	31.07	31.71	30.62	31.99	1.99
sh600167	-204	0	0	0	-20.43	4534	23.53	23.42	23.15	23.70	-0.38
sz300514	-693	0	0	0	-5.29	14372	26.40	27.20	26.08	27.27	3.30
sz300516	0	0	0	0	63.17	3838	43.60	44.03	42.98	44.26	0.99
sz300517	-231	0	0	0	-95.45	8865	18.42	18.87	18.14	18.90	2.44
sz300512	-930	0	0	0	-149.59	10439	17.15	17.23	16.83	17.26	0.70
sh603385	99	0	0	0	457.72	27560	21.45	21.97	21.40	22.18	2.19
sh603388	-265	0	0	0	11.36	7999	16.70	16.87	16.48	16.94	1.02
sz300677	-921	0	0	0	507.18	25257	58.26	59.47	57.45	59.50	1.92
sz300670	-422	0	0	0	1395.08	32125	22.44	23.12	22.28	23.40	3.08
sz300673	0	0	0	0	188.56	4333	41.70	41.99	41.32	42.21	1.16
sh600161	-8053	0	0	0	-2112.80	59457	29.03	28.73	28.30	29.14	-1.44
sz300476	-4496	0	0	0	-2967.39	42147	24.59	24.07	23.92	24.59	-2.59
sh603258	-202	0	0	0	27.77	11786	31.20	30.74	30.20	31.20	-1.06
sh603707	-3979	0	0	0	-480.05	31643	27.26	27.88	27.05	27.95	2.31
sh603701	0	0	0	0	49.09	6796	18.22	18.37	17.88	18.40	0.82
sz002791	8513	8801	8801	0	-102.79	24027	18.91	19.46	18.52	19.57	3.29
sz002793	-894	0	0	0	-310.23	17868	16.31	16.03	15.70	16.43	-1.90
sz002792	-2628	0	0	0	-934.29	20825	32.92	33.08	32.00	33.32	0.79
sz002027	-53777	-15053	-17445	0	4144.46	474361	13.79	13.71	13.42	13.92	-0.29
sz002798	0	0	0	0	-57.59	5023	47.54	46.79	46.42	47.96	-1.58
sz002029	-1204	1417	0	0	228.99	37654	8.28	8.39	8.26	8.43	1.33
sz002028	21327	17341	10070	0	-133.06	61386	14.71	14.74	14.35	15.07	0.07
sh603090	0	0	0	0	-17.70	6007	19.39	19.44	19.12	19.64	0.41
sh600271	-55009	-23594	-6706	0	-11453.90	295810	21.28	20.65	20.35	21.29	-4.31
sz002245	-22067	905	-3034	0	-1496.97	198073	9.09	9.28	8.90	9.36	1.53
sh603898	-413	0	0	0	-114.82	12534	30.88	30.35	30.07	31.11	-1.97
sh600016	175925	177990	204066	0	-9879.90	2350693	8.89	8.90	8.87	9.12	0.23
sz000665	349	0	0	0	150.35	29122	10.00	10.08	9.96	10.11	0.50
sz000669	-936	0	0	0	-55.09	45220	13.78	13.71	13.43	13.82	0.00
sz002802	0	0	0	0	-77.86	5517	27.45	27.69	27.03	27.87	0.95
sh600383	-105195	-64917	-54169	0	-13942.50	1128904	17.20	16.71	16.08	17.29	-4.02
sz300698	-50708	-26598	-20228	0	8198.53	138679	29.47	29.47	28.70	29.47	10.00
sh600477	-41931	-10589	-13972	0	-3994.68	355405	8.88	8.83	8.60	8.94	-2.75
sz000400	-28272	-2058	0	0	-5258.33	131098	12.33	12.18	12.04	12.35	-1.06
sh600121	-4771	-282	0	0	-207.05	49303	6.21	6.27	6.11	6.28	0.97
sh600122	66848	74978	48291	0	-3215.51	205575	9.72	9.63	9.57	9.72	-0.62
sh600125	-9811	7187	8363	0	575.29	298823	10.08	10.16	9.85	10.28	1.30
sh600498	-9012	-1100	0	0	-3054.46	132978	28.72	28.31	27.20	28.79	-0.32
sz000791	-3734	762	0	0	-103.95	79441	7.75	7.81	7.65	7.88	0.51
sh600491	-15964	-6062	0	0	-1853.83	72789	9.68	9.50	9.35	9.72	-1.76
sz000889	-5551	-1087	0	0	-449.40	18805	12.82	12.75	12.46	12.85	-1.62
sz000888	-6004	-2008	-2008	0	184.46	34242	10.39	10.42	10.23	10.48	0.29
sh601019	-17541	1696	0	0	46.25	250849	12.36	12.68	12.32	12.88	2.76
sz000062	-97	0	0	0	-390.71	15648	23.04	23.13	22.81	23.15	0.61
sz000069	42099	72660	66408	0	8469.60	1826695	10.15	10.22	9.87	10.47	5.69
sh601636	-18025	-14219	-13125	0	-7860.20	835766	7.12	6.81	6.71	7.12	-4.22
sz000089	3498	2634	2129	0	2147.78	211613	8.70	8.81	8.63	8.82	1.26
sh600729	-1409	0	0	0	123.88	33894	25.73	25.98	25.51	26.10	0.04
sh600727	-9299	2704	0	0	-666.49	82189	8.19	7.90	7.71	8.20	-3.54
sh600723	5114	0	0	0	524.23	29954	8.34	8.51	8.28	8.52	2.53
sz000333	-40285	-10564	-7099	0	-42360.00	414037	61.00	58.75	58.45	61.01	-3.83
sz002412	4411	0	0	0	-181.08	56704	16.41	16.54	16.29	16.69	-0.60
sz002022	-2783	0	0	0	-383.07	35453	13.85	13.76	13.53	13.85	-0.36
sh603098	-29974	-16102	-15815	0	3902.48	74757	18.35	19.06	18.19	19.06	9.98
sh603096	0	0	0	0	-172.32	4782	60.92	62.48	59.68	62.80	1.91
sz002493	-14095	-1922	-230	0	-7305.83	366976	14.89	14.00	13.40	14.96	-5.66
sz300509	0	0	0	0	32.11	5219	24.63	24.82	24.12	24.98	1.22
sz002657	-18890	-2602	1018	0	-4789.25	168867	24.00	24.12	23.50	24.51	-6.22
sz300507	-140	0	0	0	-11.24	18743	28.43	28.95	27.55	28.97	3.21
sz300446	-300	0	0	0	-280.62	9582	21.00	21.05	20.31	21.18	0.05
sz300447	-638	0	0	0	-100.70	19650	16.97	17.18	16.81	17.35	1.60
sh603260	1000	2257	2257	0	1407.71	121662	61.00	63.22	59.62	64.30	3.67
sz300445	0	0	0	0	-21.80	5531	15.46	15.64	15.37	15.69	1.16
sh603066	-4780	-1200	0	0	-365.78	13995	12.24	12.20	12.05	12.29	-0.73
sh600266	-21666	-314	0	0	-903.05	161497	14.21	14.24	14.05	14.48	-1.11
sh603283	-6845	3047	39	0	-6697.49	204934	34.50	32.87	30.88	35.69	-4.20
sz002277	-11990	-4820	0	0	-396.88	67175	5.94	5.94	5.90	5.95	0.00
sh603605	609	0	0	0	685.76	58521	28.11	28.89	27.81	29.24	1.98
sh603602	0	0	0	0	726.93	25598	48.69	49.42	48.31	50.00	2.94
sh603608	-3936	0	0	0	-26.77	23973	10.74	10.82	10.30	10.96	0.74
sh600004	-28691	-6040	-529	0	-3827.98	186313	15.80	15.68	15.38	15.90	-0.95
sz000650	-6592	-2087	0	0	-45.16	46089	5.28	5.31	5.24	5.32	0.38
sz002875	-1280	0	0	0	523.18	31575	28.01	28.36	27.75	28.70	2.01
sh603179	-748	-1649	0	0	-2809.64	65131	37.30	37.49	36.81	39.49	3.62
sh603848	-3977	0	0	0	833.77	119102	22.00	22.73	21.63	22.98	1.97
sz002878	-586	0	0	0	581.88	20514	34.62	36.67	34.30	37.96	5.89
sh600398	4420	1601	1961	0	-645.51	195284	10.40	10.39	10.20	10.51	0.29
sh603110	-2452	0	0	0	-787.51	67699	30.00	30.00	29.20	30.88	-2.79
sh603116	534	0	0	0	-221.91	13138	15.17	15.29	15.01	15.30	0.39
sh600138	-10305	-1053	0	0	1451.99	86984	22.61	22.23	21.71	22.62	-1.20
sh600648	-773	0	0	0	-120.78	26705	19.02	18.84	18.60	19.02	-1.00
sh600137	388	0	0	0	128.25	22688	23.11	23.56	22.54	23.68	1.90
sh600640	-5207	-1311	0	0	-705.70	20849	14.27	14.22	13.97	14.27	-0.49
sz002909	-12005	-530	0	0	-3303.51	121125	25.45	25.12	24.81	27.25	-2.97
sh600480	-1413	0	0	0	-336.61	38064	15.42	15.39	15.11	15.45	-0.32
sz002242	-11851	-2542	0	0	-1066.28	86309	18.35	18.25	18.12	18.57	-0.82
sz000501	-9538	268	0	0	-904.45	89328	17.10	17.35	16.91	17.35	1.05
sh600737	2063	5274	655	0	661.39	210148	7.91	8.16	7.91	8.24	2.77
sh600208	-112482	-87567	-64082	0	1565.00	924496	5.40	5.39	5.20	5.45	-0.55
sz300042	-200	0	0	0	-203.22	3108	31.52	31.79	31.15	31.86	0.86
sz300041	-5438	-1300	0	0	-576.72	35109	9.75	9.69	9.43	9.75	-0.51
sz300046	-1858	0	0	0	189.27	52529	19.34	19.85	18.82	20.18	1.64
sh600015	55252	85349	46633	0	5625.70	839270	9.40	9.52	9.40	9.73	1.06
sz300194	-5911	0	0	0	-196.66	25543	5.77	5.75	5.69	5.77	-0.17
sz300190	-399	0	0	0	-100.81	23079	11.27	11.39	11.08	11.48	0.89
sz300222	-3850	0	0	0	-407.38	54798	19.42	19.52	18.90	19.75	0.51
sz002317	-3621	1228	2627	0	-728.80	41638	12.28	12.29	12.19	12.35	0.16
sz002310	-18483	-7035	-5516	0	115.17	183283	18.55	18.66	18.16	18.78	0.43
sz300536	-2343	-1613	0	0	-651.13	75599	19.68	19.77	18.81	19.96	1.38
sz002649	-50537	-21170	-13916	0	-5005.20	216751	11.70	11.57	11.22	11.88	-4.70
sz300532	-1351	0	0	0	167.78	15255	23.30	24.14	23.12	24.57	2.99
sh600816	15024	13463	7358	0	214.29	275021	12.93	13.28	12.91	13.49	2.71
sz002001	-44136	-15589	-5461	0	-14132.00	329591	44.41	42.16	41.87	44.41	-5.81
sz002002	-18806	-6148	-5210	0	-861.81	115255	7.06	6.95	6.85	7.06	-1.56
sh603298	-587	0	0	0	39.88	18926	15.79	15.91	15.49	15.99	1.34
sh600926	6058	33418	21355	0	-1460.50	550815	12.15	12.24	12.12	12.55	2.34
sz002267	-31674	-3336	-2271	0	-1251.03	106532	8.28	8.12	8.03	8.31	-2.29
sz002262	11801	-520	-46	0	3303.60	135134	14.83	15.56	14.83	15.89	4.22
sz002468	-1151	0	0	0	48.96	14167	24.30	24.33	24.18	24.45	-0.08
sz002464	1042	0	0	0	-4.67	15451	29.91	30.30	29.91	30.50	0.10
sz002865	-1468	-1089	0	0	-383.75	19734	22.66	22.79	22.16	22.96	-0.04
sz002860	-528	0	0	0	200.95	10450	39.98	41.25	39.42	42.00	3.18
sh603108	-1347	0	0	0	459.59	40204	11.85	12.08	11.85	12.35	2.20
sh600109	7699	20567	12075	0	3419.59	528965	9.42	9.72	9.42	9.85	3.29
sz002911	-17774	4049	4899	0	-9314.31	279484	37.64	32.81	32.52	38.86	-7.45
sh600499	-36937	-12444	-5525	0	-4693.68	339003	10.30	10.19	9.87	10.32	-1.92
sh600033	43906	25639	22268	0	1298.57	227423	3.67	3.74	3.66	3.77	1.91
sh600030	2352	59203	116524	0	-2789.00	4978876	20.50	20.94	20.50	21.89	3.41
sh600037	-4371	5	0	0	-504.80	55953	12.63	12.72	12.50	12.79	0.71
sh600746	-2940	0	0	0	-131.73	19795	7.99	8.08	7.79	8.08	1.38
sh600742	-12	0	0	0	-270.14	44339	17.00	17.29	16.93	17.36	0.93
sh600743	-102829	-47948	-23646	0	-2470.70	423132	4.21	4.07	4.04	4.25	-4.91
sz000429	-11550	-6102	0	0	333.78	75561	8.01	8.15	7.95	8.15	1.75
sz300054	-34671	-8067	-2004	0	-346.56	161674	11.88	11.49	11.02	11.98	-2.30
sz300183	-5083	0	0	0	-569.67	56633	18.30	18.56	17.93	18.85	1.31
sz300236	-2845	0	0	0	-663.27	44433	28.69	29.13	27.82	29.67	1.32
sz300230	-14995	0	0	0	-1314.66	63787	12.46	12.01	11.85	12.49	-3.15
sz300494	2750	1700	0	0	684.56	44286	16.77	17.50	16.37	17.52	4.04
sz002537	-18991	-382	4307	0	872.94	99721	10.21	10.27	10.01	10.42	-4.38
sz002126	-11072	-1078	0	0	-844.24	64242	9.16	9.11	9.03	9.16	-0.33
sz002672	1636	5891	3577	0	-739.29	60664	15.55	15.58	15.26	15.70	0.19
sz002670	-15194	-7332	-3440	0	-2428.25	280301	19.74	19.97	19.74	20.99	1.11
sz300428	-363	0	0	0	-27.06	19173	18.26	18.37	17.78	18.46	0.88
sh603599	-802	0	0	0	-322.15	36602	18.70	18.55	18.10	18.70	-1.12
sh603809	-207	0	0	0	-225.70	43108	37.60	38.43	37.08	38.66	1.18
sz002293	-2176	0	0	0	-122.63	19232	14.07	14.13	13.82	14.26	-0.07
sz002101	-955	0	0	0	151.24	16043	19.84	19.89	19.40	19.94	0.15
sz002456	8780	21977	18092	0	2999.90	705426	18.15	18.83	17.50	19.20	3.18
sz002450	-61190	-17756	-26105	0	-9430.90	714636	19.89	20.54	19.56	20.68	1.73
sz002859	-489	0	0	0	-123.63	21922	31.80	31.72	30.34	31.99	0.00
sz002852	-293	0	0	0	668.56	23813	31.76	33.42	31.55	33.94	5.23
sz002856	-3061	107	2312	0	22118.76	122599	49.00	48.62	46.98	49.20	1.61
sz002857	0	0	0	0	-26.94	2336	27.27	27.55	26.93	27.65	1.06
sh603825	-291	0	0	0	-244.70	8509	29.46	29.31	28.50	29.55	-0.51
sh603826	-3042	0	0	0	-122.65	41087	14.70	14.90	14.26	14.93	1.29
sh603829	-3225	2226	2226	0	297.84	144996	20.38	21.60	20.11	22.12	4.10
sh603136	307	0	0	0	389.54	18427	43.51	44.45	43.01	44.80	2.33
sh600113	-4484	0	0	0	-240.45	38043	10.70	10.61	10.45	10.72	-1.21
sh601199	-2180	-1338	0	0	-100.50	25889	5.55	5.57	5.50	5.58	0.54
sh600118	-4109	0	0	0	-186.57	64714	24.15	24.20	23.60	24.36	0.54
sz000988	-25671	-13275	-4851	0	-3900.48	155242	15.83	15.78	15.20	15.83	0.32
sh600028	63167	79058	35511	0	-26475.00	4256323	7.05	7.03	6.96	7.25	-1.13
sz000631	-60013	-11691	-6161	0	-1941.55	273734	4.79	4.59	4.55	4.79	-4.18
sz000568	-9210	1005	0	0	-14511.90	129990	73.23	70.07	69.90	73.83	-4.50
sh600755	-35899	8386	7075	0	-504.05	444518	10.65	10.68	10.53	10.84	-0.19
sh600750	-3991	0	0	0	144.43	56586	27.21	26.92	26.82	27.36	-1.25
sh603567	0	0	0	0	-72.67	9091	14.09	14.19	14.07	14.29	-0.14
sz002677	-6212	-1245	0	0	-2128.22	43927	17.29	16.55	16.39	17.48	-4.22
sz002063	11182	-7268	-9607	0	-7065.60	120882	12.22	12.22	12.22	12.22	-10.01
sz300526	-467	0	0	0	-86.79	13604	17.66	17.93	17.58	18.10	1.30
sz300088	-8919	1360	1374	0	-1243.57	552088	7.19	7.37	6.94	7.40	1.80
sh600170	27552	25025	17208	0	950.22	253407	3.80	3.82	3.79	3.84	0.53
sz300083	-1099	9199	6574	0	-350.75	215081	6.77	7.03	6.72	7.13	3.23
sz000685	-5934	2377	805	0	1819.47	122472	10.32	10.47	10.29	10.59	1.85
sz000686	35034	31429	17702	0	4278.97	454984	8.63	8.88	8.63	9.02	3.02
sz002669	-1080	0	0	0	-595.17	16784	24.80	25.15	23.26	25.30	1.41
sz002661	-2615	-1100	0	0	-89.68	10337	14.14	14.20	14.02	14.35	-0.21
sz300550	0	0	0	0	139.89	4592	30.01	30.82	29.78	31.29	2.12
sz300558	-491	0	0	0	-574.41	19554	59.67	59.70	57.61	60.28	-0.25
sh603555	183	1877	0	0	26.95	26244	18.58	18.47	18.15	18.59	-0.65
sh600837	35796	69384	65443	0	9258.40	947735	13.35	13.70	13.35	13.96	2.93
sh600835	-13109	0	0	0	-51.06	103424	22.94	22.56	22.21	22.99	-1.87
sz300430	396	0	0	0	6.36	10840	18.80	19.12	18.35	19.30	3.41
sz002067	-22407	-1036	-3757	0	-209.21	170929	6.05	6.02	5.92	6.05	-0.66
sh603580	-228	0	0	0	31.35	9209	29.80	30.64	29.44	30.67	2.65
sh603909	0	0	0	0	10.82	3280	31.90	31.81	31.12	32.15	1.24
sh603557	-8747	948	-604	0	-2164.89	117779	18.41	17.32	16.78	18.41	-1.14
sz002502	-1649	0	0	0	-161.00	27309	8.29	8.29	8.14	8.33	-0.12
sz002441	-1918	0	0	0	-299.75	26000	9.68	9.71	9.49	9.73	0.31
sz002111	-276	0	0	0	835.09	44408	14.95	15.25	14.78	15.38	1.80
sz300497	-794	0	0	0	-498.97	25190	36.36	37.46	36.10	37.69	2.94
sh601988	250225	270392	197038	0	6459.40	3768808	4.23	4.24	4.23	4.34	0.47
sz000963	-3315	0	0	0	-975.24	37205	55.95	54.53	54.30	56.08	-2.14
sh603127	0	0	0	0	703.86	7518	54.65	56.07	53.20	56.25	2.88
sh600236	-9796	-3889	0	0	-167.41	45192	5.60	5.61	5.58	5.64	0.18
sh600230	-11939	0	0	0	-9340.01	128727	48.84	46.06	45.00	48.85	-4.78
sh600233	-1698	0	0	0	-661.34	26400	16.72	16.61	16.38	16.80	-0.66
sh600697	-835	0	0	0	1018.22	22658	25.39	25.67	25.39	25.96	2.07
sh601188	6426	0	0	0	291.32	30116	4.09	4.18	4.08	4.20	2.45
sh600690	-59535	-22669	-31094	0	-5572.70	1058288	21.99	21.59	20.78	22.27	-1.28
sh600168	-2032	1149	0	0	-135.05	19710	8.24	8.28	8.19	8.29	0.36
sh600580	-16211	-2323	-2235	0	439.62	119951	8.55	8.43	8.34	8.56	-1.86
sh600585	-63645	-27142	-13603	0	-23931.70	551222	32.06	31.49	31.32	32.76	-1.72
sz000627	1890	18126	1725	0	-101.37	397802	8.22	8.50	8.19	8.76	3.03
sz000626	-9368	0	0	0	-1282.31	49179	12.32	12.12	12.08	12.42	-2.34
sz000620	-8398	-86	0	0	-256.75	50982	6.65	6.51	6.44	6.65	-2.11
sh600765	-8247	-3572	-3336	0	1025.89	58254	11.67	11.77	11.53	11.85	0.68
sh601966	5297	0	0	0	2614.88	58503	18.00	18.36	17.75	18.38	2.00
sh601566	-10332	-2210	0	0	-2757.72	50007	13.97	13.98	13.89	14.05	0.14
sz300097	-1876	0	0	0	20.84	37171	24.72	25.37	24.40	25.50	2.26
sz300546	0	0	0	0	166.15	8599	20.51	20.62	20.11	20.78	0.54
sz300401	-2350	0	0	0	474.45	27805	49.35	48.07	47.50	49.35	-1.84
sz300409	-4094	0	0	0	-2772.03	49947	51.88	49.08	47.30	52.27	-4.98
sz002056	-41129	-17255	-6500	0	-6766.30	306281	10.43	10.23	10.00	10.51	-2.48
sz002726	-2182	0	0	0	-124.26	33911	10.87	11.00	10.80	11.08	1.10
sh603027	-1718	0	0	0	339.58	16153	18.50	18.80	18.45	18.86	0.53
sz002627	-1013	0	0	0	-153.90	5724	18.12	18.23	17.98	18.26	0.61
sh601818	172040	197504	215917	0	20516.20	4620381	4.22	4.27	4.21	4.37	1.43
sz002620	-5395	-1809	-1057	0	-1247.43	102826	9.78	9.97	9.77	10.06	2.05
sh603936	-2308	-1000	0	0	364.11	14842	24.10	24.31	23.83	24.51	1.00
sh600917	-21227	-1032	0	0	-984.14	187523	10.60	9.96	9.80	10.65	-6.57
sz300715	-1045	0	0	0	-201.56	28590	37.28	36.88	35.89	37.50	-2.07
sz300712	-2656	0	0	0	6.53	64723	26.60	26.68	26.02	27.50	-0.63
sz300711	-3587	-873	0	0	-7.35	150452	29.65	31.50	28.61	32.00	6.35
sz300718	-568	0	0	0	-487.10	55154	40.01	42.13	39.92	42.30	4.10
sz002124	-2682	0	0	0	-179.24	29431	8.65	8.72	8.58	8.81	0.00
sz002123	362	1000	0	0	-15.40	42581	10.08	10.05	9.95	10.11	-0.50
sz002128	-17036	-3410	2216	0	-741.44	246204	10.60	10.79	10.36	10.89	1.31
sh600352	-111734	-72915	-56237	0	-6961.30	695664	12.61	12.32	12.28	12.75	-1.75
sh600354	-11138	5082	3827	0	-217.12	111455	6.98	7.07	6.87	7.23	0.57
sh603803	526	0	0	0	143.56	27083	17.99	18.45	17.81	18.74	3.19
sh603806	0	0	0	0	-54.07	6888	33.82	33.66	33.31	34.13	-1.00
sz002108	-17126	-5335	-2243	0	-2782.35	107311	11.24	11.17	10.95	11.28	-0.71
sh600229	-946	0	0	0	135.63	25252	7.51	7.60	7.41	7.64	1.06
sz002540	-8252	-4003	-3000	0	-213.75	73587	7.53	7.47	7.45	7.61	-1.58
sh600173	-53810	-23036	-17644	0	-2545.86	212884	6.60	6.37	6.29	6.62	-4.64
sz000612	-3859	-1203	0	0	140.52	75180	8.35	8.33	8.28	8.45	0.12
sh600597	-5061	3300	-3397	0	-2325.20	252330	15.04	15.23	14.85	15.54	1.20
sh600593	-45	0	0	0	-183.81	8222	28.97	29.00	28.76	29.13	0.00
sz000967	-7949	0	0	0	-388.92	44859	9.19	9.10	9.00	9.19	-0.11
sh601311	-5940	0	0	0	136.96	46188	13.11	13.16	12.93	13.18	0.30
sh600688	-95706	-31463	-12391	0	-2891.51	567793	6.83	6.85	6.75	6.96	-0.15
sh600684	-88467	-40016	-23828	0	-4292.25	299829	6.88	6.71	6.64	6.93	-3.45
sz000548	-5780	-998	0	0	-457.07	33691	6.39	6.41	6.29	6.43	-0.16
sz000813	-26879	-5204	0	0	-1478.39	116583	9.16	8.92	8.84	9.35	-3.36
sz000546	-3214	0	0	0	568.35	32088	15.43	15.50	15.08	15.63	0.13
sz300396	-1173	0	0	0	-740.30	19144	42.79	43.95	41.25	44.58	2.69
sz300572	0	0	0	0	-120.70	2656	61.58	61.53	60.00	62.28	-0.44
sz300570	-1784	0	0	0	-727.95	41318	19.85	19.87	19.51	20.40	1.27
sz300575	-640	0	0	0	-164.35	10275	39.78	40.08	39.33	40.30	0.58
sh600985	-3719	0	0	0	1316.78	90755	15.50	15.49	14.88	15.87	-0.90
sz300371	-241	0	0	0	-21.10	5813	18.54	18.62	18.15	18.66	0.92
sz002732	-2311	-1166	0	0	357.59	19131	27.57	28.59	27.48	28.59	3.21
sz002731	0	0	0	0	63.49	6141	17.56	17.62	17.33	17.75	0.34
sh603033	0	0	0	0	34.34	3488	17.78	17.97	17.67	18.07	0.50
sh603031	0	0	0	0	-12.66	7125	23.99	23.98	23.52	24.35	-1.44
sh600969	-270	0	0	0	-101.73	14023	12.39	12.36	12.29	12.40	-0.24
sh600966	-39824	-9126	147	0	-1946.83	162081	6.16	6.07	6.01	6.16	-1.78
sz300702	-209	0	0	0	466.95	27763	42.23	43.98	42.23	44.50	3.12
sz300705	-1745	0	0	0	-719.03	30298	29.52	29.99	29.50	30.88	-0.93
sz300707	-167	0	0	0	-495.03	30778	43.89	46.60	43.22	47.50	6.93
sz002139	-16338	-3042	2209	0	-438.98	128468	10.23	10.46	9.94	10.55	2.15
sz002138	-2939	1668	0	0	1610.73	107252	15.91	16.21	15.66	16.36	1.95
sz002136	-1800	0	0	0	-295.05	23972	13.90	13.86	13.64	13.98	-0.22
sh603323	-2476	9999	5658	0	-1766.15	297383	8.52	8.73	8.51	9.04	2.34
sh603320	0	0	0	0	-0.75	22731	28.50	28.62	28.30	29.25	0.70
sh603496	-234	0	0	0	62.58	8529	31.76	32.43	31.51	32.64	1.66
sh603499	-906	0	0	0	-113.86	52090	26.70	26.76	25.80	27.47	-0.67
sh603818	-1146	0	0	0	55.61	13828	13.38	13.53	13.16	13.54	1.12
sh603816	-880	0	0	0	-1459.12	15010	63.80	63.22	62.51	63.94	-0.72
sh600211	300	0	0	0	102.81	3910	33.75	34.13	33.53	34.20	0.71
sh603922	-1633	0	0	0	-550.15	70147	30.23	31.49	29.51	31.53	3.11
sh601163	-451	0	0	0	-281.59	29621	19.97	20.05	19.73	20.14	0.35
sh601169	-64319	-56507	-79377	0	1066.00	1094414	7.34	7.42	7.32	7.52	0.95
sz000601	-2322	0	0	0	34.99	22102	7.11	7.17	7.03	7.18	0.99
sz000608	-13682	-1930	0	0	-594.65	68692	6.68	6.48	6.44	6.68	-4.42
sh600785	0	0	0	0	91.60	6895	21.09	21.79	20.88	21.99	3.32
sh600787	-10742	28779	20111	0	-632.60	513580	11.78	11.95	11.69	12.19	0.50
sh600549	-30464	-7851	-2337	0	-6885.41	197195	24.68	24.26	23.64	24.68	-1.70
sz002735	0	0	0	0	-7.77	2989	32.06	32.12	31.20	32.20	0.19
sz000779	1406	0	0	0	145.62	9415	13.27	13.35	13.12	13.38	0.30
sz000639	-2560	0	0	0	776.65	24967	19.29	18.90	18.88	19.29	-2.07
sh600180	-3804	0	0	0	-103.72	19442	10.26	10.26	10.15	10.28	-0.29
sh601231	-17158	-6082	-2449	0	-1304.46	120457	14.10	13.93	13.61	14.14	-2.11
sh601788	17423	9942	8201	0	4179.85	319308	13.82	14.10	13.81	14.34	2.77
sz000980	-7650	1012	0	0	-806.76	99933	11.64	11.60	11.28	11.65	-0.43
sh600020	18321	11639	16038	0	3217.79	378588	5.01	5.18	5.00	5.24	2.98
sz002155	-18766	-6256	-6655	0	102.33	155135	9.70	9.68	9.65	9.92	-0.51
sz000553	-16877	-2813	0	0	-1421.34	115639	17.21	16.68	16.35	17.30	-4.03
sz300384	-295	0	0	0	1.41	7629	26.25	26.10	25.68	26.60	-0.99
sz002016	-51526	-10211	-4894	0	-2962.58	229970	12.90	12.15	11.96	12.90	-5.89
sz300565	0	0	0	0	-29.85	15855	20.21	20.48	20.06	20.72	1.69
sz300560	-875	0	0	0	-778.37	17219	32.30	32.55	31.66	32.97	0.00
sz300563	0	0	0	0	-74.00	2509	29.70	30.01	29.26	30.12	0.98
sh603797	-8012	-2286	-2321	0	-1372.82	106541	20.70	21.20	20.70	21.60	1.53
sz002706	-523	0	0	0	120.61	17704	11.80	12.08	11.75	12.20	1.51
sh603001	-7348	-1150	0	0	-806.43	29853	14.23	14.20	14.11	14.41	-0.28
sz002701	18402	10280	-1177	0	907.10	233502	5.80	6.09	5.80	6.12	4.64
sz002090	-414	0	0	0	-104.97	5715	22.11	22.15	22.02	22.32	-0.72
sh600977	2500	5699	4014	0	3960.21	143604	14.87	15.30	14.82	15.45	2.96
sh600976	-799	0	0	0	-507.46	9830	23.71	23.57	23.42	23.89	-0.97
sz002142	-11138	2199	-1983	0	7084.70	398403	19.51	19.80	19.41	20.50	1.49
sz002143	-9825	-7002	-8460	0	-652.15	77887	14.33	14.40	14.24	14.54	0.28
sh603316	269	0	0	0	621.53	28310	14.10	14.59	14.10	14.76	2.75
sh603313	-205	0	0	0	-297.17	8051	26.40	26.10	25.90	26.40	-1.14
sz002897	-2344	2017	3614	0	6863.15	52911	35.57	39.11	35.57	39.11	10.01
sz002895	-49992	-36610	-32173	0	-9393.26	253986	33.22	29.38	29.20	33.22	-2.72
sz002899	-1136	0	0	0	-1186.91	31027	30.13	30.20	29.25	30.38	-0.59
sh603955	0	0	0	0	537.92	14387	38.88	39.86	38.50	40.50	2.78
sh603776	-6969	-3513	-2832	0	2349.34	33063	57.25	60.34	57.09	60.34	10.01
sh603777	-220	0	0	0	157.99	12906	26.15	26.30	25.92	26.45	0.65
sz300577	0	0	0	0	-118.65	5199	65.63	66.88	65.63	68.25	2.01
sh600376	-33627	-6448	-4272	0	2097.92	262177	10.72	10.82	10.72	11.13	0.93
sh600793	0	0	0	0	93.11	11624	26.15	25.91	25.66	26.61	-1.33
sz000012	-41117	-21195	-10668	0	-3016.03	273387	8.81	8.75	8.65	8.83	-0.91
sz000018	-2599	3467	0	0	233.94	60283	6.13	6.16	6.06	6.20	0.33
sh600557	-17208	0	0	0	-1455.47	66870	13.70	13.48	13.37	13.72	-1.96
sh600559	-8827	-1011	0	0	-3484.30	94753	31.45	31.20	30.85	31.95	-1.70
sh601939	19222	70128	71318	0	15322.00	2576345	8.25	8.39	8.25	8.65	1.94
sz000651	-176784	-67135	-44301	0	-43167.00	968724	53.98	52.04	51.65	54.96	-4.29
sh601339	-3774	-1300	0	0	-117.48	18098	5.29	5.27	5.24	5.30	-0.57
sz300170	-14096	-830	-2063	0	556.15	132767	11.90	12.04	11.66	12.37	-0.58
sz002876	0	0	0	0	-186.58	5130	60.30	59.80	58.10	60.30	-0.17
sz002873	-793	0	0	0	-157.88	21292	45.50	45.00	44.66	46.36	-2.68
sz002624	3902	1113	0	0	240.19	37528	30.45	31.31	29.78	31.88	2.32
sz300355	-41039	-11818	1802	0	-2479.63	381776	11.99	12.15	11.69	12.23	0.83
sz000951	-5343	-1455	0	0	-463.77	42842	16.86	16.67	16.46	16.87	-0.42
sz002718	0	0	0	0	301.41	4022	44.15	45.98	43.33	46.19	3.77
sz002716	-11669	-4835	0	0	-356.63	132170	21.28	20.71	20.67	21.65	-2.54
sh603010	-250	0	0	0	-200.72	14373	24.71	24.82	24.20	25.30	0.45
sh603018	-501	0	0	0	-94.46	13349	27.22	26.74	26.52	27.22	-1.76
sz002088	-41	0	0	0	294.73	32921	13.80	13.88	13.50	13.94	1.31
sz002880	0	0	0	0	-340.58	7502	53.65	54.10	52.31	54.37	0.69
sz002152	-184080	-114224	-81137	0	-13704.39	928175	7.55	7.33	7.26	7.67	-8.38
sh603306	490	0	0	0	-313.78	6678	28.21	27.90	27.84	28.21	-1.10
sz002394	-3506	0	0	0	-478.88	29885	12.31	12.50	12.27	12.51	1.54
sz002396	-13577	-1000	0	0	-938.88	105098	19.29	19.58	19.29	19.83	1.03
sz002393	121	0	0	0	217.58	9272	30.80	31.20	30.55	31.20	1.27
sh603165	0	0	0	0	557.72	16447	54.50	55.05	53.02	55.49	2.25
sh600895	1096	2272	0	0	-378.42	57832	14.98	15.02	14.78	15.29	0.20
sz002573	-19663	-6593	-2575	0	-173.66	172638	20.28	20.59	19.80	20.73	1.43
sh603767	-1251	0	0	0	224.63	35019	14.89	15.39	14.74	15.42	3.36
sz000959	20198	17096	16641	0	1204.10	143286	5.92	6.09	5.87	6.18	2.70
sh600090	-7045	-7366	-2628	0	-300.01	65993	7.76	7.79	7.62	7.80	-0.26
sz000957	-2827	3879	2167	0	-377.30	94836	10.79	10.84	10.41	10.94	0.56
sz002889	-10177	-2152	-714	0	-4762.79	74652	30.00	30.05	29.51	30.48	0.07
sh600305	-7689	-1366	0	0	-687.44	53931	11.50	11.38	11.26	11.50	-0.87
sz002882	-4805	1500	0	0	-260.51	81258	14.40	14.58	14.17	14.89	-0.27
sz002885	0	0	0	0	-20.57	16310	34.51	35.88	34.51	36.67	3.31
sh600523	-822	0	0	0	-48.57	11465	15.63	15.67	15.29	15.71	0.26
sh600529	-200	0	0	0	15.67	12605	20.77	20.65	20.46	20.89	-1.85
sz002905	2511	2504	0	0	1882.53	63683	33.98	36.24	33.70	37.29	6.87
sz000717	38261	68177	14485	0	-3717.21	887632	8.29	8.34	8.11	8.45	1.34
sh601211	-6309	20726	-2103	0	7724.80	766590	19.39	19.70	19.38	20.22	2.28
sz000821	-2751	2000	0	0	-25.43	60976	11.23	11.41	10.93	11.49	1.97
sh601858	-4883	0	0	0	-174.17	53106	10.41	10.59	10.24	10.88	1.05
sh601328	-45471	-11188	-26775	0	818.50	3128447	6.54	6.55	6.53	6.71	0.46
sz300703	-665	0	0	0	-584.51	22509	33.59	34.33	33.23	34.98	1.24
sz300294	-530	0	0	0	209.73	24662	32.19	32.97	32.11	33.00	2.14
sz300581	0	0	0	0	-44.04	5839	28.75	29.15	28.18	29.36	0.87
sz002039	393	0	0	0	-63.32	17086	15.66	15.67	15.57	15.74	-0.06
sz002763	-1288	0	0	0	-127.39	10897	13.35	13.40	13.18	13.48	0.45
sh603577	-1828	0	0	0	-48.63	25408	13.36	13.55	13.05	13.65	1.50
sz002781	-242	0	0	0	-65.41	12089	22.15	21.72	21.41	22.15	-1.23
sh603688	-1439	0	0	0	-92.06	18791	14.14	13.88	13.80	14.42	-1.84
sh600363	-3154	0	0	0	-499.52	35961	11.81	11.91	11.55	12.00	0.85
sh603377	71	0	0	0	197.71	11098	39.50	39.67	38.01	39.75	0.35
sz002188	-5847	-351	2535	0	-1312.20	98248	13.21	13.47	13.07	13.58	0.97
sz002183	46749	56788	15456	0	4767.94	370111	7.30	7.62	7.28	7.69	3.11
sz002187	-676	0	0	0	60.37	9224	10.27	10.34	10.20	10.39	0.98
sz300627	-328	0	0	0	-257.69	8702	44.10	44.59	43.01	44.84	1.16
sz300625	-1518	0	0	0	-158.71	18271	24.10	24.47	24.00	24.67	1.28
sz300620	0	0	0	0	433.11	10613	34.70	36.01	34.50	36.19	3.54
sh603199	-200	0	0	0	-289.63	4998	28.49	28.45	28.41	29.09	-0.63
sh600886	-1024	19858	12341	0	525.93	303549	7.15	7.19	7.14	7.23	0.00
sh603970	-2598	0	0	0	1008.90	80611	29.92	31.24	29.80	31.56	3.41
sh603976	-1140	0	0	0	-385.59	35816	29.04	29.69	28.62	29.90	0.68
sh600400	12106	-2126	0	0	285.88	84415	7.15	7.26	7.14	7.30	1.26
sh603996	-1906	0	0	0	-232.41	19317	17.70	17.71	17.40	17.83	0.06
sz000928	-16080	-4981	0	0	-118.16	73126	6.31	6.36	6.25	6.40	0.47
sh600085	-4261	-2310	0	0	5465.21	124336	33.60	33.85	33.40	34.23	1.04
sh600081	-45	-1600	0	0	183.08	14424	12.35	12.46	12.18	12.48	0.48
sz002215	-5923	-1510	0	0	-55.04	38950	6.83	6.89	6.81	6.90	0.58
sz000038	-3660	0	0	0	-340.22	27698	19.63	19.28	18.77	19.78	-1.78
sz000039	-23797	-14637	-8112	0	-4559.33	125202	21.92	21.49	21.22	21.95	-1.69
sz000723	-19517	-18139	-10671	0	419.15	83538	6.65	6.67	6.57	6.67	-0.15
sh603518	455	0	0	0	121.18	6756	19.08	19.52	19.08	19.60	1.14
sz000728	-2430	-2964	5130	0	2417.85	548680	10.63	10.99	10.63	11.26	3.97
sz000729	-10939	-25675	-33550	0	-12211.62	674091	8.02	8.04	7.85	8.38	0.12
sh600629	-627	0	0	0	-256.00	13295	14.67	14.54	14.33	14.78	-1.42
sh603515	-477	0	0	0	-350.12	11073	44.68	43.99	43.00	44.68	0.14
sz000582	2670	-2461	-2461	0	302.62	72189	9.86	10.24	9.86	10.25	3.54
sz000581	-11118	-1879	-4154	0	382.00	240927	25.38	25.53	25.10	25.76	0.71
sh601688	33148	85708	99296	0	16697.00	1986154	20.08	20.48	20.08	21.50	2.35
sh601689	-1775	0	0	0	-976.21	28245	23.82	23.53	23.26	23.82	-1.22
sz300119	0	0	0	0	-2.10	6128	11.53	11.59	11.46	11.67	0.43
sh601669	71399	76794	58302	0	5728.92	352359	7.41	7.62	7.41	7.64	2.83
sz300027	3263	22327	7271	0	-1289.79	626982	9.17	9.36	8.90	9.49	2.07
sh600650	-1780	0	0	0	-123.18	21132	14.82	14.79	14.60	14.95	0.00
sh603569	0	0	0	0	-131.14	7761	24.34	24.31	23.76	24.43	-0.12
sh603568	871	0	0	0	911.01	26550	22.55	22.70	22.40	23.13	0.04
sz002776	0	0	0	0	8.27	5289	19.27	19.37	18.91	19.49	0.26
sz002772	-242	0	0	0	-102.49	18079	10.63	10.58	10.45	10.64	-0.38
sh603699	-1461	0	0	0	-68.31	12366	19.75	19.78	19.58	19.80	0.10
sz002172	-6484	-2070	0	0	-151.25	28879	5.93	5.88	5.76	5.93	-0.34
sh603365	-1716	0	0	0	-517.96	55593	23.52	23.92	23.32	24.18	1.06
sz002373	-27553	-4187	0	0	-2157.38	122534	14.00	13.87	13.50	14.00	-1.14
sz002370	-63	1037	0	0	31.70	7530	13.94	14.04	13.81	14.04	-0.28
sz002375	-13233	416	0	0	-732.21	66773	7.88	7.80	7.70	7.90	-0.76
sz300438	-571	0	0	0	-199.84	24213	28.02	28.18	27.20	28.36	0.46
sz002195	-70444	-37408	-19785	0	-4123.15	492107	6.15	6.12	5.96	6.17	-1.45
sz300638	0	0	0	0	-403.03	17202	40.80	41.10	40.62	42.36	1.99
sz300631	58	0	0	0	142.55	37838	24.69	26.62	24.30	26.84	6.14
sz300633	0	0	0	0	-170.18	9345	25.70	25.37	25.03	25.70	0.16
sz300632	0	0	0	0	-41.95	11382	21.45	21.84	21.04	21.95	2.39
sz300435	-430	0	0	0	-102.00	3994	15.60	15.61	15.47	15.66	-0.38
sz300637	-501	0	0	0	143.07	7851	19.51	19.92	19.31	20.10	1.74
sh603181	-12600	-3872	-2955	0	-2887.46	145933	27.81	25.91	25.59	28.20	-2.00
sz002590	0	0	0	0	235.83	22461	12.74	12.83	12.57	12.85	0.79
sh600436	-5296	-1002	0	0	-8470.13	64694	74.75	72.47	72.01	75.44	-3.31
sh603980	-1526	-2041	-2041	0	-778.06	70012	21.70	21.68	21.45	22.28	-1.09
sh603985	0	0	0	0	239.25	9174	38.78	39.39	38.53	39.78	0.48
sz000932	-29437	-4371	-10039	0	1666.14	386863	8.48	8.65	8.35	8.81	2.00
sz002202	-26440	-11354	-4133	0	-2429.27	259240	17.73	17.49	16.97	17.89	-1.46
sh600329	-6724	-1309	0	0	-267.69	23026	14.91	14.93	14.82	15.00	0.20
sh600980	-3626	0	0	0	-403.80	19404	14.85	14.76	14.47	14.93	-0.81
sh600508	6695	2711	0	0	860.53	90165	12.55	12.88	12.45	12.99	2.47
sh600509	-5695	-3131	0	0	110.57	32632	6.79	6.77	6.73	6.84	0.45
sh600502	-17327	-9927	-2873	0	-1394.09	102597	7.03	6.99	6.92	7.05	-0.29
sh600057	-7216	-1656	0	0	201.45	65444	8.28	8.27	8.19	8.32	-0.24
sh601900	-1068	0	0	0	52.53	19674	11.30	11.47	11.26	11.58	1.50
sh600183	-15046	-2701	-5583	0	3719.28	314210	16.34	16.68	15.91	16.92	2.33
sh601127	-806	0	0	0	-289.08	17577	19.90	19.53	19.42	19.92	-1.26
sh600619	-2650	0	0	0	-153.89	31548	11.31	11.22	11.11	11.39	-0.88
sh600612	-734	0	0	0	-106.14	12930	43.25	42.16	41.99	43.30	-2.29
sz000598	5864	4111	-705	0	301.52	120564	5.32	5.38	5.29	5.40	0.75
sz000591	28277	26899	27177	0	-72.64	201982	5.53	5.66	5.52	5.69	2.91
sz000780	-6186	-3879	0	0	-228.02	38218	4.95	4.96	4.86	4.96	0.40
sz000023	-691	0	0	0	-241.89	8360	20.29	20.11	20.11	20.30	-0.94
sh601699	-11214	19155	-17456	0	-4724.30	900001	11.03	11.15	10.70	11.38	0.72
sh601678	-62883	-19694	-5621	0	-1318.00	232899	8.89	8.59	8.53	8.94	-2.94
sz300727	-1560	3398	465	0	8426.67	124370	32.30	36.63	32.11	36.63	10.00
sh603758	388	0	0	0	142.52	53433	13.60	14.09	13.58	14.26	3.60
sz300033	179	1936	0	0	1219.34	86114	50.26	51.74	50.02	53.10	2.97
sz300039	-19354	-1320	0	0	-488.30	68431	6.52	6.45	6.37	6.55	-1.53
sz300327	-3199	0	0	0	-1348.88	41409	28.37	28.52	27.50	28.93	-0.04
sz300723	1150	2198	2651	0	369.85	101176	40.90	41.01	40.10	42.90	-1.89
sz002748	-276	0	0	0	-115.07	13434	14.51	14.60	14.15	14.68	0.69
sz300252	-1948	0	0	0	-434.27	39604	14.85	14.82	14.35	14.95	0.00
sz000776	74759	127907	111394	0	26903.70	1366366	18.18	18.73	18.18	19.19	3.94
sz002527	-4312	0	0	0	-277.87	28306	9.77	9.71	9.52	9.78	-0.21
sh603421	-254	0	0	0	-58.45	8604	25.35	25.29	24.81	25.66	-0.94
sz002443	-11765	0	0	0	-1050.76	63890	9.15	9.07	9.01	9.18	-1.20
sz002695	-1594	0	0	0	-196.99	47136	16.82	16.99	16.41	17.30	1.01
sh600303	-4768	625	2071	0	-42.57	48380	9.00	9.07	8.98	9.11	0.44
sz002343	-2948	0	0	0	-1928.07	52849	31.85	31.69	30.87	32.00	-0.22
sz002699	-19	0	0	0	147.83	9859	17.51	17.40	17.30	17.53	-0.46
sz300648	-775	0	0	0	-555.83	6125	60.09	60.25	57.80	60.85	0.27
sz300486	-2212	-1437	0	0	-212.15	27071	21.45	20.90	20.70	21.54	2.25
sz300487	8260	16035	15589	0	3632.05	114929	22.70	24.09	22.58	24.09	10.00
sh603225	-1404	0	0	0	-1000.34	48897	38.03	38.49	37.55	38.69	0.97
sh603730	0	0	0	0	316.75	15941	34.32	34.75	34.28	35.19	1.25
sz002285	-32325	94	-9376	0	3348.30	755586	11.91	12.01	11.61	12.39	0.08
sh603360	0	0	0	0	57.97	16512	22.60	22.91	22.41	23.33	0.48
sh600379	-2084	0	0	0	-232.14	8407	11.50	11.21	11.18	11.50	-2.35
sh601628	-7516	11631	11390	0	8688.90	380982	31.36	31.83	31.23	32.18	1.53
sh600993	-4495	0	0	0	-316.56	41817	20.62	20.66	20.29	20.74	0.19
sh600999	-46610	-11330	-15534	0	4012.20	644421	18.09	18.52	18.08	19.16	2.83
sh600338	-898	0	0	0	-2019.97	60733	39.07	37.06	35.79	39.16	-5.17
sh600518	-7878	-506	2021	0	4173.58	169979	21.80	22.00	21.70	22.23	0.23
sh600515	-12338	5307	3800	0	221.04	114436	13.07	13.09	12.92	13.53	0.15
sz002832	0	0	0	0	51.66	871	57.08	57.79	56.21	57.90	0.98
sh600197	-14182	-1854	0	0	5058.12	159829	25.53	25.93	25.53	26.69	1.81
sh601116	807	2391	0	0	-96.96	43938	20.37	20.45	19.96	20.80	-0.10
sh600600	-11142	-1187	0	0	-2725.91	83611	44.00	43.19	42.30	44.10	-2.35
sz000987	-6207	1435	0	0	-691.40	66365	9.88	10.14	9.83	10.29	1.91
sh601800	17560	20898	8419	0	2576.00	285765	13.22	13.60	13.22	13.67	3.26
sh601801	-3542	2000	0	0	389.07	60664	10.15	10.39	10.06	10.42	2.16
sz300137	-21554	-4734	-2485	0	-668.05	155989	21.85	21.95	21.18	22.00	-0.14
sh600335	-5616	0	0	0	-545.03	44994	10.64	10.59	10.46	10.66	-0.56
sz002643	-12824	-4842	-5224	0	-99.57	90807	10.71	10.93	10.51	11.03	1.67
sz300316	-6981	5343	-6283	0	3067.20	268530	19.08	19.70	18.45	20.20	4.79
sz002648	-30023	-10571	-4475	0	-2813.20	166693	19.12	17.80	17.60	19.12	-6.86
sz002757	1374	0	0	0	202.25	11799	36.61	38.06	36.61	38.08	4.13
sz300267	-30252	-14827	-16888	0	222.66	133203	6.62	6.63	6.51	6.64	0.00
sz300262	-4902	1506	0	0	187.62	66246	8.80	9.01	8.71	9.12	2.50
sz002356	-632	0	0	0	133.95	19738	30.57	30.14	29.50	30.57	-1.41
sz300655	0	0	0	0	169.04	11356	26.35	27.34	26.31	27.66	4.23
sz300652	0	0	0	0	-122.11	8814	27.01	27.65	26.66	27.73	2.29
sh600987	-6783	-2270	0	0	-231.15	26377	11.39	11.28	11.20	11.39	-0.62
sz300498	7257	11929	11142	0	-9806.20	229261	26.90	26.93	26.70	27.28	-0.15
sz300495	6811	11534	9332	0	137.25	42544	15.60	15.73	15.03	15.86	0.70
sz002536	722	0	0	0	-13.91	38826	14.71	15.07	14.50	15.07	2.38
sz002530	-1893	0	0	0	112.38	24724	24.70	24.23	22.85	24.70	-4.38
sh603727	-268	0	0	0	-653.76	48753	25.22	25.35	25.01	25.86	-0.78
sh603722	-6240	2005	2005	0	-5986.14	114351	45.50	42.92	42.81	46.86	-1.11
sh600079	-14322	-1281	-986	0	-3164.20	92462	17.89	17.70	17.56	17.89	-0.95
sh600075	-3930	0	0	0	338.67	52698	7.84	7.85	7.69	7.86	0.51
sz002829	0	0	0	0	-33.69	4696	25.81	26.24	25.81	26.30	0.92
sz002828	-1673	0	0	0	-394.11	25779	24.10	24.26	23.80	24.68	-1.98
sz300453	-1641	-1400	0	0	11.69	5676	15.98	15.89	15.73	16.09	-0.56
sh601101	-14047	2330	0	0	-1140.80	120472	8.07	8.17	7.90	8.25	0.62
sh603378	-7760	3094	4114	0	-6437.79	179011	26.90	25.40	25.18	27.77	-2.53
sz000997	-14221	-2554	0	0	-4396.30	127318	18.75	18.52	18.03	18.75	-1.49
sz000860	-6142	-2951	0	0	-1264.80	84114	19.65	19.73	19.64	20.18	-0.30
sh601811	-367	0	0	0	-29.33	16161	12.60	12.59	12.32	12.74	0.48
sz000042	-2610	0	0	0	-549.82	28765	18.28	17.31	17.21	18.38	-5.87
sz300127	-1007	0	0	0	-94.49	28928	16.29	16.48	16.11	16.68	0.43
sh600708	-76787	-31092	-15076	0	-3573.48	249401	8.00	7.70	7.68	8.03	-3.63
sh600703	-15694	6937	-3557	0	-3680.30	792029	22.30	22.60	21.20	23.03	1.44
sz300015	-13012	-1194	0	0	-5135.79	113952	35.63	35.26	34.50	36.29	-0.54
sz300014	-13917	1309	0	0	-1738.58	170147	17.96	17.73	17.00	17.96	-1.23
sz300017	-130559	-77823	-28954	0	-9104.10	641021	11.48	11.15	10.90	11.54	-3.21
sh603099	400	0	0	0	28.61	5499	11.91	11.94	11.70	11.98	0.42
sz300569	-237	0	0	0	-109.61	14810	22.52	22.87	22.23	23.00	0.93
sz002324	0	0	0	0	-70.73	4759	21.78	22.05	21.50	22.05	0.68
sz002320	-97	405	4040	0	-733.40	191090	23.10	24.30	22.87	24.50	5.19
sz002322	-869	0	0	0	-889.92	20173	17.82	17.83	17.38	17.97	-0.28
sz300662	-299	0	0	0	83.28	12938	26.13	26.39	25.80	26.59	-0.08
sz002789	-240	0	0	0	-209.55	13775	39.40	40.82	39.10	41.98	3.05
sz002038	-4546	-2	0	0	-1309.89	51965	32.45	31.95	31.50	32.45	-1.42
sz002783	-282	0	0	0	189.45	20365	17.64	17.94	17.46	17.94	1.36
sz002504	-44690	-22480	-12364	0	-604.47	181479	4.70	4.56	4.50	4.72	-3.80
sh603882	-825	0	0	0	-1734.07	33250	30.33	30.03	28.90	30.50	-0.76
sh603883	255	0	0	0	1222.32	15072	61.37	61.05	59.10	61.37	-0.54
sh603887	-687	0	0	0	-147.96	14873	28.20	27.92	26.88	28.20	0.79
sh603669	0	0	0	0	30.36	5087	19.18	19.05	18.92	19.18	-0.10
sh603888	-1498	0	0	0	-269.53	26208	22.53	22.95	22.35	23.00	1.91
sh603663	0	0	0	0	183.88	10594	19.95	20.49	19.61	20.65	3.22
sh600060	-10293	334	0	0	-2819.19	140228	16.26	16.23	16.06	16.60	-0.67
sh600062	-5046	0	0	0	-3334.86	69082	24.00	24.27	23.70	24.54	0.50
sh600068	128935	161445	114909	0	14167.65	1176275	8.42	8.91	8.42	8.94	5.69
sz002818	-4329	0	0	0	-2199.43	56102	32.46	31.98	31.82	33.50	-1.30
sz300689	216	0	0	0	-133.76	30908	41.60	43.62	41.30	45.80	4.76
sh600449	-7117	2031	0	0	84.49	95036	11.90	12.06	11.81	12.15	1.09
sz300687	-351	0	0	0	898.46	12931	47.00	48.96	46.40	48.96	4.17
sz000411	0	0	0	0	24.74	5321	20.70	20.60	20.30	20.70	-0.10
sz000418	-3813	0	0	0	797.17	24507	73.51	71.83	71.00	73.51	-2.27
sh600668	-5941	0	0	0	-648.12	28118	15.73	15.70	15.62	15.82	-0.44
sz000895	-33083	-1402	-2032	0	-1327.10	226097	29.70	28.86	28.82	29.92	-2.70
sz000528	-29286	-6830	177	0	-1972.03	162145	8.49	8.30	8.27	8.49	-2.24
sz000525	-17255	-1481	0	0	648.17	78128	23.14	22.81	22.11	23.14	-1.68
sz300065	-351	1076	0	0	487.99	54055	14.91	15.09	14.59	15.46	1.34
sz002567	-2827	0	0	0	-214.69	59035	7.62	7.62	7.50	7.73	-0.65
sz300204	-2170	0	0	0	-430.56	18881	13.30	13.35	13.00	13.39	0.45
sz300209	-1707	0	0	0	396.93	43950	17.06	17.56	16.31	17.65	2.93
sz002705	-678	0	0	0	-392.38	17021	12.30	12.20	11.88	12.39	-0.81
sz300518	0	0	0	0	-130.46	4376	49.73	50.23	49.52	50.49	0.26
sz002335	-256	0	0	0	-196.15	12336	30.43	30.83	30.19	30.86	0.98
sh603005	687	1161	0	0	-637.95	42369	29.20	29.83	28.53	30.10	1.70
sh603383	0	0	0	0	83.89	7770	42.79	43.68	42.31	43.90	1.51
sh603387	-244	0	0	0	-527.66	15054	57.20	58.11	55.28	58.28	1.54
sz300473	0	0	0	0	7.82	5134	39.99	41.11	39.73	41.33	1.93
sz300475	6	0	0	0	81.79	9781	13.78	13.90	13.58	13.94	0.94
sz002790	0	0	0	0	76.50	3996	26.24	26.46	25.95	26.46	1.38
sz002244	-46152	-12683	-23255	0	-509.13	492653	8.59	8.46	8.28	8.77	-2.42
sz002241	-16095	7219	5288	0	714.93	440049	15.78	16.19	15.43	16.39	2.60
sh603679	1466	1007	0	0	-212.12	6620	24.97	25.06	24.71	25.18	0.00
sh600018	9745	23066	12007	0	63.64	498316	7.15	7.15	7.02	7.18	0.85
sz002801	-969	0	0	0	127.13	5909	35.50	35.86	35.20	36.26	0.87
sz002803	0	0	0	0	26.09	2900	44.20	43.50	43.00	44.20	-1.14
sh600381	-1278	0	0	0	-66.62	19533	10.06	10.06	9.88	10.09	0.00
sz002807	26773	15207	3839	0	1816.02	366144	7.96	8.32	7.96	8.47	4.26
sh600475	1139	1223	0	0	-163.30	15107	13.96	14.01	13.83	14.08	0.65
sz300693	-1034	0	0	0	-514.42	28192	37.29	37.42	36.28	37.97	-0.56
sz300697	-6394	-2265	0	0	-959.06	91849	26.30	26.70	25.51	27.50	-1.00
sh600658	-1990	3121	0	0	2305.74	110816	11.32	11.44	11.16	11.47	1.69
sz000402	-102043	-55855	-42434	0	-5470.47	531390	12.49	12.25	11.99	12.50	-2.39
sh600123	-3709	11141	8452	0	-1154.24	189219	9.17	9.29	9.11	9.38	0.87
sz000883	-20618	-12350	-5601	0	-735.73	98279	4.65	4.66	4.63	4.68	0.00
sz000881	-2422	0	0	0	13.86	24373	12.30	12.44	12.11	12.44	1.47
sz000887	-16604	-8172	0	0	-1020.59	100930	17.94	17.45	17.08	17.94	-2.13
sh600720	-16317	-3302	-9873	0	-294.01	316492	11.00	11.09	10.90	11.21	1.37
sz300073	-4043	0	0	0	-383.46	77535	23.14	23.36	22.30	23.52	0.60
sz300070	-9087	1564	0	0	-21.17	220153	16.30	16.54	16.11	16.74	1.41
sh600873	-24297	292	1077	0	-90.59	174427	5.27	5.25	5.17	5.27	-0.19
sz002140	-2953	0	0	0	56.43	28398	10.92	10.83	10.63	10.92	-0.37
sz002795	-542	0	0	0	-205.09	13483	15.40	15.30	14.91	15.40	-0.78
sh603879	-769	0	0	0	-394.25	17103	19.76	19.29	19.12	20.08	-1.38
sz300212	-7505	0	0	0	-402.22	49252	26.45	25.90	25.72	26.45	-2.08
sh603466	-1375	0	0	0	-1147.45	61020	54.00	55.96	53.79	56.50	3.23
sz300503	438	0	0	0	-91.12	24829	12.18	12.50	11.76	13.12	2.97
sz300506	9	0	0	0	218.95	27468	21.83	22.29	21.40	23.00	2.11
sh600867	-7263	-5139	-2165	0	3909.51	141646	25.29	25.00	24.70	25.39	-0.60
sz300443	-710	0	0	0	-150.52	13712	15.73	15.89	15.32	16.04	1.02
sh603060	-1307	0	0	0	-36.36	27540	22.12	22.63	22.12	23.03	1.53
sh603288	-4311	0	0	0	-2866.91	44532	58.45	57.26	55.30	58.93	-2.02
sh600261	-17102	-10200	-8954	0	-1118.50	69138	5.33	5.27	5.24	5.33	-1.13
sh600260	-1782	0	0	0	-906.90	48409	29.75	29.17	28.55	29.75	-1.75
sz002273	-11317	-2636	-3001	0	3034.16	227634	20.70	21.83	20.23	22.10	5.82
sz002271	-1657	0	0	0	245.42	44430	40.22	39.50	39.03	40.88	-1.62
sz002472	-12377	-2166	0	0	-364.58	66445	9.05	9.05	9.00	9.37	1.12
sh603609	-403	1200	0	0	-298.68	25688	9.10	9.02	8.94	9.12	-1.20
sz002477	-4010	10357	18008	0	-1970.08	397615	4.50	4.54	4.43	4.59	0.44
sz002588	-4803	-1000	0	0	-184.65	67629	6.82	6.83	6.70	6.90	0.15
sh600463	-11072	-7424	-2162	0	1451.02	18528	14.01	14.01	14.01	14.01	9.97
sh603113	-3620	0	0	0	1040.16	52348	22.63	23.30	22.00	23.57	2.96
sh600649	-22035	-62	0	0	-1926.18	146649	9.34	9.26	9.21	9.40	-0.54
sh600643	13913	20613	5912	0	3119.91	321201	10.71	11.19	10.67	11.24	4.29
sz002900	-2846	0	0	0	-2564.42	64302	32.28	32.05	31.60	32.69	-2.52
sz002901	-648	-1788	0	0	1358.38	65625	36.64	38.52	36.51	38.52	4.67
sh600487	-71154	-12622	624	0	-26446.00	381382	42.46	40.98	40.40	42.56	-2.89
sh600486	-3685	0	0	0	-145.82	35735	55.44	52.06	52.00	55.80	-4.46
sh601601	-35646	3293	3238	0	-5329.70	397299	41.53	41.53	41.09	42.70	-0.29
sh601607	-16045	-1889	0	0	-4986.76	143283	25.81	25.70	25.40	25.81	-0.46
sh600739	-11712	2526	0	0	-1372.97	183092	18.28	18.08	18.06	18.57	-1.20
sh601288	887467	669355	513532	0	-6739.60	8547128	4.15	4.22	4.14	4.32	1.69
sh600012	-1830	0	0	0	142.24	20236	10.91	11.16	10.90	11.23	1.55
sz300195	0	0	0	0	-95.86	7336	14.22	14.19	14.08	14.23	-0.21
sz300197	-24501	-7839	-5788	0	-1106.21	154240	11.14	11.21	10.91	11.27	0.63
sh603878	456	0	0	0	106.27	17435	16.37	16.66	16.22	16.73	1.65
sh600382	-6131	0	0	0	54.12	31689	12.85	12.92	12.70	12.94	0.54
sh603477	-14280	6675	8179	0	-7014.82	180052	17.05	16.28	16.18	17.50	-2.86
sz002315	-507	0	0	0	-352.30	16932	21.45	21.44	20.80	21.45	-0.33
sz002311	-5725	0	0	0	-1458.48	48817	22.30	21.77	21.55	22.42	-2.33
sz002313	-6133	-1160	0	0	-975.00	47182	30.75	30.60	29.60	31.53	-1.07
sz300537	0	0	0	0	-36.26	8244	15.20	15.19	14.80	15.28	0.33
sz300535	-723	0	0	0	127.76	10991	34.70	36.00	34.28	36.00	3.84
sz300530	0	0	0	0	-19.85	2447	34.88	35.07	34.02	35.39	0.69
sh600826	-520	0	0	0	-269.08	16548	13.13	13.18	13.03	13.28	0.69
sh600820	-8091	7484	-35	0	722.89	154201	8.25	8.34	8.25	8.37	0.97
sz002009	-5204	2369	2056	0	-5027.64	136701	16.65	14.85	14.85	16.65	-10.00
sh603277	-2208	0	0	0	-175.82	59611	19.73	19.59	19.36	20.18	-1.51
sz002007	-1687	-1050	0	0	-553.23	43592	27.39	27.61	27.10	27.67	0.84
sh603299	-33453	-2569	-2608	0	-1770.93	216856	11.20	11.22	11.00	11.40	-3.19
sh600479	-498	0	0	0	-285.04	13524	13.89	13.75	13.61	13.89	-1.43
sh603617	-6090	0	0	0	-2623.60	57025	24.88	23.30	23.30	24.88	-10.00
sz002462	-1024	0	0	0	-177.30	22310	26.08	26.23	25.40	26.24	0.50
sh603619	-20938	-6478	-8049	0	-6260.72	156544	46.30	45.77	44.04	48.81	-6.46
sz002866	-751	0	0	0	-212.61	10072	35.71	35.80	35.50	36.60	-2.19
sz002864	-5962	-4307	0	0	-3261.68	77011	37.00	36.02	35.98	38.26	-7.40
sh603858	416	0	0	0	-431.26	26873	49.82	50.20	49.31	50.35	1.48
sh603101	0	0	0	0	41.34	9360	13.11	13.31	12.91	13.32	1.53
sh600106	-2371	0	0	0	212.31	47490	4.50	4.52	4.47	4.53	0.44
sh600038	-1723	0	0	0	-1196.71	79035	40.60	40.46	39.41	40.60	0.17
sh600036	-40855	-11648	12204	0	-8044.00	1026546	32.10	31.69	31.50	33.11	-0.63
sz000423	-5619	0	0	0	-8857.28	75494	64.89	63.90	63.42	65.17	-1.54
sz300055	-11651	-870	0	0	-1262.21	140092	18.85	19.09	18.53	19.28	0.74
sz300180	-376	-1749	0	0	351.52	18759	24.34	24.50	23.81	24.60	0.45
sz300231	-7821	-217	0	0	70.49	129742	10.67	10.70	10.27	10.83	0.00
sz002675	-6944	0	0	0	-756.41	48954	10.56	10.30	10.07	10.61	-2.65
sh603331	-367	0	0	0	-220.71	16865	19.92	20.16	19.82	20.28	1.10
sz300429	908	0	0	0	315.61	11970	23.40	23.87	23.36	23.97	2.01
sh600809	-6333	0	0	0	-4443.60	97871	63.93	61.47	61.35	64.90	-3.20
sh600804	-19882	-8592	-3002	0	-2355.12	89042	16.58	16.40	15.80	16.60	-1.20
sh600803	-16974	-2910	-188	0	-1866.33	178779	14.35	14.39	13.92	14.55	-0.07
sz002581	-1456	0	0	0	-187.50	12613	18.38	18.21	18.11	18.38	0.00
sz002078	-59483	-21040	-15475	0	-611.00	353341	10.72	10.52	10.40	10.72	-1.87
sh603042	162	0	0	0	108.79	26344	27.11	27.18	26.88	27.76	1.46
sh603041	310	0	0	0	-4.08	13425	21.86	22.48	21.86	22.55	1.58
sh603912	-8143	2513	3129	0	8172.36	68063	31.59	33.56	31.59	33.56	10.00
sz002292	-9224	2774	-2113	0	-591.63	118444	12.98	13.02	12.48	13.13	0.70
sz002294	-4413	0	0	0	-1787.49	54806	43.51	42.60	42.30	43.99	-2.78
sz002100	-13775	-3305	0	0	-898.04	49034	8.50	8.34	8.30	8.50	-2.23
sz002454	82	0	0	0	512.04	25007	11.85	12.00	11.70	12.07	1.35
sz002853	144	0	0	0	-1196.84	42164	33.48	33.81	32.80	34.15	0.45
sh603823	0	0	0	0	37.89	15994	15.56	15.86	15.20	15.93	1.93
sh601998	9822	23539	7468	0	-6161.50	972247	7.02	6.91	6.89	7.27	-1.29
sh601999	502	-1345	0	0	-370.58	24523	7.39	7.43	7.26	7.46	0.27
sh600240	-27166	-4150	-3780	0	-1410.51	134745	9.40	9.23	9.15	9.45	-1.60
sh603133	-215	0	0	0	-644.09	14732	31.48	30.79	30.04	31.50	-1.72
sh603131	-322	0	0	0	24.70	25380	20.29	21.15	20.11	21.66	4.50
sz000635	-1790	0	0	0	-540.01	31025	15.80	15.50	15.35	15.80	-1.65
sh601377	47408	67193	75950	0	6012.30	1099299	7.45	7.61	7.45	7.77	2.70
sz002223	-3724	0	0	0	1214.55	72665	20.75	21.16	20.48	21.20	2.72
sz300522	260	0	0	0	-265.30	10767	19.43	19.52	19.00	19.60	1.14
sz002668	-2365	0	0	0	-755.99	27292	19.50	18.91	18.78	19.56	-2.88
sz300554	-254	0	0	0	189.99	11098	60.10	63.02	59.71	63.75	4.11
sz300553	0	0	0	0	-31.98	2377	41.49	41.25	40.31	41.49	0.61
sh600831	-2058	0	0	0	-47.24	23169	8.02	8.07	7.95	8.12	0.75
sz002597	-1618	1156	0	0	255.98	72561	26.50	26.26	26.05	26.62	-0.64
sz002065	-203003	-132945	-115790	0	-11770.11	773144	8.84	8.65	8.50	8.91	-6.59
sh603055	-6817	0	0	0	-793.35	90361	18.31	18.38	17.89	18.92	-1.13
sh603586	200	0	0	0	-52.86	12286	23.50	23.93	23.20	24.06	1.96
sh603585	0	0	0	0	-38.23	4071	31.45	31.45	30.96	31.50	0.80
sh603906	-1006	0	0	0	395.40	49919	15.44	16.17	15.35	16.38	4.19
sz300722	-2574	145	0	0	3187.36	73811	36.50	40.13	36.21	40.13	10.01
sz300720	-566	0	0	0	-1535.41	47866	33.69	34.47	33.08	35.20	1.47
sh603637	-867	0	0	0	104.15	36889	25.29	25.98	25.00	26.48	2.61
sz002110	-1277	9194	331	0	2914.50	402787	21.66	22.33	20.95	22.68	4.20
sz002119	-367	0	0	0	205.95	11253	17.78	17.86	17.23	18.14	1.13
sh600340	-87497	-21184	-9891	0	-5435.70	615811	43.40	42.06	41.01	44.20	-4.19
sh600346	-27985	-2327	3633	0	-3003.34	273080	14.20	14.27	13.75	14.58	-0.14
sz000960	-4352	-1127	0	0	2239.07	196008	13.10	13.15	12.80	13.34	0.69
sh603129	-442	0	0	0	-253.81	26123	28.35	28.70	27.68	28.78	0.60
sh600694	-6336	-2100	-5146	0	-1140.40	65870	36.10	36.73	36.10	37.79	6.93
sh603368	0	0	0	0	-300.30	6646	45.50	45.59	45.13	45.93	-0.02
sh600581	-1939	15121	11975	0	4526.86	397895	13.26	13.69	13.04	13.85	3.01
sz000999	-4531	0	0	0	-575.16	55632	26.84	26.99	26.60	27.30	0.04
sz000990	-7513	0	0	0	-2309.36	56098	16.80	16.59	16.35	17.08	-1.37
sh601366	-20478	-1262	0	0	-1307.32	106884	11.08	10.90	10.85	11.08	-2.94
sh600761	-8588	284	2162	0	-864.36	51734	10.39	10.28	10.08	10.45	-1.15
sh600569	72152	111701	73145	0	5486.04	1153544	4.95	5.13	4.89	5.19	3.43
sz300338	-200	0	0	0	-84.34	9123	19.82	20.14	19.64	20.27	1.77
sh600563	568	0	0	0	3212.63	30300	46.20	46.67	45.15	46.90	1.06
sh600565	-80720	-57367	-31063	0	-2728.41	333133	4.58	4.47	4.42	4.59	-3.04
sh600567	-137477	-67984	-45208	0	-5098.96	668565	4.66	4.58	4.53	4.66	-2.35
sh601965	-145	0	0	0	41.49	9344	8.68	8.63	8.51	8.68	0.12
sh601567	277	0	0	0	208.47	14492	9.53	9.47	9.40	9.53	-0.63
sz002615	-18432	-6243	-2490	0	-1584.67	83250	10.00	9.36	9.20	10.00	-7.42
sz300547	-414	0	0	0	-575.50	7576	49.16	49.50	48.49	50.93	-0.80
sz300549	-435	0	0	0	-6.29	8542	20.50	20.60	20.00	20.75	0.49
sz300403	-1513	0	0	0	-282.66	18569	15.34	15.05	14.71	15.40	-2.02
sz002053	-9058	-2516	0	0	-1592.50	57799	11.42	11.21	11.12	11.43	-1.92
sz002051	-12434	-365	0	0	-607.49	79244	17.96	18.06	17.66	18.15	0.56
sz002057	517	1137	0	0	135.53	18315	12.12	12.16	11.92	12.24	0.50
sh603020	9	0	0	0	-62.25	9612	11.73	11.85	11.65	11.87	0.94
sh603937	-14276	-1291	0	0	-269.14	178137	26.51	27.09	26.51	27.72	0.15
sh603933	-216	0	0	0	206.08	13671	47.40	48.63	46.93	49.13	2.08
sz300716	-2236	-1411	0	0	36.41	99136	28.50	29.82	27.78	30.87	3.08
sz300717	-2077	0	0	0	-866.63	42546	39.50	40.40	38.55	41.18	0.75
sz002435	-2944	0	0	0	-215.85	14476	18.40	18.24	18.11	18.50	-2.25
sh603808	-2427	0	0	0	-728.26	14054	21.06	20.89	20.49	21.13	-0.67
sh603801	0	0	0	0	-354.33	10314	55.87	55.68	55.01	57.00	-0.71
sz002548	-349	0	0	0	-244.29	14573	10.42	10.40	10.30	10.53	-0.95
sz002541	-100	0	0	0	111.08	15300	13.54	13.62	13.40	13.70	0.96
sz002543	-1537	0	0	0	698.51	32677	22.40	22.43	21.90	22.60	0.31
sh601888	-6942	0	0	0	-749.69	88790	49.10	48.22	47.99	49.69	-2.31
sh601886	-5526	0	0	0	100.93	41017	9.08	9.05	8.90	9.18	-0.44
sh600596	-96620	-67292	-39116	0	-7190.99	430306	12.50	11.89	11.75	12.58	-3.49
sh601952	-20795	5077	4493	0	-3351.89	381293	13.32	13.41	13.17	14.50	0.30
sh600687	21436	-1534	0	0	1373.87	97401	11.48	11.69	11.29	11.73	1.65
sz000811	0	2188	0	0	-62.24	31958	7.82	7.87	7.72	7.91	1.03
sz300393	0	0	0	0	1.78	9866	37.05	37.95	37.00	38.20	2.54
sz300395	-1284	0	0	0	220.63	21931	15.39	15.39	14.81	15.56	-0.71
sz300158	-1062	0	0	0	271.97	27355	13.18	13.29	13.02	13.35	0.99
sz000541	5821	2222	-354	0	1940.45	197666	9.17	9.47	9.10	9.48	3.27
sz300573	0	0	0	0	59.84	7667	24.53	25.04	24.12	25.16	3.17
sz300571	-780	0	0	0	474.56	11091	46.21	48.82	46.21	49.33	4.65
sz002603	-18701	-4356	0	0	-821.17	87722	16.72	16.20	16.05	16.77	-2.11
sz002602	-646	0	0	0	483.02	18314	36.13	35.65	35.30	36.13	-0.64
sz300378	-1732	0	0	0	-258.42	29272	14.03	13.91	13.65	14.17	-0.57
sz300701	258	0	0	0	-839.89	36636	39.32	40.49	38.54	41.14	1.58
sh603326	0	0	0	0	7.14	6705	18.80	19.01	18.70	19.15	0.48
sh603328	-11253	0	0	0	-2201.78	56917	14.35	13.91	13.82	14.37	-3.27
sh600367	-2667	1002	0	0	-732.34	47899	10.78	10.53	10.31	10.79	-2.32
sz002080	-5086	0	0	0	-230.90	71066	24.09	23.36	22.75	24.09	-2.10
sh603813	-2534	0	0	0	67.57	56116	31.64	32.48	31.35	32.88	1.50
sh603920	-2456	0	0	0	-444.42	51119	18.08	18.19	17.51	18.45	0.78
sz002551	-6537	0	0	0	-253.42	44985	9.17	9.12	9.01	9.17	-0.55
sh601166	148873	168474	159241	0	21162.00	3752663	17.94	18.34	17.94	18.91	2.57
sz000605	-1793	0	0	0	-460.53	29854	18.27	18.06	17.82	18.27	-1.53
sh600782	41399	61196	53385	0	1975.14	838384	6.50	6.67	6.35	6.84	2.14
sh600783	-805	190	0	0	3.35	44099	14.04	14.29	14.00	14.65	1.85
sh601098	-295	1176	0	0	-276.83	72694	13.64	13.99	13.56	14.06	2.57
sh601766	-24137	-7660	-30310	0	-27394.20	1759078	12.12	12.15	12.04	12.40	-0.33
sh600141	-37192	-826	2020	0	-5569.98	197303	18.16	17.11	16.82	18.16	-5.83
sh601238	1017	4152	3000	0	0.69	40141	24.22	24.35	24.06	24.60	0.08
sh601233	-30452	-5267	0	0	-10727.42	258611	26.40	24.87	24.62	26.40	-5.29
sz000151	-1607	-1351	0	0	730.32	44755	12.26	12.75	12.26	12.78	4.00
sz000981	-11800	-5223	-4180	0	57.53	36616	8.68	8.60	8.52	8.68	-1.26
sz300385	53	0	0	0	53.17	9073	23.63	23.95	23.35	24.05	1.35
sz300387	-949	0	0	0	10.65	48045	16.92	17.71	16.48	18.18	4.48
sz002153	-7745	-1261	0	0	741.65	95400	25.00	25.42	23.80	25.85	0.87
sz300145	-4899	-154	703	0	543.72	84412	11.60	11.78	11.52	11.85	0.68
sz002637	-5115	-1108	-2544	0	-675.33	41885	10.55	10.36	9.92	10.55	-1.71
sz002635	4809	1698	3637	0	5998.12	266323	21.94	23.71	21.49	24.00	8.26
sz300365	-2693	0	0	0	1004.14	54504	32.95	34.60	32.80	35.28	3.84
sh600978	8024	5586	0	0	496.78	108408	8.91	9.04	8.74	9.07	1.01
sh600971	-8835	373	2454	0	883.67	189759	10.38	10.48	10.21	10.63	1.06
sz002146	-37139	38288	12269	0	11804.90	2088595	13.35	12.98	12.16	13.59	2.29
sz002416	2235	1513	0	0	-100.70	42312	8.94	9.13	8.85	9.16	1.67
sh603319	-300	0	0	0	158.82	8173	28.80	29.46	28.61	29.50	1.97
sz002896	-1426	0	0	0	-6.01	16151	38.38	39.48	37.89	39.51	2.97
sz002892	-389	0	0	0	79.83	14313	41.10	41.50	40.13	41.90	-0.50
sz002891	0	0	0	0	227.11	7375	33.20	34.10	32.92	34.28	2.71
sz002898	-3492	0	0	0	-883.52	46045	23.44	23.31	22.64	24.20	-2.10
sh603178	538	0	0	0	271.73	22780	14.77	15.08	14.77	15.16	1.69
sh600201	-20238	-4251	0	0	-87.32	107941	31.62	30.25	30.20	31.81	-4.00
sz000026	919	0	0	0	87.98	20014	10.59	10.63	10.38	10.64	0.38
sz002562	-4071	817	0	0	-931.66	73518	16.34	16.74	16.34	16.85	1.82
sz002479	-2940	456	-2041	0	-673.62	85829	10.12	10.17	10.02	10.18	0.39
sz300576	-450	0	0	0	-63.02	7357	16.50	16.69	16.25	16.85	1.15
sh600897	889	0	0	0	514.08	21418	22.76	23.23	22.76	23.39	2.11
sz000011	-18634	-3447	0	0	-764.23	105158	18.19	18.16	17.90	18.41	-1.63
sh600790	1236	0	0	0	19.09	38861	5.95	5.98	5.92	6.01	0.34
sz002475	1271	275	4152	0	942.20	330165	21.45	22.02	20.99	22.49	2.18
sh600153	-19546	-2897	-3388	0	5597.52	311006	11.90	12.03	11.74	12.05	1.18
sh600419	-230	0	0	0	-50.84	6639	42.52	43.40	42.51	43.80	1.14
sz000830	-82990	-47914	-29834	0	-3017.50	453619	18.58	18.34	17.91	18.66	-1.29
sz300178	-2452	0	0	0	-233.08	23277	13.14	13.30	13.01	13.43	0.15
sz300284	27	0	0	0	517.06	38725	15.69	15.77	15.46	15.93	0.83
sz300286	-5140	-2601	-2601	0	-709.73	12266	17.50	17.34	16.96	17.50	-0.29
sz002081	-71338	-19941	-2541	0	-10278.43	332330	16.15	15.30	14.91	16.19	-5.26
sz002083	-9939	-1000	0	0	-663.05	39494	6.74	6.70	6.68	6.74	-0.59
sz002085	-2035	-1234	0	0	2834.20	67981	15.65	15.68	15.51	15.81	0.38
sz002047	-18512	-10926	-12482	0	-285.38	72603	7.31	7.38	7.21	7.40	0.00
sz002406	-3408	0	0	0	-290.15	25925	7.06	7.10	6.97	7.12	0.28
sh603305	-104	0	0	0	-1668.91	31028	34.01	33.12	31.58	34.35	-3.07
sz002403	-1837	-1000	0	0	117.46	10141	11.82	11.74	11.65	11.82	-0.42
sz002572	-4005	0	0	0	400.88	40721	39.00	38.53	38.00	39.19	-1.21
sh603766	-12463	-1012	-3000	0	-669.59	101806	7.05	7.12	6.98	7.16	0.71
sh600415	-20040	-6538	540	0	-3358.38	254881	6.02	5.92	5.91	6.08	-0.50
sh600098	2925	1100	0	0	-150.77	45899	7.11	7.12	7.06	7.13	0.14
sh600094	-18889	1552	2330	0	27.92	133062	7.34	7.30	7.20	7.58	-0.95
sz002888	80	0	0	0	38.30	16937	26.74	27.48	26.36	28.20	2.35
sh600306	-3115	0	0	0	-114.07	25266	10.32	10.40	10.25	10.44	0.97
sz002884	0	0	0	0	-127.88	8088	49.78	50.89	49.28	51.29	2.23
sz000002	-59437	-11747	6565	0	877.70	812191	39.48	39.77	38.30	40.60	-1.07
sz000001	-104736	-431	42474	0	6582.00	2656294	14.33	14.23	14.20	14.80	0.21
sh600521	-9214	-1399	0	0	-670.98	83696	28.68	27.75	27.45	28.69	-1.94
sh600528	5731	7055	0	0	1139.60	123770	12.10	12.38	12.08	12.40	2.15
sz002903	-1917	0	0	0	-104.56	65579	43.98	45.73	42.38	46.61	2.63
sh601928	7175	3394	2087	0	-80.51	117943	8.05	8.22	8.04	8.29	1.99
sh600638	-1830	0	0	0	-337.85	23034	15.71	15.64	15.55	15.97	-1.32
sh600633	-12821	3761	0	0	-1018.16	144391	15.15	15.27	14.68	15.28	0.93
sz000826	-6262	-1040	0	0	-3028.08	63413	31.09	30.89	30.11	31.15	-0.64
sz000828	-1757	-2093	0	0	-776.03	38631	11.06	11.12	11.00	11.28	0.54
sz300298	-3224	0	0	0	889.76	32823	20.70	20.68	20.21	21.08	-0.72
sz002427	27572	23776	16437	0	-10794.10	150155	31.08	27.99	27.99	31.08	-10.00
sz300343	-5126	-1000	0	0	86.09	37533	12.48	12.50	12.20	12.69	1.54
sz300342	173	1000	0	0	-118.37	15752	14.80	14.67	14.40	14.80	-1.21
sz300349	-4777	0	0	0	-2107.99	48625	42.02	39.52	38.01	42.02	-5.90
sz002422	-4603	2860	0	0	-1608.64	66270	26.47	26.13	25.70	26.55	-1.02
sz002788	0	0	0	0	-278.06	11102	28.55	28.93	28.29	29.19	1.12
sh603578	0	0	0	0	-8.66	6433	32.96	32.22	31.48	33.08	-2.16
sh600362	-63536	-30776	-28347	0	-17137.40	509880	19.49	19.17	18.97	19.50	-2.99
sz002367	-5242	-2453	0	0	72.46	43059	8.46	8.67	8.37	8.68	2.36
sz002186	-405	0	0	0	7.42	13265	18.43	18.31	18.25	18.43	-0.70
sh600368	6734	8818	6463	0	670.71	60462	5.22	5.33	5.20	5.34	1.91
sz300621	-2324	-1111	0	0	-604.01	46923	20.79	21.44	20.49	21.88	0.99
sh603198	-5939	0	0	0	-1038.84	47099	18.30	18.10	18.02	18.40	-1.42
sh600884	-8111	1248	3708	0	492.98	156270	18.10	18.13	17.60	18.23	1.12
sh600409	-41152	-1936	-2173	0	-1449.91	241223	9.68	9.59	9.44	9.70	-0.72
sh603991	0	0	0	0	-19.22	5863	27.52	28.31	27.52	28.40	2.28
sz000921	-28229	-10081	-2014	0	-2176.37	150963	15.94	15.72	15.50	16.12	-2.00
sz000923	-1901	0	0	0	96.33	44713	24.40	24.38	23.80	24.58	-0.89
sz000036	-105963	-50565	-29767	0	-6590.65	413430	10.40	10.09	9.96	10.47	-2.89
sz000030	-4894	0	0	0	5.65	30977	7.89	8.01	7.88	8.03	1.26
sh600535	-1526	0	0	0	-546.72	25865	37.30	37.14	36.86	37.52	-0.13
sz000726	-8740	0	0	0	341.63	57202	11.13	11.12	11.12	11.24	-0.36
sh601139	-61134	-21371	-8670	0	-1896.92	210261	8.03	7.79	7.75	8.03	-3.59
sh603517	-618	0	0	0	-28.46	9048	38.78	39.02	37.90	39.59	0.28
sh603885	-58	0	0	0	672.14	42830	14.83	14.96	14.67	15.07	-0.33
sh601666	-23664	6451	-1324	0	-1632.15	397195	6.43	6.46	6.29	6.51	0.62
sz300023	-1849	0	0	0	346.91	32624	11.75	11.84	11.69	11.95	0.00
sz000676	-2091	0	0	0	-328.82	22415	11.11	10.95	10.73	11.11	-1.35
sz300336	-4036	2534	2534	0	484.62	86126	10.96	11.18	10.74	11.36	1.91
sz002817	1565	0	0	0	-355.51	15548	31.37	31.83	31.15	32.20	1.37
sz002775	-406	0	0	0	-111.41	42848	19.13	19.88	19.10	19.98	3.27
sz300246	-205	0	0	0	-189.61	10651	19.30	19.48	18.81	19.55	0.57
sz002810	-820	0	0	0	-164.97	10307	25.25	25.83	25.00	26.09	1.97
sz002173	-1523	0	0	0	-33.62	12612	12.60	12.24	12.15	12.60	-1.13
sz002179	-6038	0	0	0	2538.50	74752	36.45	37.21	35.70	37.80	2.03
sz002372	-10640	-1365	-2486	0	-1336.37	114393	21.55	20.34	20.32	22.50	-4.95
sz002376	-7056	-2846	0	0	-526.46	82171	12.62	12.59	12.18	12.82	-0.40
sz300635	-655	0	0	0	242.10	16766	18.11	18.65	18.11	18.94	2.98
sz300636	362	0	0	0	147.69	8860	31.81	32.27	31.28	32.27	1.19
sz002518	-2203	0	0	0	-96.21	28740	16.62	16.67	16.15	16.67	0.66
sz000933	-61035	-44000	-30299	0	-1044.64	736480	9.67	9.74	9.38	9.84	-0.31
sh600323	-62413	-43641	-22756	0	-4444.26	257764	14.49	14.20	13.92	14.55	-6.52
sh600326	-25988	-7715	-3542	0	-758.47	164522	9.86	9.87	9.66	9.94	-0.40
sh600327	-4252	-2009	0	0	-271.51	20809	7.43	7.43	7.36	7.45	0.00
sz002206	-12530	-4511	-2000	0	-404.12	73177	5.92	5.82	5.77	5.92	-2.02
sh600054	-2116	0	0	0	-16.14	22490	13.83	13.84	13.63	13.84	-0.07
sh600056	-4345	-1476	0	0	-879.77	60574	23.65	23.46	23.28	23.77	-0.42
sh600185	-130090	-81255	-66258	0	-8273.51	575875	6.71	6.42	6.29	6.73	-5.59
sz000733	-6472	-1500	0	0	-1264.56	56474	13.93	13.84	13.42	13.94	-0.57
sh600188	-19094	7043	1093	0	-5494.26	417258	15.57	15.87	15.22	16.16	1.93
sz000028	-649	0	0	0	2361.03	24283	62.58	63.54	61.54	64.10	1.53
sz000021	-198671	-182380	-169488	0	-27230.40	1102783	10.40	9.98	9.98	10.46	-10.01
sz000027	-8894	-7616	0	0	-236.90	60087	6.08	6.11	6.04	6.12	0.66
sz000848	-7139	-5525	0	0	494.14	95243	10.36	10.33	10.04	10.42	-0.10
sz300100	1105	0	0	0	108.99	42843	14.04	14.41	13.81	14.48	2.27
sz300323	-382	2468	1089	0	1725.11	291609	14.56	15.79	14.01	16.02	8.45
sh603519	0	0	0	0	-56.59	4207	20.25	20.53	20.20	20.65	1.43
sz300726	60	-1150	0	0	1814.13	99398	29.00	30.60	28.59	31.36	5.88
sz300258	-1814	0	0	0	-152.87	22902	14.22	14.35	14.06	14.50	0.35
sz300251	3975	5207	-1540	0	2163.93	316745	10.28	10.58	10.03	10.70	2.82
sh600908	-5873	10957	13651	0	601.14	375496	8.01	8.26	8.01	8.54	3.25
sh603357	-11284	18	0	0	-1735.82	171387	24.31	24.78	23.63	25.60	2.02
sh603355	-214	0	0	0	144.70	8092	40.22	41.00	39.72	41.13	1.99
sz002690	-3610	-1951	0	0	-302.43	38044	17.47	17.74	16.99	17.86	1.60
sz300340	434	0	0	0	1628.51	36351	53.50	53.29	51.02	53.51	-0.41
sh603768	-297	0	0	0	-61.95	12206	17.95	18.20	17.70	18.25	1.45
sz300647	652	0	0	0	200.74	13610	18.55	19.07	18.42	19.25	2.25
sz300641	-553	0	0	0	41.84	14877	14.22	14.45	14.11	14.54	1.69
sz300488	0	0	0	0	47.65	6590	32.27	32.39	31.80	32.98	0.40
sz300485	-200	0	0	0	-175.47	6961	27.74	28.16	27.52	28.25	1.33
sh603226	0	0	0	0	-62.88	6169	29.94	30.01	29.53	30.15	-0.10
sh603223	0	0	0	0	-159.01	3923	22.40	22.42	22.26	22.60	-0.49
sh603738	0	0	0	0	20.83	2718	23.14	22.97	22.68	23.20	0.26
sz002061	3757	717	0	0	-3560.52	117336	14.30	14.79	14.27	14.85	3.43
sz002645	-2440	-2681	0	0	720.14	55672	20.74	22.34	20.50	22.72	6.48
sh603507	-1203	0	0	0	-739.40	56773	42.61	43.16	41.58	43.35	1.60
sz300658	0	0	0	0	17.66	2724	28.70	29.03	28.46	29.46	1.15
sz300651	-2473	0	0	0	351.91	9149	33.86	34.75	33.83	34.80	2.66
sh600856	11087	13508	4218	0	6485.28	296029	12.73	12.93	12.52	13.23	1.17
sh603081	-384	0	0	0	191.49	13939	27.68	27.05	27.03	28.11	-2.28
sh600282	2735	36120	48127	0	2167.33	745833	4.80	4.85	4.73	4.89	0.83
sh600661	0	0	0	0	131.51	7168	24.31	24.57	24.16	24.60	1.74
sh601633	2980	251	-2000	0	1071.14	90987	12.12	12.32	11.96	12.34	1.57
sh600466	-114158	-51200	-54536	0	-3835.90	756204	12.88	12.23	11.96	13.05	-6.64
sz002008	-89618	-27938	-31564	0	-36751.90	521352	54.50	52.32	50.37	54.60	-6.49
sz002867	-554	0	0	0	-9.93	13545	28.89	28.73	28.38	29.02	-1.03
sz002910	8482	8233	7988	0	4681.67	187378	22.42	24.99	22.10	24.99	9.99
sh600029	-103598	-57234	-64016	0	-30972.10	1997270	10.81	10.44	10.29	11.00	-4.31
sh600681	-11486	-2107	0	0	-855.29	70491	13.41	13.01	12.94	13.41	-2.98
sh601225	25943	32267	27824	0	-4233.68	682432	8.81	8.88	8.64	8.96	1.14
sz002872	0	0	0	0	-429.72	13762	31.68	31.73	31.41	31.99	0.73
sz002883	-668	0	0	0	-531.98	34632	53.86	55.22	51.62	56.14	0.77
sh603167	-19662	-4486	-2186	0	-2366.73	89534	11.87	11.64	11.53	11.88	-1.77
sz000952	-2307	0	0	0	-369.13	21727	14.66	14.49	14.40	14.74	-1.16
sz002558	-2563	0	0	0	-1425.36	27203	35.52	34.45	34.10	35.55	-2.68
sh603367	-7599	0	0	0	-1064.67	101818	22.33	22.21	21.80	22.80	-0.85
sz000732	-60892	-34439	-27949	0	-31729.80	654979	38.73	35.88	34.30	40.19	-2.71
sz300102	-2242	-2275	-4443	0	379.73	207268	8.45	8.62	8.33	8.67	2.62
sz000698	-9411	-2913	-6	0	-333.29	53799	5.85	5.84	5.75	5.86	-0.17
sz002831	0	0	0	0	-3.41	11660	58.72	60.23	57.97	60.24	1.91
sh601117	-25950	13851	7473	0	2651.19	525145	7.37	7.40	7.30	7.50	0.41
sz300007	-3664	-14289	-16604	0	-4430.44	131010	14.32	14.32	14.32	14.58	-9.99
sz002236	-34537	-6307	0	0	-1135.20	314459	23.43	22.97	22.32	23.52	-1.84
sz002237	-24494	-1900	0	0	-921.45	178765	11.19	11.20	11.10	11.54	0.09
sz002756	-3065	0	0	0	-914.06	21630	24.60	23.57	23.55	24.60	-4.07
sh603508	0	0	0	0	-54.54	4637	38.06	38.42	37.73	38.60	0.87
sz300653	0	0	0	0	-207.86	6249	32.90	32.95	32.00	33.23	1.35
sz300499	-102	0	0	0	-255.42	11995	18.94	18.85	18.00	18.94	-0.48
sh603725	-17818	-6650	0	0	-3428.10	123647	22.96	21.60	21.52	24.40	-2.96
sh600298	-29200	-2047	0	0	-12319.65	185280	36.75	35.84	35.40	37.20	-1.78
sz002221	-51627	-27457	-6793	0	-3841.17	219886	12.80	12.23	12.01	12.80	-4.90
sz002220	-6310	-1260	-2300	0	-358.65	20868	7.44	7.40	7.33	7.44	-0.40
sz002820	0	0	0	0	-93.05	5987	24.58	24.66	24.10	24.78	0.24
sh601108	-177056	-54309	-19703	0	26600.40	1466288	21.35	20.84	20.67	22.26	2.96
sh600701	-24096	-6188	-4323	0	-1612.20	122531	9.41	9.21	8.98	9.41	-2.02
sh600763	-864	0	0	0	573.86	32990	36.00	35.62	35.02	36.11	-1.52
sz300271	-1455	0	0	0	-971.85	63014	14.58	14.68	14.30	15.00	0.41
sh603717	-538	0	0	0	-156.70	18487	27.06	27.25	26.42	27.48	0.74
sz300568	-788	0	0	0	60.37	17677	25.80	25.55	25.00	25.94	-0.62
sh600285	-9171	-2051	-2051	0	-992.41	62291	9.10	9.14	8.91	9.14	0.44
sh600064	5732	5050	0	0	1173.33	105657	14.73	14.84	14.68	15.15	0.61
sh603860	0	0	0	0	55.90	9841	34.70	35.21	34.21	35.54	0.72
sz002811	-847	0	0	0	-57.99	9081	18.80	18.91	18.51	19.04	0.69
sz300688	-271	0	0	0	-210.40	19884	50.58	52.98	50.02	53.50	3.68
sz000413	-93603	-50135	-25847	0	-5355.37	520982	9.18	9.07	8.90	9.19	-1.20
sz000786	-50134	-11601	-2150	0	-6023.55	340953	24.40	23.38	22.80	24.46	-3.43
sh601398	-251579	-219442	-235778	0	7650.90	5885365	6.64	6.72	6.64	6.99	1.97
sh601009	88936	82365	63525	0	11155.80	2420560	8.59	8.99	8.59	9.23	5.52
sh601006	-109108	-71513	-71573	0	-10294.50	1039847	9.71	9.67	9.58	9.90	0.10
sh601000	71073	96250	86175	0	7538.47	908522	5.04	5.14	4.98	5.22	1.78
sh600710	-19858	-6732	-2006	0	-968.68	90449	6.32	6.24	6.08	6.35	-1.73
sh600717	10971	8362	2347	0	673.19	115359	10.46	10.71	10.45	10.74	2.00
sz300068	-7805	2315	0	0	-936.07	126970	14.13	14.06	13.91	14.18	-0.99
sh603856	-3743	0	0	0	-1203.68	90028	21.84	21.63	21.21	22.11	-1.19
sh603416	0	0	0	0	5.31	5875	30.81	31.49	30.51	31.76	1.74
sh603380	303	0	0	0	350.53	22029	19.46	20.29	19.33	20.39	4.16
sz300478	-848	-1012	0	0	340.93	33220	38.69	39.46	37.94	40.65	3.87
sh603890	-1195	0	0	0	-603.73	75692	40.00	41.00	38.82	41.24	2.30
sz000662	5817	3929	-1244	0	66.46	37078	14.75	14.75	14.64	14.95	0.00
sz002809	-676	0	0	0	-427.39	21021	30.93	30.42	29.78	30.93	-1.62
sh600120	-5037	-2000	-2000	0	-627.59	29027	23.18	23.32	23.00	23.49	0.78
sh600655	-13040	0	0	0	-859.85	67341	11.55	11.38	11.35	11.60	-1.30
sz000796	-541	-1027	0	0	31.26	26940	12.85	12.89	12.62	12.99	0.16
sz000060	-43358	-3053	-1693	0	5834.02	431722	11.08	11.03	10.87	11.15	-0.63
sh601137	-8367	0	0	0	-973.46	50644	11.86	11.45	11.27	11.88	-3.46
sh603269	2292	0	0	0	-77.44	16200	25.39	25.41	24.42	25.55	0.36
sz002014	-477	0	0	0	-81.72	9679	11.43	11.50	11.31	11.52	0.52
sh603289	-20688	-6792	-4970	0	-1798.65	143550	20.60	20.91	20.24	21.10	-1.88
sh603607	-1047	0	0	0	-1021.87	57815	45.27	46.21	44.47	47.18	-0.02
sh600395	-11606	-3556	-2166	0	-764.85	138388	6.81	6.91	6.69	6.93	1.17
sz002879	12876	8867	7135	0	3502.07	48757	49.00	52.80	48.00	54.39	5.92
sh600133	-28134	3232	2204	0	-2969.01	190168	10.19	10.06	10.00	10.32	-1.28
sh600132	-4517	3704	0	0	-931.22	59909	23.54	22.68	22.66	23.72	-3.20
sz002908	-18140	-3821	-2240	0	-14054.60	214416	44.44	39.36	39.20	46.84	-7.56
sz002902	800	-1002	0	0	397.46	91524	42.21	43.00	41.71	44.43	3.64
sh600736	-26444	-5246	-2134	0	-459.04	163865	6.65	6.55	6.51	6.85	-1.06
sz300043	-3592	-1650	-2718	0	10.16	138003	6.33	6.43	6.12	6.48	2.39
sz300227	2790	0	0	0	1342.97	38830	20.95	22.13	20.27	22.20	5.63
sz300533	0	0	0	0	1.51	5834	49.32	49.75	48.13	49.84	0.97
sz300452	112	0	0	0	-187.14	11628	26.50	26.84	26.02	26.95	2.25
sz002862	0	0	0	0	87.52	4251	27.20	27.76	26.80	27.95	2.06
sz002869	-397	-1072	-2424	0	-1876.57	51696	32.15	32.40	32.12	34.33	2.40
sh603100	-1197	0	0	0	123.70	17348	9.85	9.99	9.82	10.03	1.01
sh600101	-1446	0	0	0	-59.44	17389	9.01	9.03	8.93	9.05	0.22
sh600741	-4541	5772	0	0	-4935.05	234846	27.05	26.42	26.29	27.36	-1.97
sz300233	-784	0	0	0	323.65	24473	17.53	17.21	17.07	17.54	-1.04
sz300521	556	1000	0	0	-148.36	14876	15.08	15.00	14.37	15.08	-0.20
sh603488	-154	1374	5897	0	-435.51	58576	19.20	19.84	19.00	20.23	2.11
sh600801	-22451	-953	0	0	-678.60	194511	14.26	14.10	13.85	14.27	-0.63
sz002071	3244	1821	0	0	132.07	34085	9.50	9.64	9.43	9.65	0.21
sh603917	428	0	0	0	-451.95	119254	29.01	30.73	28.61	31.48	3.85
sh601992	-99336	-29467	-12868	0	-3834.50	758195	5.98	5.91	5.86	6.04	-2.64
sh600115	-94443	-64952	-10320	0	-11718.20	1146955	8.01	7.84	7.75	8.13	-2.61
sz000567	518	0	0	0	-385.04	23266	24.30	24.58	24.01	24.78	0.12
sz002778	-222	0	0	0	127.50	6580	24.68	24.39	23.80	24.68	-1.30
sz002664	-1533	0	0	0	-421.76	18915	25.27	24.88	24.51	25.46	-1.54
sz002068	649	226	0	0	648.38	68343	9.98	10.11	9.81	10.12	1.40
sh603903	0	0	0	0	-197.95	16163	37.86	38.35	37.30	38.66	1.99
sz002283	-9233	-2196	0	0	-594.72	50213	5.63	5.63	5.56	5.65	-0.35
sz002287	-200	0	0	0	-530.09	7086	35.28	34.71	34.26	35.45	-1.75
sz002440	-37171	-12112	-4337	0	-4871.67	146947	19.67	18.84	18.80	19.88	-4.41
sz002449	-11747	744	0	0	-1447.73	181527	15.15	15.54	14.62	15.83	2.71
sh600231	27507	22941	12246	0	-292.52	347458	5.00	5.03	4.92	5.08	0.80
sh600768	-200	0	0	0	-69.33	9552	13.63	13.65	13.48	13.68	-0.07
sh600562	-2166	0	0	0	-805.39	40781	20.40	20.09	19.63	20.43	-1.03
sz002617	-4618	-1000	0	0	-387.21	19034	15.61	15.59	15.35	15.61	-0.13
sz300545	-419	0	0	0	-518.53	12198	54.11	54.39	51.35	54.77	0.52
sz300548	0	0	0	0	-306.50	6348	43.52	44.38	43.51	44.95	1.46
sh600828	-1709	1673	0	0	117.08	31200	6.29	6.32	6.19	6.33	0.00
sz002727	-2685	0	0	0	623.28	27638	20.15	20.59	20.10	20.70	1.98
sh603026	-2442	0	0	0	-541.95	27153	23.33	22.92	22.19	23.33	-1.63
sz002434	-12856	-3013	0	0	-1288.59	81322	9.82	9.88	9.58	9.92	0.92
sh600350	22807	51558	43402	0	2923.63	301015	6.19	6.29	6.18	6.31	1.45
sh600356	-878	0	0	0	-2.77	7692	8.24	8.27	8.20	8.30	0.36
sh603159	-408	0	0	0	67.72	10391	24.50	24.77	23.76	24.83	0.73
sh600176	124276	113484	87877	0	-43139.60	1174587	18.35	16.50	16.50	18.43	-9.98
sz000408	-16784	-1950	0	0	-2685.11	101288	17.81	17.36	17.30	17.88	-2.58
sz000761	-2414	551	5397	0	782.61	186826	5.21	5.26	5.15	5.29	1.15
sh600179	-6724	1029	0	0	-1685.63	88556	27.13	25.52	25.15	27.15	-4.92
sh600594	-645	4327	2005	0	730.88	94350	10.24	10.41	10.12	10.45	1.56
sh601088	-34262	1259	-7751	0	-3357.00	473301	23.26	23.53	23.11	23.87	1.29
sh601799	-421	0	0	0	-297.31	9467	49.50	48.04	47.00	49.50	-3.15
sz000544	-200	0	0	0	-61.26	12239	14.58	14.49	14.42	14.59	-0.89
sz300375	1041	1038	0	0	648.65	73713	15.98	16.47	15.70	16.87	3.32
sz002043	-20206	-6860	-7829	0	-582.55	116479	11.97	11.60	11.54	11.97	-2.85
sz002048	-9822	-3941	0	0	-1553.32	75177	22.52	22.10	21.35	22.53	-1.91
sh603321	-16059	-5515	2605	0	-3964.24	185355	13.83	13.06	13.01	14.13	-3.62
sz000609	-2018	0	0	0	-188.54	21090	11.39	11.20	11.01	11.39	-1.41
sh600547	-30373	-6240	2467	0	-1689.90	334582	33.15	33.12	32.70	34.09	-0.39
sz002408	706	3869	2000	0	945.68	95682	12.18	12.45	12.11	12.50	1.30
sz300144	-3096	0	0	0	212.35	55530	17.98	18.30	17.86	18.36	1.78
sz300561	-3022	-1072	0	0	-786.42	26920	37.19	35.80	35.60	37.73	-8.37
sz300360	4016	2946	2946	0	118.26	27764	10.34	10.56	10.34	10.77	2.13
sz002144	263	0	0	0	-57.81	7411	13.72	13.85	13.57	13.87	0.51
sh603311	-200	0	0	0	-55.21	6404	15.52	15.56	15.26	15.73	0.26
sz002381	628	0	0	0	99.23	14427	7.71	7.69	7.60	7.71	0.26
sz002384	-39	0	0	0	-1826.56	90147	26.22	26.22	25.75	27.00	0.00
sh601878	29159	85356	81537	0	22341.50	860134	16.20	17.49	16.20	17.64	9.04
sh601158	-938	1107	0	0	258.22	48757	6.43	6.48	6.40	6.55	0.78
sz000498	-33340	-11678	2330	0	-3211.10	123239	6.71	6.63	6.48	6.74	0.30
sz000708	-2222	-1139	0	0	-201.14	31137	11.29	11.35	11.15	11.41	0.53
sh600393	-27731	-12254	-2396	0	-1348.47	161583	6.98	6.88	6.84	7.06	-2.27
sz002871	-487	0	0	0	162.87	6230	34.46	35.10	34.46	35.37	1.92
sh603787	-2168	-3863	-2457	0	-103.75	33939	14.88	14.65	14.40	14.90	0.21
sh600894	-1098	0	0	0	-230.68	28249	9.36	9.40	9.26	9.44	0.11
sh600641	-17143	-2438	0	0	-1243.84	107737	13.70	13.46	13.33	13.75	-2.32
sz002886	-247	0	0	0	-68.55	14906	33.06	34.30	33.06	34.50	2.51
sz000719	88	0	0	0	415.84	22079	9.07	9.20	9.01	9.24	1.43
sz000712	-7330	3050	2098	0	-4843.36	164538	15.93	16.20	15.92	16.66	1.69
sz000823	-20868	-11059	-2842	0	-5235.49	192253	13.73	13.50	12.75	13.75	-2.17
sz300160	399	22	0	0	81.72	33858	7.52	7.62	7.49	7.66	1.06
sz300295	-3545	0	0	0	-1039.58	41462	17.94	17.98	17.42	18.28	-0.44
sz002424	-4313	0	0	0	-348.32	61440	15.69	15.80	15.60	15.88	0.89
sz002769	316	0	0	0	-138.81	10493	13.82	13.87	13.68	14.00	0.14
sz002762	-308	0	0	0	-48.57	27707	16.20	16.57	15.80	16.66	1.97
sh600887	-93386	-32009	-20507	0	-8238.00	827513	35.00	34.59	34.33	35.40	0.14
sh603200	-200	0	0	0	-70.31	10737	38.95	39.66	38.22	40.30	1.43
sh603757	0	0	0	0	-114.05	6514	54.18	54.82	53.49	55.66	1.27
sz000822	-22167	-10048	-5313	0	-589.50	151881	9.13	9.06	8.83	9.14	-0.66
sh601919	-30379	-3162	-4351	0	-269.48	382104	6.65	6.69	6.58	6.78	0.15
sh600622	-10009	-2006	-2006	0	-1991.03	85494	17.33	16.66	16.30	17.54	-3.81
sz300400	2289	1449	0	0	259.62	25275	13.16	13.65	13.11	13.72	2.17
sz300113	-9422	-10	0	0	-1022.97	111399	17.77	17.89	17.30	18.16	1.02
sh601668	78997	85082	52178	0	22269.00	7312438	9.72	9.73	9.56	10.01	2.21
sz002777	0	0	0	0	-24.86	3188	31.55	31.91	31.10	32.00	1.14
sh603363	-39	15361	17247	0	-2906.58	216004	17.19	16.24	16.20	17.48	-0.25
sh603188	-823	0	0	0	83.17	40977	16.16	16.33	16.09	16.44	1.11
sh603960	0	0	0	0	-0.50	4862	27.26	27.43	26.71	27.50	0.62
sh603963	-863	0	0	0	-1091.24	32835	32.06	31.97	31.11	32.66	-1.60
sh603989	-1867	0	0	0	-2372.01	33403	38.42	38.24	37.28	38.72	-1.32
sh603987	-637	0	0	0	54.02	21924	11.96	12.29	11.95	12.37	2.08
sh600325	-224167	-133019	-68728	0	-14865.90	1450121	9.01	8.49	8.40	9.01	-6.19
sh600507	71228	93645	69102	0	16072.90	784528	14.40	15.20	14.14	15.50	6.74
sz000596	-2332	0	0	0	-824.55	50222	74.20	73.32	71.82	75.78	-2.50
sh603908	0	0	0	0	-43.65	2910	34.30	34.72	34.00	34.86	1.22
sz300031	-818	0	0	0	-260.93	17164	15.07	15.15	14.85	15.23	1.07
sz300037	-1581	0	0	0	285.75	36352	20.32	20.51	19.40	20.63	0.44
sz300326	-2796	-1007	0	0	-122.88	25342	8.42	8.42	8.25	8.45	0.00
sz002521	-661	0	0	0	0.81	18344	9.25	9.35	9.15	9.37	0.75
sz300484	-246	0	0	0	132.04	11449	19.81	20.08	19.25	20.20	1.52
sh600998	-5440	0	0	0	255.42	48701	17.90	17.99	17.72	18.13	0.17
sh600195	10043	4390	4390	0	-307.32	68952	19.15	20.66	19.15	20.67	7.32
sz000550	-154980	-124936	-123449	0	-5671.10	249736	19.75	19.75	19.50	19.75	10.03
sz000910	-5120	0	0	0	-473.92	32786	24.71	24.34	24.08	24.71	-1.14
sh603658	0	0	0	0	118.84	10523	50.20	48.67	48.47	50.40	-2.58
sh601107	13777	11876	6848	0	324.35	96936	4.16	4.24	4.15	4.25	1.68
sz000869	-5356	1183	0	0	-5575.81	66387	39.92	38.02	37.91	39.92	-5.63
sz300274	-2539	2863	0	0	-949.33	214427	15.97	16.55	15.58	16.79	3.76
sz002323	-1004	2112	2752	0	346.14	111188	6.28	6.39	6.15	6.50	2.73
sh603396	-268	0	0	0	1057.01	33478	42.81	45.15	42.50	45.22	5.47
sh603393	-1148	0	0	0	-2165.21	37696	38.38	37.07	36.87	38.38	-3.81
sh603866	0	0	0	0	-384.14	9091	43.52	43.96	41.93	43.99	1.01
sz000070	-8464	-4009	0	0	109.49	85806	9.88	10.02	9.80	10.13	-0.69
sh601001	14557	9761	6490	0	864.27	184623	6.23	6.44	6.11	6.46	2.88
sz300208	-4330	0	0	0	-525.28	46842	11.52	11.46	11.18	11.64	-0.52
sz300519	-539	0	0	0	-545.56	19449	21.24	21.40	21.24	21.78	-2.15
sz300510	0	0	0	0	-5.12	7617	26.10	25.58	25.10	26.15	-1.99
sz300470	0	0	0	0	-63.14	3375	41.85	41.41	41.02	42.25	-1.05
sz300477	1465	1081	0	0	-431.79	28479	21.58	22.05	21.04	22.15	1.15
sh600278	-2097	0	0	0	302.63	30535	11.71	11.86	11.62	11.98	0.76
sh600019	-26489	31810	34134	0	-4111.50	1047563	8.85	8.95	8.78	9.09	0.90
sz002805	-235	0	0	0	-202.62	9484	27.10	26.98	26.07	27.10	0.19
sz300690	-408	0	0	0	626.59	9901	54.76	57.00	54.38	57.46	4.11
sh600126	948	0	0	0	-143.90	55270	6.86	6.87	6.77	6.93	1.03
sz000531	-651	0	0	0	141.91	20054	7.78	7.89	7.76	7.94	1.41
sz002410	-17252	-5035	-2373	0	-6077.21	140558	19.15	18.33	18.28	19.53	-5.12
sz300219	-11077	0	0	0	-1296.08	62214	11.50	11.55	11.08	11.72	-1.70
sz002499	-256	0	0	0	-13.31	5923	20.35	19.87	19.38	20.35	0.35
sh603266	0	0	0	0	-32.96	5615	25.55	26.08	25.55	26.35	1.40
sh603067	340	0	0	0	-63.59	13057	12.45	12.77	12.35	12.85	2.16
sz002019	-12129	-3619	-2103	0	-634.54	89419	20.80	20.66	20.37	20.81	-0.91
sh600269	43471	37310	27637	0	1930.86	230940	5.16	5.26	5.16	5.28	1.74
sz000657	-3431	0	0	0	-48.61	35201	12.24	12.06	11.84	12.24	-1.55
sh600461	-9631	-1664	0	0	-671.41	44613	6.18	6.21	6.15	6.25	0.32
sz002906	-4029	-950	0	0	317.22	116393	24.25	25.20	23.73	25.50	2.36
sh603500	-1370	0	0	0	126.62	50859	27.80	28.18	27.30	28.86	-1.40
sz002561	2244	1000	0	0	-198.98	22238	11.74	11.85	11.73	11.94	0.77
sz300196	-5472	-1042	0	0	-1340.53	31359	13.66	13.30	13.23	13.84	-3.20
sz002003	-1000	2128	2128	0	-235.77	40256	12.04	11.88	11.77	12.08	-1.33
sh603278	-5141	0	0	0	233.60	99391	24.54	25.25	24.51	25.76	1.20
sh603076	-2146	-1100	0	0	-509.95	35239	38.38	38.98	37.73	39.03	1.51
sz002466	-19770	936	-2587	0	3331.70	247275	50.59	50.26	47.90	50.59	-1.16
sz002861	-271	0	0	0	175.02	11895	25.98	26.40	25.50	26.52	2.37
sh603103	-2755	3057	0	0	4818.06	52745	26.91	29.58	26.65	29.58	10.00
sh600031	-226330	-172026	-137760	0	-21310.20	1358925	9.68	9.36	9.23	9.74	-2.50
sz002127	1598	266	-2757	0	2075.19	91649	12.09	12.41	12.00	12.60	2.48
sz002673	15595	18178	7408	0	897.53	616239	12.07	12.49	12.07	12.77	3.91
sh603043	-1143	0	0	0	-191.02	18038	19.20	19.29	18.96	19.33	0.42
sh603919	-2259	-1500	0	0	-287.18	27468	18.91	19.00	18.74	19.16	-0.73
sh600933	-861	2555	0	0	1229.35	294512	17.03	17.81	16.81	17.88	3.55
sz002295	-3730	0	0	0	-222.37	15560	11.73	11.71	11.68	11.96	-0.09
sh600114	-4604	0	0	0	722.55	53982	14.80	14.80	14.60	15.05	-0.13
sh601579	-301	0	0	0	120.67	18313	12.00	12.08	11.85	12.25	0.50
sz300527	-301	0	0	0	-47.91	6000	22.25	22.18	21.81	22.39	-0.31
sz000338	-69585	19735	24048	0	3207.50	1112221	9.00	9.08	8.87	9.09	0.89
sz300082	-1849	0	0	0	134.57	28820	6.75	6.78	6.61	6.80	0.74
sz300557	0	0	0	0	11.67	3524	36.69	37.28	36.27	37.39	1.61
sz300559	0	0	0	0	-27.88	2535	39.99	40.27	39.50	40.74	0.17
sz300433	-14953	-698	0	0	-4659.22	210012	26.98	26.96	25.36	27.72	0.63
sh603589	-2765	-96	0	0	-2596.49	62309	51.80	49.97	49.95	52.39	-3.76
sh603900	-411	0	0	0	-295.45	16092	31.27	30.99	30.40	31.27	-0.90
sh603633	0	0	0	0	64.95	11019	17.60	17.83	17.41	17.91	0.96
sz002448	-1198	0	0	0	-28.71	24184	8.83	8.88	8.74	8.89	0.57
sh603128	-5156	5455	0	0	273.45	132268	8.37	8.42	8.13	8.54	0.36
sh601186	-296	25489	22323	0	3981.03	472465	11.47	11.63	11.45	11.82	1.57
sh601368	64	0	0	0	-204.85	14917	8.71	8.73	8.62	8.74	0.23
sh600566	-3011	0	0	0	-3321.51	58557	39.85	40.70	39.00	41.47	2.18
sz001979	-17789	3985	-15133	0	9513.20	1252809	24.30	24.70	23.88	25.35	3.22
sz002612	821	0	0	0	-387.31	18585	11.81	11.82	11.59	11.84	0.08
sh600827	335	3229	2224	0	1208.88	65143	13.10	13.30	13.01	13.44	1.53
sz300408	-2649	7325	83	0	-4183.85	134933	20.00	20.29	19.45	20.58	0.79
sz002728	0	0	0	0	-41.94	6092	18.45	18.31	18.01	18.60	-0.76
sh603025	-251	0	0	0	-159.41	14732	30.93	30.88	30.08	31.29	-0.10
sh603938	-671	0	0	0	-615.90	31199	35.67	35.50	33.61	35.80	-0.78
sh603158	0	0	0	0	74.65	2764	18.07	18.01	17.88	18.13	-0.39
sh600177	-13360	-5838	-2383	0	-735.34	229845	9.77	9.73	9.71	9.91	-0.51
sh600171	-43838	-15088	-2137	0	-5650.97	424297	14.18	14.41	13.46	14.59	1.62
sh600598	3175	35390	5364	0	-12502.70	1003378	11.80	12.01	11.64	12.67	0.92
sh600779	-5188	0	0	0	-1693.54	67107	52.50	51.60	51.10	53.26	-1.79
sh600572	-15150	-3397	-2766	0	317.24	92422	7.12	7.10	7.05	7.17	-0.28
sh601229	7193	14193	6121	0	1695.20	675155	15.28	15.46	15.25	15.76	1.11
sz002714	-6266	-3553	-3553	0	-5060.08	67899	61.04	61.30	60.01	62.54	-0.65
sh600986	-1884	-1300	0	0	-117.53	18986	10.75	10.76	10.57	10.85	-0.55
sz300501	0	0	0	0	14.85	3296	34.42	34.95	33.75	35.22	1.54
sz002733	-873	0	0	0	-642.00	25687	16.63	16.39	16.18	16.65	-1.44
sh603928	-388	0	0	0	127.75	16624	14.92	15.22	14.89	15.27	1.40
sh603926	334	0	0	0	-10.67	12276	26.13	26.58	25.93	26.87	2.43
sz000975	-16126	-1295	2939	0	-2062.49	91877	14.64	14.48	14.15	14.70	-0.96
sh600548	-3218	0	0	0	115.82	21517	9.00	9.01	8.94	9.05	0.00
sz000778	-44135	-4480	-10880	0	602.58	386346	5.31	5.32	5.24	5.36	-0.19
sz000559	15974	14007	9951	0	3180.82	143207	9.70	9.99	9.61	10.06	2.99
sz002636	-2686	0	0	0	28.82	37421	14.85	15.03	14.72	15.23	1.21
sh603798	0	0	0	0	27.10	7239	16.82	17.18	16.58	17.20	2.02
sh603007	-252	0	0	0	94.55	16794	12.05	12.28	11.97	12.30	1.32
sh603556	0	0	0	0	-383.46	7685	35.02	35.13	34.69	35.33	0.06
sz002094	-935	3210	0	0	-1117.37	73317	18.94	18.80	18.52	18.98	-0.69
sh600979	-1209	0	0	0	-53.20	23111	5.18	5.22	5.16	5.23	0.38
sh600970	-36415	-20727	-6355	0	-4126.15	257044	9.90	9.64	9.56	9.95	-1.63
sz002419	-8535	2218	2218	0	-248.50	89316	16.90	17.07	16.57	17.18	0.95
sz002411	4622	4292	4413	0	497.81	17998	26.30	26.39	25.97	26.40	0.46
sz002380	-699	0	0	0	-208.55	12057	16.22	16.39	16.00	16.42	0.86
sh603959	600	0	0	0	-470.29	9837	30.01	30.35	29.79	30.99	-1.20
sh600551	1984	0	0	0	352.50	25098	11.98	12.10	11.81	12.14	1.51
sz000709	-7192	-9309	-11202	0	-1531.47	671578	3.95	3.98	3.91	3.99	0.51
sh601200	-4109	0	0	0	-1578.14	58986	23.39	23.60	23.04	23.78	0.68
sh601336	-6484	-1720	0	0	-312.30	211566	66.28	66.63	65.90	68.16	0.09
sz300357	0	0	0	0	273.55	7280	47.93	48.64	47.45	48.98	1.48
sz002158	-14397	-2185	-2922	0	-614.72	145493	12.43	12.84	12.25	12.98	1.90
sh603303	-1176	0	0	0	84.11	24461	13.54	13.78	13.34	13.95	2.23
sz002391	-5579	0	0	0	-930.31	34696	15.45	15.13	15.08	15.45	-2.58
sh603168	-8343	0	0	0	-1096.23	72981	13.65	13.64	13.15	13.71	-1.73
sz002407	-9362	-1108	0	0	-1648.05	87442	20.13	19.93	19.55	20.15	-0.45
sz000488	-63599	-18924	-12605	0	-6293.51	352981	18.29	17.91	17.62	18.30	-2.02
sz000711	12909	0	0	0	951.91	63168	12.38	12.60	12.27	12.68	1.45
sh600639	-333	0	0	0	100.34	17839	17.29	17.27	17.06	17.45	-0.12
sz000825	34539	50865	31967	0	359.62	551453	5.03	5.11	4.94	5.11	1.59
sh600848	-3524	-2525	0	0	1393.49	92242	24.42	24.59	23.80	24.92	0.78
sz300347	574	0	0	0	805.51	25746	34.08	34.00	33.50	34.41	-1.33
sz000505	-2581	0	0	0	-190.82	30138	8.43	8.43	8.33	8.63	-0.82
sz002166	-7138	1000	0	0	-632.26	59393	10.83	10.72	10.61	10.83	-1.65
sh600348	-3769	8201	2569	0	-314.40	342556	7.38	7.47	7.25	7.53	1.36
sh603979	-2192	0	0	0	-191.47	28816	10.82	10.80	10.70	10.90	-0.74
sh600889	-4884	0	0	0	-424.54	22243	8.31	8.23	8.10	8.31	-0.72
sh601595	-21586	-12717	-12792	0	4008.95	76383	19.67	21.58	19.18	21.58	9.99
sz300335	-4459	-3517	0	0	179.01	77560	16.30	16.25	15.65	16.30	-0.18
sh600657	-97779	-41277	-12077	0	-3033.39	359489	6.56	6.25	6.16	6.56	-4.58
sz002191	-5190	0	0	0	-427.51	46148	8.82	8.85	8.71	8.93	0.23
sz000603	-1020	-1465	0	0	44.77	27310	11.92	11.95	11.66	11.99	0.00
sz000937	-11138	-9531	-9613	0	-128.13	186009	5.94	6.01	5.88	6.07	0.84
sz002203	-8023	0	0	0	-654.36	36754	7.74	7.69	7.56	7.75	-0.65
sh600618	-5417	0	0	0	-320.57	47246	11.60	11.48	11.33	11.60	-1.46
sh600615	250	0	0	0	-32.30	11325	12.75	12.87	12.65	12.89	0.47
sh600611	-11513	-2667	6162	0	135.43	97957	5.04	5.09	5.00	5.10	0.99
sz000783	56534	42301	12314	0	833.74	663608	7.87	8.09	7.86	8.22	2.93
sh600545	-4583	-2018	-2018	0	-332.54	67280	10.00	9.85	9.53	10.06	-1.60
sz300324	2424	5604	0	0	582.11	178932	14.60	15.40	14.18	15.57	4.19
sz002749	0	0	0	0	38.02	5168	65.00	66.23	64.68	66.35	1.89
sh603359	2103	0	0	0	1343.10	41582	33.16	34.87	32.80	35.22	5.16
sz002696	0	0	0	0	-54.59	4357	17.18	17.20	17.04	17.31	0.12
sz300640	-613	0	0	0	-349.77	8312	24.85	25.00	24.30	25.15	0.89
sh600196	-31784	-1797	-2024	0	-12595.60	213913	46.20	44.91	44.28	46.40	-2.64
sz300505	342	0	0	0	749.33	33792	31.15	32.93	30.51	34.60	4.71
sh600007	-490	1208	0	0	173.73	11599	16.91	17.01	16.76	17.10	0.65
sz002868	-7704	-2126	0	0	793.99	41317	25.70	25.19	25.08	25.77	-0.40
sh603139	0	0	0	0	11.41	8724	25.40	26.09	25.35	26.29	1.44
sh601155	-31694	-7088	-4095	0	-10213.40	330037	36.60	35.40	34.76	37.81	-4.04
sz002087	-24152	-3041	-2028	0	-563.67	87499	5.72	5.67	5.57	5.73	-0.87
sz002881	0	0	0	0	282.54	14052	27.20	27.85	27.20	28.12	2.65
sh603238	-785	0	0	0	-238.57	27924	22.58	23.58	22.33	23.90	4.43
sh603659	-3222	-1015	0	0	-78.02	46856	48.81	49.28	46.62	49.69	0.96
sz000681	-1902	-1014	0	0	-335.12	69202	18.43	18.57	18.03	19.06	-1.01
sh603535	-492	0	0	0	361.48	31505	25.43	26.17	25.21	26.48	2.27
sz300463	283	0	0	0	254.05	28865	21.74	22.28	21.51	22.29	2.96
sh603660	-235	0	0	0	-332.25	11308	32.80	32.91	32.06	33.25	-0.12
sh603977	-246	0	0	0	92.15	12194	13.05	13.22	12.94	13.40	1.46
sh601007	-216	-1066	0	0	41.29	13398	10.74	10.82	10.63	10.82	0.56
sz000096	-5	0	0	0	117.01	14022	13.40	13.39	13.20	13.50	-0.07
sz002800	-241	0	0	0	-54.31	5327	29.45	29.61	28.83	29.61	1.02
sh600388	-9787	-1999	0	0	467.84	165926	16.00	16.13	15.64	16.28	1.07
sz002385	-44478	-45610	-31636	0	-2061.01	344219	6.76	6.62	6.56	6.77	-2.07
sz002496	-131357	-59907	-47161	0	-3970.73	501049	5.80	5.51	5.42	5.87	-6.61
sh600642	-17707	-8426	-6072	0	239.53	139714	5.91	5.93	5.89	5.95	0.34
sh600380	-59065	-23834	-10442	0	-6891.38	334049	12.54	12.14	12.07	12.56	-3.19
sz002050	-27992	-4140	2052	0	-5533.85	225167	19.44	19.23	18.69	19.58	-1.03
sz300182	6255	4178	4102	0	279.27	173367	9.14	9.39	9.14	9.43	2.40
sz300237	-746	0	0	0	-48.21	7658	15.46	15.60	15.32	15.67	0.91
sh603916	-8630	0	0	0	-2032.17	142583	18.93	18.94	18.51	19.50	-1.25
sh600757	18815	6636	2057	0	1219.72	105385	6.93	7.10	6.89	7.14	2.45
sh600754	-5587	0	0	0	1497.40	53028	38.70	38.31	37.22	39.38	-0.96
sz002222	-8040	-1100	0	0	-1289.20	131763	16.68	16.97	16.04	17.03	1.80
sh603456	19529	8510	0	0	1830.53	49504	15.39	15.84	15.31	15.86	3.06
sz300439	-263	0	0	0	54.65	11827	18.28	18.57	18.21	18.63	1.59
sz002595	306	0	0	0	158.81	15952	18.06	18.32	17.96	18.34	1.55
sh600900	-22778	-28961	-18092	0	-3710.78	306193	16.09	16.12	15.95	16.25	0.37
sz002116	-1972	0	0	0	-142.10	18307	10.18	10.22	10.13	10.28	0.59
sh600345	-9140	0	0	0	-3321.12	124270	30.70	29.35	28.38	30.96	-3.80
sh601985	-14044	-5281	-5234	0	2005.76	322404	7.48	7.43	7.39	7.51	0.68
sz000625	3029	-459	-131	0	155.84	295795	12.95	13.12	12.88	13.26	1.16
sz000049	-828	0	0	0	-580.10	47573	36.70	37.51	36.40	37.61	2.63
sz300710	3903	2739	0	0	2927.14	46735	42.11	46.19	41.90	46.19	10.00
sh603339	-729	0	0	0	-24.02	16658	22.14	22.64	21.65	22.66	2.26
sh601555	23676	23395	5118	0	5893.48	469644	9.61	9.95	9.61	10.04	3.65
sz002653	0	0	0	0	19.61	4744	11.43	11.44	11.36	11.44	0.53
sz300376	-9632	-3988	-1271	0	-753.73	180356	7.00	6.93	6.73	7.12	-0.86
sz000983	4499	21888	21862	0	10.34	484972	10.06	10.28	9.83	10.39	1.98
sz300388	-4806	0	0	0	-369.35	50457	22.29	21.84	21.50	22.38	-2.72
sz300146	-41240	-11337	-5184	0	4540.64	361948	15.62	15.98	15.30	16.14	2.70
sh600377	-32091	-14494	-8084	0	-1329.72	86018	10.10	9.98	9.88	10.10	-1.38
sz300351	-1057	0	0	0	-153.34	20764	13.95	14.08	13.68	14.14	0.79
sh600308	-16961	-2176	0	0	-131.21	100420	6.63	6.56	6.46	6.64	-0.76
sh600630	-2090	0	0	0	178.62	48926	10.30	10.41	10.16	10.49	1.07
sz300626	0	0	0	0	-11.07	1653	27.80	27.81	26.90	27.85	0.40
sh600089	-20865	14651	6050	0	2866.84	388205	9.72	9.83	9.63	9.92	1.13
sz000920	-5083	-1132	0	0	-311.63	28926	9.56	9.54	9.24	9.57	0.00
sz002779	-449	0	0	0	91.09	15549	20.30	20.51	20.30	21.21	0.05
sz300244	-2527	0	0	0	261.26	47523	21.97	22.43	21.88	22.66	1.40
sh603968	309	0	0	0	9.24	17328	18.65	18.34	18.17	18.65	-1.71
sh601588	-60384	-39605	-30699	0	-1800.12	154685	5.50	5.42	5.38	5.56	-2.52
sz300721	-2262	-1522	0	0	595.53	40050	37.11	38.68	37.07	38.74	2.63
sz002444	-20981	-1224	0	0	-1575.80	83705	12.88	12.88	12.58	12.94	-0.08
sh603229	-1208	0	0	0	-33.69	28499	17.90	18.08	17.56	18.36	0.72
sh603286	0	0	0	0	174.61	9039	44.18	43.19	42.83	44.88	-2.11
sh600995	-2027	0	0	0	-305.89	23708	9.00	9.00	8.87	9.04	0.22
sh603538	0	0	0	0	-12.09	3117	25.99	25.98	25.71	26.24	0.35
sz002258	-11710	-216	0	0	-816.63	111876	17.39	16.22	16.14	17.49	-6.24
sz300207	-19227	111	0	0	-1602.79	107892	9.95	9.98	9.66	10.06	0.00
sz002563	-540	2986	0	0	105.81	49570	8.99	8.89	8.66	8.99	-0.11
sz002025	-1344	19	0	0	-411.29	80269	21.68	21.80	20.92	22.03	0.65
sh600389	994	0	0	0	-572.81	16488	17.67	17.55	17.25	17.75	-0.74
sz002491	-2498	0	0	0	-286.55	32812	12.26	12.20	12.10	12.37	-0.49
sz300502	-4793	403	0	0	144.94	58932	22.99	23.48	22.00	24.15	-0.97
sz002275	-237	0	0	0	184.74	11067	16.00	16.17	16.00	16.20	0.56
sh601515	-2984	0	0	0	-310.84	13166	9.75	9.73	9.65	9.75	0.21
sz000701	-1187	0	0	0	165.55	37767	9.84	9.87	9.67	9.95	0.30
sh600808	18638	29489	60212	0	2169.26	640620	4.09	4.13	4.05	4.16	0.73
sz002120	-615	0	0	0	-938.16	17443	42.63	42.83	40.70	42.85	1.47
sh600026	4551	4298	6823	0	1283.18	150515	6.11	6.19	6.06	6.22	0.98
sz000985	318	0	0	0	-30.41	7299	19.52	19.55	19.03	19.55	0.26
sh603197	0	0	0	0	-296.82	7871	50.01	50.41	48.60	50.64	0.82
sh603708	-1405	0	0	0	454.69	32177	20.91	21.46	20.69	21.65	2.34
sh603336	0	0	0	0	-13.94	17317	21.38	21.81	21.16	22.17	0.97
sh600771	-798	0	0	0	-11.12	20628	44.08	43.44	42.77	44.23	-1.12
sz002601	-12763	-3612	0	0	-3115.50	124342	17.08	16.87	16.75	17.14	-0.76
sz002557	-5383	-1153	0	0	-743.81	22714	15.37	15.00	15.00	15.42	-2.53
sz002092	-48148	-9648	-2610	0	-6586.79	292083	14.37	14.26	14.04	14.37	-1.31
sz002877	239	0	0	0	120.63	18334	22.55	22.79	22.08	22.85	2.06
sz002768	-200	0	0	0	147.64	7975	26.09	26.44	25.60	26.49	0.95
sz002182	-7701	-2570	0	0	-133.48	87959	8.65	8.69	8.45	8.70	0.70
sz300622	-202	0	0	0	-30.57	5639	24.59	24.93	24.27	24.96	1.38
sh603183	-478	0	0	0	-1080.56	58782	42.53	44.47	42.01	45.47	3.56
sz000798	-3003	-1840	0	0	-110.57	37300	9.02	9.23	8.95	9.25	1.32
sz000666	5126	3309	0	0	-620.04	97880	19.96	20.35	19.84	20.45	2.06
sz000722	2368	1091	0	0	623.78	30661	8.70	8.96	8.60	9.02	3.70
sz000906	-2573	0	0	0	-94.32	23373	7.60	7.65	7.51	7.66	0.66
sz300681	300	0	0	0	244.01	8669	48.70	50.33	48.20	50.96	3.37
sz002796	-584	0	0	0	190.08	21167	31.11	32.55	30.61	32.77	4.13
sh600872	-1227	0	0	0	-325.90	50593	27.61	26.82	26.62	27.61	-2.93
sh600000	15601	44321	67499	0	10595.50	1271328	12.91	13.10	12.89	13.42	1.55
sh600482	-2509	0	0	0	204.94	33707	24.05	24.06	23.58	24.12	0.04
sh600023	20375	22773	16203	0	1228.12	317337	5.56	5.62	5.52	5.64	0.90
sz000623	6082	3560	-5661	0	-1026.80	297785	22.97	23.13	22.85	23.52	1.14
sh600823	-51728	-74486	-78953	0	-25563.50	1719834	6.50	5.93	5.89	6.50	-9.33
sh603157	-6642	-1015	0	0	-837.75	90074	19.60	19.19	19.01	19.62	-3.18
sh603819	0	0	0	0	-5.83	7890	16.55	16.94	16.49	17.02	1.86
sh603811	0	0	0	0	-90.92	6092	30.80	30.76	30.04	31.10	-0.03
sz002890	0	0	0	0	250.66	7937	32.64	33.59	32.49	33.88	2.91
sz002045	-8291	-1540	0	0	2107.39	126664	17.94	18.34	17.58	18.78	1.89
sh600406	-1631	5751	2496	0	2329.22	192494	16.69	16.75	16.60	17.07	0.30
sh603990	0	0	0	0	110.51	3219	37.18	36.96	36.59	37.49	-0.22
sh603268	0	0	0	0	-45.52	1508	27.09	26.95	26.68	27.27	-0.52
sh603063	-2570	0	0	0	-508.28	28783	18.60	18.50	18.26	18.96	-0.96
sh600745	-3800	0	0	0	-1048.57	56105	28.79	28.64	28.59	29.96	-2.62
sz002594	-15518	-7128	0	0	-9035.90	116525	64.68	63.75	62.51	64.68	-1.62
sz002117	-20719	-1481	-34	0	-4898.89	127115	19.00	18.66	18.57	19.80	-9.55
sh600160	13249	7224	-57	0	1648.85	227200	10.72	11.09	10.65	11.14	3.16
sh603369	-26653	-6602	-2335	0	-1119.05	166312	18.01	17.68	17.52	18.29	-1.72
sz300374	-188	0	0	0	253.83	39666	15.56	15.85	15.15	16.01	1.99
sh601100	-5978	0	0	0	-1968.29	62047	31.90	30.22	30.01	32.29	-5.24
sh600628	470	-1500	0	0	-1.04	35130	10.13	10.25	10.09	10.26	1.28
sh603386	-23020	-6818	-6564	0	-2203.67	175222	19.10	18.74	18.18	19.67	-7.23
sz002626	-19549	207	0	0	-3780.74	100596	20.60	19.79	19.70	21.18	-4.90
sh600053	310	0	0	0	75.50	8992	24.40	24.27	23.88	24.59	-0.53
sh600874	-23726	-9277	-3649	0	-1334.28	227408	13.86	13.65	13.20	13.86	-1.66
sh601020	-200	0	0	0	-82.36	22995	19.39	19.47	19.03	19.58	0.41
sz300450	-1116	0	0	0	-3428.85	74572	54.48	53.30	49.55	54.48	-3.18
sh603630	0	0	0	0	-19.65	7687	26.85	27.19	26.82	27.37	1.38
sz002893	-1468	453	2065	0	-4345.66	123235	37.33	34.95	34.95	38.47	-9.99
sz002766	-1499	-1152	0	0	244.62	62601	15.01	15.12	14.80	15.25	0.07
