sh601628	-28204	-3902	0	0	-6688.60	304993	32.01	31.59	31.20	32.33	-0.75
sh600338	-7837	0	0	0	-3143.57	66644	37.13	38.36	36.00	38.84	3.51
sh600048	-144822	-63210	-51458	0	-18726.30	1882338	17.90	17.57	17.32	18.09	-2.01
sh600511	-2731	0	0	0	-1610.77	34102	27.11	26.98	26.94	27.40	-0.44
sz002831	-214	0	0	0	892.11	7340	60.00	59.45	58.53	60.27	-1.30
sh600195	762	0	0	0	-259.38	34250	20.60	20.44	20.27	20.72	-1.06
sh600197	11469	1046	3614	0	2393.90	199049	26.10	28.52	26.00	28.52	9.99
sh601117	53797	60768	61615	0	2612.78	516422	7.38	7.58	7.36	7.61	2.43
sh600420	-6465	-1026	0	0	-56.71	38126	11.66	11.62	11.54	11.73	-0.43
sz000877	18991	14916	1494	0	4577.68	537595	11.53	11.92	11.46	12.10	3.03
sh601801	-5762	0	0	0	-699.08	32756	10.32	10.25	10.24	10.39	-1.35
sz000050	-12977	-4066	0	0	-3820.00	107401	19.38	19.25	19.22	19.57	-0.88
sz300138	-1081	0	0	0	-124.82	8848	12.28	12.24	12.22	12.33	-0.49
sz000550	-20981	-5368	-2198	0	-5192.40	198718	20.00	19.52	19.30	20.11	-1.16
sh600335	-9350	0	0	0	-744.89	49006	10.59	10.56	10.48	10.66	-0.28
sz002042	-3203	-1043	0	0	349.92	33363	12.60	12.55	12.43	12.63	-0.63
sz002238	-556	0	0	0	-159.14	10481	9.47	9.44	9.36	9.52	-0.32
sz300317	-6543	3601	2099	0	-3711.13	81375	14.16	14.04	13.86	14.35	-0.99
sz002233	-4855	-605	2418	0	777.24	104827	11.86	11.94	11.80	12.06	0.42
sz002648	12720	12232	6378	0	4713.96	150485	17.73	19.58	17.73	19.58	10.00
sh603507	-410	0	0	0	-906.88	39195	43.14	42.43	42.31	43.89	-1.69
sz002759	-1755	0	0	0	-397.40	23651	15.98	15.98	15.83	16.20	-0.68
sz300262	-6232	0	0	0	-351.63	33240	9.02	8.99	8.90	9.05	-0.22
sz300655	-535	0	0	0	-193.92	8015	24.64	26.95	24.64	27.45	-1.43
sz300654	-1268	0	0	0	597.21	23401	32.96	32.42	31.73	33.72	-1.31
sz300653	0	0	0	0	205.30	4559	33.00	33.37	32.86	33.71	1.27
sz300652	-375	0	0	0	49.69	6360	27.58	27.80	27.40	27.86	0.54
sh600859	-7451	0	0	0	212.49	80659	22.70	22.60	22.21	22.88	-0.40
sz002536	-2939	0	0	0	425.35	32890	15.07	15.22	15.02	15.30	1.00
sz002530	-985	0	0	0	263.54	17607	24.00	23.58	23.56	24.29	-2.68
sh603727	-647	0	0	0	-632.11	26177	25.09	24.95	24.89	25.44	-1.58
sh603725	-1334	-1090	-2125	0	444.09	86064	22.10	22.29	22.00	23.15	3.19
sh603728	-230	0	0	0	-154.89	14189	21.90	22.02	21.66	22.47	0.64
sh600299	4801	2974	0	0	1141.00	36760	11.65	12.06	11.58	12.12	3.08
sh600295	-4135	-1045	0	0	507.98	94711	14.11	14.37	14.10	14.50	1.48
sh600079	-7046	-1559	2056	0	-1997.85	75347	17.63	17.70	17.63	17.75	0.00
sz002828	-958	0	0	0	46.26	15169	24.28	24.35	24.10	24.64	0.37
sz300453	0	0	0	0	-115.92	3392	15.81	15.87	15.79	16.00	-0.13
sh603683	-26668	-5921	-2451	0	2372.27	188307	25.00	28.61	24.71	28.61	10.00
sh600674	-16957	2291	-449	0	-479.04	151930	9.84	9.85	9.75	9.87	0.00
sh601811	0	0	0	0	-116.22	9854	12.57	12.54	12.48	12.64	-0.40
sh600708	28454	42651	44140	0	5315.34	352863	7.72	8.24	7.70	8.44	7.01
sh600703	-48322	-890	-862	0	6822.50	489375	22.63	22.76	22.41	23.07	0.71
sh600704	-38402	-17355	-9743	0	-1817.19	128515	7.24	7.20	7.14	7.25	-0.83
sh600763	129	0	0	0	-1159.55	57161	35.51	35.89	35.51	37.45	0.76
sz300017	65366	99339	76475	0	22404.80	1074041	11.15	11.97	11.15	12.10	7.35
sh603099	0	0	0	0	0.00	4154	11.94	12.04	11.89	12.08	0.84
sz002324	834	-1006	0	0	-28.76	10207	21.99	22.20	21.79	22.20	0.68
sz002320	-3563	-4039	0	0	-3549.71	72149	23.91	23.98	23.70	24.21	-1.32
sz002323	-7757	-3352	0	0	25.62	58130	6.38	6.35	6.30	6.38	-0.63
sh603398	-16	0	0	0	-571.46	23492	16.95	16.99	16.76	17.49	-0.76
sh603393	423	1021	0	0	-1831.40	34477	37.07	36.13	36.10	37.28	-2.54
sz300660	0	0	0	0	90.73	5998	65.14	65.60	64.81	66.24	0.71
sz300665	-45	0	0	0	-347.05	19291	27.45	27.71	27.23	28.69	1.17
sh600843	-777	0	0	0	167.99	12262	10.42	10.47	10.37	10.48	0.38
sh600845	-1480	1031	0	0	-1007.78	36388	18.74	18.69	18.61	19.33	-1.32
sh603717	-795	0	0	0	205.63	17728	27.48	27.47	27.00	27.49	0.81
sz002789	1498	0	0	0	-1166.24	24608	40.71	42.10	40.11	42.30	3.14
sh603083	-437	-1244	0	0	-2827.59	51228	48.99	49.19	48.46	50.06	-3.28
sh603086	0	0	0	0	-63.13	4710	36.95	37.09	36.67	37.50	0.38
sh600282	113971	118515	73973	0	3000.27	819641	4.82	4.95	4.81	4.97	2.06
sz002504	-9905	-118	-2773	0	212.32	112853	4.55	4.63	4.52	4.70	1.54
sh600885	-1102	0	0	0	271.47	21235	43.00	44.13	43.00	44.46	1.26
sh603203	0	0	0	0	-94.07	3049	38.28	38.37	38.01	38.56	0.39
sh603886	-185	0	0	0	-118.81	14230	19.67	19.54	19.44	19.84	-0.56
sh603887	300	0	0	0	75.23	9228	27.73	27.81	27.38	28.40	-0.39
sh603888	-1794	0	0	0	-521.01	17084	22.96	22.63	22.54	22.96	-1.39
sh603665	0	0	0	0	-89.75	2604	35.02	35.18	35.01	35.48	0.03
sh603663	0	0	0	0	88.42	8657	20.50	20.28	20.24	21.20	-1.02
sh603977	140	0	0	0	235.27	13136	13.10	13.47	13.10	13.66	1.89
sh600064	-4615	0	0	0	-27.12	43845	14.86	14.84	14.76	14.95	0.00
sh600068	31987	31856	8167	0	11613.60	1143583	8.87	9.16	8.81	9.25	2.81
sz002818	-869	0	0	0	-294.70	18160	31.60	31.87	31.40	31.91	-0.34
sh603860	-476	0	0	0	-120.27	9367	35.15	35.67	34.83	35.85	1.31
sz300683	-200	0	0	0	40.73	10017	53.88	54.73	53.06	55.09	1.54
sz300687	0	0	0	0	-184.60	7306	48.77	48.61	48.22	49.13	-0.71
sz000411	-400	0	0	0	-193.95	3763	20.61	20.65	20.52	20.70	0.24
sz000413	-83204	-25785	-11051	0	-4853.51	334072	9.04	9.01	8.98	9.07	-0.66
sh600660	-5558	407	-2051	0	-2011.06	102734	28.18	28.29	28.05	28.35	0.50
sz000789	-44737	-25677	-26259	0	-4146.50	594015	12.34	12.57	12.18	12.65	1.62
sz000898	171199	166045	119094	0	-437.50	990933	6.69	6.88	6.65	7.05	5.52
sh601390	124267	131469	98242	0	15665.70	1026849	8.51	8.73	8.47	8.79	2.34
sh601000	-62345	-36354	-33120	0	757.75	384968	5.15	5.11	5.09	5.18	-0.58
sz000090	-41370	-30899	-22775	0	-727.85	122146	11.10	11.00	10.98	11.25	-1.61
sh600711	-17643	3357	2321	0	-896.24	252792	8.85	8.95	8.80	9.01	1.02
sh600710	-2909	54	0	0	-97.18	43217	6.29	6.32	6.23	6.36	1.28
sh600717	-5675	-1816	0	0	-450.70	73033	10.71	10.72	10.60	10.74	0.09
sh603527	-1151	0	0	0	-555.94	37056	30.46	30.41	30.15	31.19	-1.23
sh603416	0	0	0	0	-164.07	3682	31.51	31.13	31.00	31.62	-1.14
sh600167	338	0	0	0	-116.00	12379	23.42	24.10	23.35	24.27	2.90
sz300510	0	0	0	0	-28.45	4477	25.98	25.46	25.46	25.98	-0.47
sz300514	-458	0	0	0	-99.60	8931	27.21	27.00	26.80	27.24	-0.74
sh603388	-4488	1361	0	0	1100.21	17906	17.20	18.56	17.20	18.56	10.02
sz300677	-456	0	0	0	-144.05	16233	59.23	59.21	58.22	59.45	-0.44
sh600161	-7573	0	0	0	-3430.16	49238	28.68	28.50	28.40	28.95	-0.80
sz300473	0	0	0	0	-136.35	4655	41.11	41.10	40.40	41.24	-0.02
sh603707	1499	0	0	0	58.41	47884	27.76	28.20	27.60	29.30	1.15
sz002790	0	0	0	0	-19.19	2633	26.29	26.33	26.24	26.45	-0.49
sz002025	-3673	0	0	0	-729.62	44846	21.68	21.37	21.30	21.90	-1.97
sz002796	-369	0	0	0	-288.27	13592	32.45	32.02	32.00	32.86	-1.63
sh603090	388	0	0	0	-30.09	4661	19.39	19.46	19.26	19.73	0.10
sh603890	-2601	0	0	0	-2437.82	52073	40.56	39.66	39.30	40.88	-3.27
sz002241	-55243	-20066	-9790	0	-2980.93	298517	16.08	16.00	15.90	16.28	-1.17
sz002803	-752	0	0	0	122.46	3305	43.23	44.00	43.23	44.17	1.15
sh600381	-12967	-3386	5117	0	2266.53	108178	10.13	11.07	10.13	11.07	10.04
sz002807	29991	24353	21016	0	-1316.50	724380	8.29	8.73	8.24	9.07	4.93
sz002809	-227	0	0	0	270.98	14757	30.18	30.38	30.18	30.88	-0.13
sh600388	-14847	-2560	0	0	-1338.33	83850	16.02	16.03	15.94	16.25	-0.62
sh600477	15458	26454	14948	0	-182.75	372095	8.85	9.14	8.83	9.28	3.51
sh600475	-1271	0	0	0	-75.99	9994	14.00	14.00	13.89	14.05	-0.07
sz300690	-324	0	0	0	90.60	10254	56.39	57.85	56.39	58.09	1.49
sz300697	-4069	-1100	0	0	-1969.09	74162	26.40	25.87	25.80	27.62	-3.11
sz000400	-6018	614	0	0	-1536.09	116032	12.15	12.36	12.15	12.38	1.48
sh600121	-2356	1781	2000	0	93.23	46677	6.26	6.38	6.26	6.38	1.75
sh600122	-7365	5320	11884	0	3054.75	301972	9.63	9.72	9.61	10.30	0.93
sh600126	-5016	-1208	0	0	21.88	72241	6.84	7.00	6.79	7.05	1.89
sz000798	-2578	0	0	0	-30.30	33588	9.23	9.23	9.13	9.41	0.00
sz000881	-1468	0	0	0	-303.66	18005	12.42	12.32	12.25	12.42	-0.96
sz000889	-1379	-2021	-2021	0	127.67	20446	12.69	12.82	12.51	13.21	0.55
sz000062	-1427	0	0	0	-169.71	12066	23.18	22.94	22.91	23.20	-0.82
sz000089	3265	-2977	8691	0	1396.59	238697	8.80	8.89	8.75	8.92	0.91
sz000333	-15402	-2669	0	0	-5513.00	223781	59.00	58.95	58.50	59.79	0.34
sz002410	-8240	-1000	0	0	-455.21	58884	18.16	18.42	18.16	18.72	0.49
sz002022	-3532	-998	-2000	0	205.48	39743	13.65	13.92	13.65	14.07	1.16
sz002385	4590	8080	1802	0	206.39	179830	6.61	6.67	6.57	6.72	0.76
sz002496	-21421	-10215	-15426	0	-1846.16	318352	5.49	5.59	5.38	5.64	1.45
sh603466	-195	0	0	0	-1724.23	32157	55.59	55.18	54.50	55.98	-1.39
sz300502	227	0	0	0	324.35	52529	23.64	24.07	23.64	24.58	2.51
sz300506	-564	0	0	0	-48.06	14965	22.13	22.13	22.02	22.47	-0.72
sz300447	-234	0	0	0	-207.46	10429	17.17	17.23	16.99	17.29	0.29
sh603063	-863	0	0	0	-251.12	23445	18.46	18.59	18.26	18.85	0.49
sh603067	176	0	0	0	-10.24	8560	12.85	12.83	12.75	12.95	0.47
sh603288	-442	0	0	0	-1803.19	23686	56.94	56.28	56.00	57.80	-1.71
sh603289	-1578	-1111	0	0	2232.84	209935	20.62	21.87	20.41	22.99	4.59
sh600261	100	-717	-2050	0	-126.13	31057	5.26	5.29	5.25	5.31	0.38
sh600266	-9890	-457	0	0	331.84	91168	14.11	14.17	14.10	14.37	-0.49
sh603286	0	0	0	0	-152.00	11000	43.54	42.79	41.90	43.85	-0.93
sz002270	-698	0	0	0	-97.67	6734	9.26	9.28	9.24	9.36	-0.32
sz002271	-1377	0	0	0	-218.33	46044	39.50	40.44	39.39	40.49	2.38
sh603605	-83	0	0	0	-310.63	48449	28.70	28.82	28.62	29.57	-0.24
sh603607	531	0	0	0	-1196.80	35900	45.69	45.20	45.00	46.52	-2.19
sh603608	-3796	-1324	0	0	-117.18	14362	10.80	10.75	10.67	10.85	-0.65
sh603609	-2785	0	0	0	-177.19	18501	9.00	8.91	8.90	9.04	-1.22
sz002477	-41143	-17377	-16883	0	33.76	214446	4.53	4.51	4.50	4.56	-0.66
sh600007	-3211	0	0	0	-434.21	11985	16.89	16.78	16.76	17.10	-1.35
sh600004	-4047	-1382	0	0	-1207.86	154336	15.60	15.86	15.56	16.08	1.15
sz000650	-9382	-8342	-4762	0	-398.59	44139	5.29	5.31	5.27	5.32	0.00
sz002588	7154	4379	2310	0	-12.99	86134	6.78	6.93	6.78	6.95	1.46
sh603179	-1851	0	0	0	-694.03	32927	37.70	37.45	36.70	37.79	-0.11
sz002879	-3567	0	0	0	59.68	22687	52.85	52.78	51.10	52.85	-0.04
sh600461	-8630	-1500	0	0	-402.79	24149	6.20	6.18	6.16	6.24	-0.48
sh600463	-16859	-7888	-10045	0	-3644.57	162200	13.79	13.58	13.16	13.79	-3.07
sh600138	-6533	-1058	0	0	-705.90	62812	22.15	21.96	21.73	22.33	-1.21
sh600648	-4392	0	0	0	-316.50	16593	18.70	18.75	18.61	18.82	-0.48
sh600640	-210	0	0	0	30.40	10129	14.15	14.20	14.01	14.38	-0.14
sh600643	-9313	1333	0	0	3012.30	214808	11.12	10.98	10.94	11.19	-1.88
sh600480	-1877	0	0	0	-331.05	25895	15.30	15.35	15.26	15.42	-0.26
sh600487	-28797	-10026	0	0	-10016.62	177713	40.72	40.59	40.55	41.39	-0.95
sh600486	-3595	0	0	0	-1890.10	35051	52.57	53.78	52.08	54.22	3.30
sz002906	-14067	-1583	0	0	-2710.41	89139	25.10	24.69	24.60	25.59	-2.02
sz002907	-2215	-3547	-3122	0	-1038.50	137106	39.00	43.56	37.70	43.56	10.00
sz002242	-9171	0	0	0	-1277.28	47343	18.18	18.25	17.97	18.34	0.00
sh601601	-52312	1209	2840	0	-3541.60	449052	42.03	41.23	40.90	42.87	-0.72
sh601607	-22998	-1915	2053	0	-2853.50	139502	25.69	25.58	25.26	25.78	-0.47
sz000501	7487	1095	0	0	1946.81	106855	17.43	17.70	17.12	17.79	2.02
sz300043	-7621	-1301	0	0	-248.12	64735	6.40	6.34	6.34	6.48	-1.40
sz300041	-200	0	0	0	-34.89	19191	9.67	9.76	9.62	9.77	0.72
sz300044	-400	0	0	0	-587.32	37141	14.31	14.30	14.25	14.52	-0.63
sh601515	-309	1002	0	0	9.36	16078	9.71	9.75	9.68	9.75	0.21
sz300227	-4888	0	0	0	-996.45	27514	22.09	21.88	21.57	22.09	-1.13
sz002315	-1007	0	0	0	-310.09	9788	21.46	21.24	21.04	21.66	-0.93
sz002313	-2985	-2311	0	0	572.34	27473	30.58	30.50	30.08	30.86	-0.33
sz002649	-29654	-12657	-6074	0	-3767.41	118847	11.50	11.31	11.29	11.65	-2.25
sz300535	0	0	0	0	-128.25	9542	35.89	36.30	35.58	36.79	0.83
sh600826	-2118	0	0	0	-379.85	12647	13.23	13.14	13.10	13.23	-0.30
sz300450	-7557	-1131	0	0	-712.93	51968	53.00	53.30	51.80	53.75	0.00
sh603277	-1347	0	0	0	-635.02	39109	19.45	19.27	19.19	19.84	-1.63
sz002003	-5013	-1249	0	0	-440.44	42634	11.88	12.00	11.87	12.04	1.01
sz002002	-6309	-3934	-2108	0	369.80	76319	6.97	7.05	6.90	7.06	1.44
sh603278	-4452	0	0	0	-1344.21	69261	25.05	24.55	24.31	25.50	-2.77
sh603298	-647	0	0	0	-0.35	14514	15.85	15.95	15.80	16.04	0.25
sh600479	-448	0	0	0	-141.07	9762	13.77	13.75	13.71	13.94	0.00
sz002267	-5180	-2416	0	0	-20.22	43305	8.09	8.15	8.08	8.20	0.37
sh603617	-1306	0	0	0	-558.24	36168	22.52	22.52	22.23	22.71	-3.35
sz002466	-12405	-2220	0	0	2271.50	147628	49.71	50.92	49.70	51.30	1.31
sz002869	-1683	-1678	0	0	-517.77	26468	33.00	31.92	31.64	33.35	-1.48
sh603103	-10243	-3650	-973	0	-4569.09	116303	30.70	29.61	29.47	30.97	0.10
sh603101	765	0	0	0	230.99	18128	13.29	13.55	13.21	13.65	1.80
sh600109	-4136	6925	6123	0	45.44	258352	9.75	9.76	9.66	9.88	0.41
sh600106	-3510	-234	0	0	-386.62	48609	4.53	4.52	4.49	4.54	0.00
sh600101	-2378	0	0	0	-337.32	16847	9.05	9.02	8.98	9.08	-0.11
sh600030	132643	209553	185037	0	3419.00	2956692	21.15	21.41	20.90	21.64	2.24
sh600746	64	0	0	0	117.40	22971	8.06	8.20	7.98	8.21	1.49
sh600742	-2336	-2218	0	0	427.93	59376	17.31	17.40	17.23	17.68	0.64
sz000429	-5926	-3437	0	0	-359.69	37385	8.13	8.11	8.07	8.14	-0.49
sz300055	-9292	-2712	0	0	-1075.30	83125	19.00	19.01	18.86	19.27	-0.42
sz300054	-49477	-12503	-3242	0	-2765.27	130178	11.30	11.15	11.02	11.49	-2.96
sz300230	-6499	-1702	0	0	-923.96	32274	12.12	12.04	11.97	12.16	0.25
sz000701	-2162	0	0	0	-92.13	19180	9.85	9.85	9.80	9.92	-0.20
sz300521	-787	0	0	0	-242.82	14183	15.18	15.04	15.02	15.50	0.27
sz002675	-1463	0	0	0	-31.03	31798	10.35	10.48	10.35	10.59	1.75
sz002670	-16836	-2396	-2396	0	-3056.14	134726	19.70	19.65	19.42	20.17	-1.60
sh600482	-1499	0	0	0	202.14	23050	24.19	24.07	23.98	24.25	0.04
sz300428	-1685	0	0	0	-265.21	23845	18.43	18.58	18.33	19.08	1.14
sz300429	-42	0	0	0	55.38	10928	23.89	24.13	23.70	24.13	1.09
sh600808	27189	62737	81390	0	10315.78	1182264	4.14	4.28	4.13	4.29	3.63
sh600803	-8124	-1654	0	0	24.93	86749	14.35	14.51	14.22	14.56	0.83
sz002078	22298	11556	8969	0	3991.83	412353	10.55	10.95	10.45	11.02	4.09
sh603041	168	0	0	0	-240.93	17048	22.60	22.77	22.40	23.09	1.29
sh603916	-3325	3698	0	0	1376.92	201841	18.89	19.79	18.66	19.97	4.49
sh603919	-2182	0	0	0	660.36	46553	18.78	19.59	18.72	19.62	3.11
sh603809	-624	0	0	0	-871.99	35371	38.44	38.18	37.56	39.20	-0.65
sz002292	-8255	-1956	0	0	-1669.05	54630	12.91	12.85	12.85	13.05	-1.31
sz002100	-2477	-1811	0	0	-76.23	25257	8.31	8.33	8.30	8.45	-0.12
sz002101	-790	0	0	0	91.82	18797	19.82	20.05	19.82	20.09	0.80
sz002456	-1708	17635	19852	0	4706.30	492115	18.52	19.26	18.46	19.48	2.28
sz002454	-5984	-1519	0	0	-578.09	23172	12.00	11.84	11.75	12.00	-1.33
sz002450	-46470	-4183	-7324	0	-15458.20	507628	21.00	20.81	20.70	21.36	1.31
sz002859	-631	0	0	0	167.58	13609	31.59	31.74	31.55	32.27	0.06
sz002853	10508	7791	7791	0	5764.83	98772	33.61	37.19	33.50	37.19	10.00
sh601992	-58706	-45496	-27420	0	-2580.32	410189	5.90	5.90	5.85	5.94	-0.17
sh603826	1172	1051	0	0	285.05	85420	14.80	15.53	14.65	16.28	4.23
sh603823	-227	0	0	0	130.34	22006	15.87	16.31	15.81	16.39	2.84
sh603829	-9456	-1084	0	0	-1386.97	88243	21.40	20.76	20.70	21.43	-3.89
sh603139	0	0	0	0	-5.34	5603	25.90	26.07	25.90	26.50	-0.08
sh603136	-208	0	0	0	-803.02	13970	44.08	43.54	42.99	44.39	-2.05
sh600240	-14555	-1273	-2000	0	-428.51	71250	9.26	9.15	9.12	9.30	-0.87
sh600115	-113089	-67270	-43038	0	-10603.20	1165829	7.93	7.80	7.71	8.00	-0.51
sz000988	-17278	-8337	0	0	-1641.08	92437	15.71	15.54	15.39	15.80	-1.52
sh600026	3216	18815	4905	0	257.74	142006	6.18	6.25	6.15	6.29	0.97
sz000631	-16704	-11816	-8952	0	-901.21	134811	4.59	4.59	4.55	4.66	0.00
sh600023	-36198	-19083	-9195	0	-1705.95	229747	5.62	5.61	5.56	5.64	-0.18
sz000985	301	0	0	0	-39.95	7208	19.50	19.76	19.50	19.85	1.07
sh600757	-7177	2649	0	0	-962.25	55037	7.06	7.07	7.02	7.11	-0.42
sh600755	-41933	-9689	-1721	0	401.02	402955	10.65	10.71	10.65	10.83	0.28
sh600754	-1186	0	0	0	-29.68	41995	37.74	39.01	37.45	39.58	1.83
sh600750	-1951	0	0	0	-168.49	33270	26.88	26.87	26.77	27.23	-0.19
sh600758	-6279	1250	0	0	-211.40	65601	7.33	7.37	7.29	7.39	0.55
sz002778	0	0	0	0	13.90	2901	24.39	24.40	24.25	24.55	0.04
sh601579	1548	1043	0	0	197.58	28478	12.08	12.31	11.95	12.50	1.90
sz002222	-8425	0	0	0	-1181.22	58583	16.80	16.72	16.57	17.07	-1.47
sz300527	-200	0	0	0	106.58	4696	22.32	22.33	22.18	22.78	0.68
sz300526	-1216	-1003	0	0	99.63	13450	17.88	18.12	17.74	18.24	1.06
sz300082	-232	0	0	0	240.49	60552	6.82	6.98	6.82	7.08	2.95
sz300083	-16796	-2615	3441	0	97.10	132009	7.05	7.01	6.99	7.12	-0.28
sz000685	-15229	-5921	0	0	-30.68	69932	10.47	10.47	10.39	10.58	0.00
sz002669	-459	0	0	0	416.37	21940	24.93	25.01	24.80	25.25	-0.56
sz002668	8789	7729	7000	0	-249.60	54075	18.80	20.52	18.75	20.78	8.51
sz002661	-291	0	0	0	41.62	4854	14.19	14.10	14.07	14.19	-0.70
sz300557	0	0	0	0	-14.57	4069	37.06	37.40	37.06	37.52	0.32
sz300558	0	0	0	0	-311.85	7113	59.39	59.01	58.51	59.98	-1.16
sh603555	2475	3356	3052	0	-83.22	29112	18.47	18.98	18.31	18.99	2.76
sh603708	-2070	0	0	0	1360.24	49264	21.79	21.13	20.49	21.80	-1.54
sz002595	-645	0	0	0	9.14	9102	18.35	18.22	18.13	18.40	-0.55
sz300433	-6481	0	0	0	-4829.98	86575	26.68	26.69	26.48	27.34	-1.00
sh603055	-3971	1010	0	0	285.63	65033	18.55	18.24	18.12	18.81	-0.76
sh603903	-214	0	0	0	-56.93	11514	38.00	37.47	37.32	38.18	-2.29
sh603900	-267	0	0	0	-193.15	15476	30.80	30.53	30.19	30.96	-1.48
sz300722	1375	1925	0	0	-1968.08	58208	40.13	39.08	37.92	40.20	-2.62
sh600900	-57413	-28291	-10164	0	-5714.50	319151	16.11	16.07	15.92	16.18	-0.31
sh603637	-301	0	0	0	-260.27	35665	25.85	26.92	25.72	26.94	3.62
sh603630	0	0	0	0	-413.72	7463	27.16	27.03	26.81	27.25	-0.59
sh603633	131	0	0	0	282.61	30893	17.87	18.58	17.75	18.60	4.21
sz002111	-3441	0	0	0	-395.30	26727	15.23	15.09	14.96	15.24	-1.05
sz002116	720	0	0	0	-78.14	13666	10.23	10.23	10.17	10.29	0.10
sz002449	-6960	0	0	0	-606.26	75184	15.49	15.50	15.36	15.77	-0.26
sh600340	-38143	-5166	-4217	0	-14390.00	422116	42.10	41.71	41.38	43.66	-0.83
sh601985	85750	80560	61324	0	11585.34	607234	7.45	7.58	7.43	7.60	2.02
sh603127	0	0	0	0	451.74	8642	55.99	56.91	55.23	57.99	1.50
sh603129	-915	0	0	0	-399.85	16691	28.50	28.16	27.90	28.69	-1.88
sh600236	-5229	2223	0	0	-354.81	48242	5.61	5.65	5.60	5.67	0.71
sh600230	-506	0	0	0	2290.39	96612	46.58	47.90	46.33	48.30	3.99
sh600231	13304	19589	9827	0	2037.67	405302	5.01	5.11	4.99	5.17	1.59
sh600233	-960	0	0	0	99.26	16961	16.63	16.69	16.61	16.88	0.48
sh600160	-31318	-5244	-7029	0	-2202.57	163202	11.02	10.97	10.87	11.10	-1.08
sh600690	-77512	-18761	1690	0	-7427.00	845691	21.83	21.54	21.15	22.12	-0.23
sh603368	-485	0	0	0	-166.46	7195	45.69	45.62	45.35	45.86	0.07
sh600581	-27238	-107	0	0	-91.63	294697	13.61	13.77	13.52	13.95	0.58
sz000999	-5137	0	0	0	-1546.47	49137	26.94	26.85	26.68	27.19	-0.52
sz000627	-48579	-22580	-15328	0	-1410.95	256984	8.45	8.52	8.43	8.67	0.24
sz000623	-14834	418	2822	0	-1588.49	162039	23.20	23.13	23.01	23.45	0.00
sh601366	-3817	0	0	0	-73.92	64149	10.95	10.90	10.85	11.14	0.00
sh600562	-2549	0	0	0	175.14	29278	20.10	20.20	20.05	20.67	0.55
sh601966	-6846	738	0	0	-152.70	66678	18.38	18.16	18.06	18.40	-1.09
sh601965	-6535	0	0	0	-446.04	23203	8.60	8.53	8.49	8.60	-1.16
sz002617	-7422	0	0	0	-141.89	24930	15.59	15.61	15.49	15.70	0.13
sz300545	-350	0	0	0	-104.08	5800	53.95	54.38	53.51	54.96	-0.02
sz300548	0	0	0	0	-266.07	5349	44.40	44.19	44.12	44.79	-0.43
sz000049	-1637	0	0	0	-1418.42	24822	37.51	37.21	36.98	37.51	-0.80
sz002727	-912	0	0	0	412.44	21229	20.59	20.53	20.37	20.91	-0.29
sh603025	0	0	0	0	-79.99	9064	30.89	30.93	30.55	31.20	0.16
sh603027	-3948	-1099	0	0	-864.36	20998	18.71	18.27	18.22	18.83	-2.82
sh601818	87133	114821	101204	0	-10201.40	4192594	4.28	4.33	4.24	4.34	1.41
sz002620	-9638	-1089	0	0	-360.52	73711	9.90	10.14	9.72	10.20	1.71
sh603933	0	0	0	0	-136.25	8102	48.38	48.87	48.18	49.02	0.49
sh600917	-5352	170	-2135	0	-466.76	96036	10.11	10.02	9.91	10.15	0.60
sz300716	-1929	0	0	0	-2307.02	53087	29.47	28.92	28.65	29.67	-3.02
sz300715	-366	0	0	0	-31.13	19979	36.70	36.90	36.31	37.98	0.05
sz300712	-2897	-1213	0	0	-793.48	42095	26.60	25.90	25.81	26.80	-2.92
sz300711	-5086	-2150	0	0	-2369.58	97834	30.50	29.89	29.88	31.33	-5.11
sz300718	-802	0	0	0	-1615.70	30726	41.67	41.43	41.00	41.93	-1.66
sz002434	-2306	0	0	0	118.46	60618	9.78	9.87	9.78	10.05	-0.10
sz002435	-223	0	0	0	116.21	10377	18.35	18.28	18.16	18.35	0.22
sh603336	0	0	0	0	24.97	11563	21.70	21.71	21.41	22.08	-0.46
sh603339	935	0	0	0	128.09	10507	22.63	22.51	22.39	22.64	-0.57
sh600352	222395	204829	150656	0	16858.60	1387197	12.26	13.08	12.26	13.26	6.17
sh600350	-20289	-6966	-6394	0	1025.07	134967	6.29	6.30	6.24	6.30	0.16
sh603803	-958	0	0	0	88.08	23616	18.34	18.55	18.14	18.63	0.54
sh603218	49	0	0	0	-152.33	11725	22.61	22.72	22.61	23.07	-0.35
sh603157	-2707	0	0	0	-467.73	57097	19.04	18.80	18.62	19.08	-2.03
sz002543	-1525	-2311	-2311	0	-972.15	29228	22.37	22.23	22.20	22.65	-0.89
sh603158	0	0	0	0	14.04	1968	18.01	18.04	17.91	18.10	0.17
sh603159	1402	1402	0	0	71.88	16026	24.67	25.42	24.50	25.65	2.62
sh600173	-25291	-1712	0	0	-539.01	108734	6.33	6.37	6.28	6.43	0.00
sh600171	-63003	-9583	-6508	0	-15166.44	339840	14.10	13.84	13.74	14.22	-3.96
sh601886	-2352	-2114	0	0	-14.38	42952	8.99	9.10	8.95	9.11	0.55
sh600594	-3903	2550	0	0	434.79	61932	10.41	10.39	10.34	10.46	-0.19
sh600596	36572	33421	10615	0	2472.69	516228	11.82	12.79	11.81	12.96	7.57
sz000967	-9918	1000	0	0	-337.86	39799	9.10	9.02	9.00	9.12	-0.88
sh600598	-76705	-49633	-32597	0	-4957.09	464906	11.82	11.81	11.64	11.99	-1.67
sh600779	2689	1344	0	0	-873.95	114302	51.80	51.94	51.25	54.86	0.66
sh601311	-5080	-1110	0	0	-128.96	39984	13.17	13.02	12.94	13.18	-1.06
sh600572	1780	4135	2290	0	671.91	76230	7.10	7.15	7.08	7.19	0.70
sh600681	-4312	-1113	0	0	295.15	33247	13.08	13.30	13.06	13.40	2.23
sh601952	-50529	-13546	-11641	0	-5923.60	217095	13.24	13.05	12.88	13.27	-2.68
sh600684	-15342	-3789	-2091	0	-764.41	137617	6.68	6.73	6.65	6.79	0.30
sh600687	8931	0	0	0	367.05	54316	11.68	11.76	11.61	11.80	0.60
sh601225	-3669	17590	-12396	0	-709.80	732089	8.90	9.07	8.89	9.14	2.14
sh601799	0	0	0	0	-2.26	4832	47.82	47.46	47.11	48.08	-1.21
sz000548	-574	0	0	0	-236.17	40471	6.37	6.50	6.35	6.63	1.40
sz000811	5557	4006	0	0	171.44	28423	7.85	7.90	7.84	7.91	0.38
sz000546	-8195	-2117	-2117	0	-1021.61	46519	15.50	15.19	15.01	15.65	-2.00
sz000544	-1120	0	0	0	-627.81	11980	14.55	14.45	14.40	14.56	-0.28
sz300393	0	0	0	0	-296.29	5588	38.00	37.67	37.50	38.17	-0.74
sz300396	-457	0	0	0	-790.33	13438	43.50	42.82	42.20	44.19	-2.57
sz300395	-1831	0	0	0	-63.63	12819	15.39	15.14	15.07	15.47	-1.62
sz002714	-14604	-1401	0	0	-5969.29	52256	61.37	60.35	59.82	61.99	-1.55
sz300572	0	0	0	0	-29.14	1453	60.61	61.20	60.61	61.86	-0.54
sz300570	360	0	0	0	453.51	29493	19.62	19.76	19.51	20.20	-0.55
sz002603	-8365	-849	0	0	-1306.47	56331	16.25	16.06	16.00	16.43	-0.86
sz002601	24421	3072	-2193	0	5469.49	241046	16.80	17.63	16.75	17.68	4.51
sz300575	-214	0	0	0	56.99	13358	40.08	41.26	40.00	41.48	2.94
sz300374	-2348	1066	5054	0	1430.91	117882	15.85	16.94	15.75	17.44	6.88
sz300375	-5911	-1420	0	0	-1034.53	39329	16.34	16.19	16.01	16.50	-1.70
sz300376	-6360	1390	0	0	-986.79	115063	6.92	7.00	6.92	7.10	1.01
sz300501	0	0	0	0	8.42	2477	34.88	35.16	34.63	35.18	0.60
sz002733	4324	2195	0	0	668.52	21010	16.31	16.61	16.31	16.86	1.34
sh603033	0	0	0	0	-8.34	4174	17.97	18.02	17.64	18.18	0.28
sh600966	1844	-3225	6135	0	1882.11	267980	6.07	6.22	6.04	6.24	2.47
sz300705	-754	0	0	0	-126.59	30889	29.83	30.39	29.83	31.20	1.33
sh603323	60517	47514	34197	0	-2959.57	518102	8.72	9.11	8.63	9.15	4.35
sh603326	-479	0	0	0	-38.15	15603	19.07	19.39	19.06	19.88	2.00
sh603496	0	0	0	0	-419.47	8510	32.13	31.97	31.67	32.38	-1.42
sh603499	-430	0	0	0	254.65	26592	26.76	26.31	26.20	26.78	-1.68
sh603819	-665	0	0	0	24.49	9315	16.80	17.05	16.80	17.34	0.65
sh603818	-1504	0	0	0	-154.77	7737	13.53	13.31	13.21	13.59	-1.63
sh603816	505	0	0	0	-1013.23	14750	62.96	63.16	62.61	63.78	-0.09
sz002551	-2005	0	0	0	-270.24	32979	9.12	9.09	9.06	9.17	-0.33
sz002557	-1096	0	0	0	-134.68	17054	15.00	15.34	15.00	15.36	2.27
sh601169	-5123	1007	-939	0	2286.40	679740	7.44	7.49	7.41	7.51	0.94
sz000601	-3957	-1000	0	0	-386.84	16511	7.16	7.17	7.12	7.22	0.00
sz000609	-1915	0	0	0	-162.75	14748	11.18	11.19	11.15	11.30	-0.09
sz000608	-7817	-2056	-2193	0	-800.24	37930	6.43	6.42	6.42	6.51	-0.93
sh600783	-3824	-1125	0	0	-485.93	23595	14.24	14.17	14.12	14.33	-0.84
sh600787	-44329	-2821	830	0	-2588.77	219080	11.89	11.92	11.78	12.01	-0.25
sh601098	-4244	0	0	0	-813.32	41662	14.02	13.98	13.91	14.05	-0.07
sz000779	-1790	0	0	0	21.52	15843	13.43	13.71	13.28	13.74	2.70
sz000778	57406	49617	32929	0	-146.10	342815	5.30	5.40	5.30	5.43	1.50
sh600141	-4552	1476	0	0	-1628.55	144648	17.11	17.28	16.97	17.52	0.99
sh600180	-1381	0	0	0	74.52	13400	10.27	10.38	10.25	10.40	1.17
sh601231	-4430	1133	0	0	-1399.10	70515	13.96	13.95	13.75	14.09	0.14
sz002408	4148	3113	0	0	2245.02	103800	12.43	12.63	12.36	12.65	1.45
sz002153	-4451	0	0	0	-1263.97	36029	25.05	24.79	24.78	25.56	-2.48
sz300388	-2341	0	0	0	-504.95	27637	21.71	21.52	21.48	21.92	-1.47
sz300146	-29515	501	542	0	752.94	205168	15.94	15.90	15.73	16.28	-0.50
sz300145	1357	-4121	-2931	0	763.05	92659	11.80	11.78	11.52	11.83	0.00
sz300144	-13030	0	0	0	-1286.97	57884	18.42	18.13	18.12	18.42	-0.93
sz002635	-33874	-5752	-5117	0	-7685.66	171128	23.58	22.49	22.23	23.59	-5.15
sz300565	0	0	0	0	-254.15	9120	20.30	20.22	20.11	20.56	-1.27
sz300560	-425	0	0	0	-530.35	11442	32.59	32.10	32.03	32.87	-1.38
sz300360	-1570	0	0	0	-126.42	15478	10.58	10.50	10.48	10.62	-0.57
sh603797	-11496	1078	0	0	-1048.00	64246	20.94	20.69	20.25	21.07	-2.41
sh603798	-327	0	0	0	-50.14	5321	17.29	17.14	17.07	17.49	-0.23
sz002706	-1407	0	0	0	-177.31	9941	12.15	11.98	11.84	12.15	-0.83
sh603001	445	0	0	0	81.49	12752	14.18	14.32	14.17	14.35	0.85
sh603556	0	0	0	0	-69.41	5914	35.22	35.42	34.81	35.60	0.83
sz002092	38132	49760	31877	0	4661.10	548929	14.25	14.86	14.22	14.95	4.21
sz002090	-669	0	0	0	-165.79	5866	21.93	21.98	21.93	22.26	-0.77
sh600978	-6047	278	0	0	486.42	87401	9.02	8.89	8.85	9.03	-1.66
sh600977	-9888	-2667	0	0	-918.24	57683	15.22	15.19	15.11	15.26	-0.72
sh600970	15365	12223	12870	0	1917.46	313301	9.70	10.01	9.60	10.07	3.84
sz002144	0	0	0	0	23.07	5246	13.83	13.92	13.82	14.01	0.51
sz002146	-188778	-98371	-65960	0	13332.30	1469423	12.63	12.59	12.35	13.00	-3.00
sz002143	-18080	-7429	-4082	0	-860.21	71764	14.41	14.42	14.28	14.55	0.14
sz002380	0	0	0	0	-33.91	5276	16.27	16.22	16.19	16.49	-1.04
sz002384	-4387	0	0	0	-122.53	108180	26.32	26.48	26.14	27.89	0.99
sz002896	0	0	0	0	-372.74	10367	39.18	38.84	38.38	39.26	-1.62
sz002891	0	0	0	0	-13.24	3911	34.11	33.95	33.70	34.43	-0.44
sz002898	-933	-2340	-2187	0	907.81	64928	23.08	24.38	23.07	24.50	4.59
sh600201	-12333	-2055	0	0	1398.41	98376	30.30	30.13	30.01	30.59	-0.40
sh603959	0	0	0	0	-4.24	6634	30.10	30.36	29.91	30.89	0.03
sh603777	0	0	0	0	1.66	8218	26.39	26.36	26.16	26.66	0.23
sh601158	-1165	0	0	0	59.72	23853	6.48	6.50	6.46	6.50	0.31
sz300576	0	0	0	0	124.62	6618	16.57	16.91	16.57	17.08	1.32
sz300577	0	0	0	0	-317.31	3882	66.11	67.85	66.11	67.85	1.45
sh600379	-4102	-1300	0	0	-340.03	10114	11.21	11.08	11.01	11.22	-1.16
sh600897	143	0	0	0	176.79	10870	23.18	23.30	23.03	23.38	0.30
sz000012	61851	58617	13463	0	5791.96	521935	8.78	9.03	8.73	9.07	3.20
sh600559	1295	-1337	0	0	3876.92	140932	31.10	32.52	31.02	32.56	4.23
sz000708	-2544	1000	0	0	-50.69	45295	11.30	11.60	11.30	11.74	2.20
sh601939	12760	68316	76909	0	21177.00	2259229	8.45	8.98	8.44	9.00	7.03
sh600153	-47955	-19603	-7536	0	533.45	250170	12.03	11.97	11.92	12.19	-0.50
sh601336	-38229	-11948	-2304	0	-28986.90	351934	66.98	63.78	63.52	67.56	-4.28
sz000830	30470	39117	7595	0	6523.50	674142	18.40	19.46	18.40	19.46	6.11
sz002877	-222	0	0	0	359.77	14724	22.75	22.83	22.52	22.99	0.18
sz002872	-659	0	0	0	-425.36	14155	31.82	31.98	31.61	32.39	0.79
sz002624	-1038	0	0	0	-305.62	19330	31.23	31.25	30.90	31.39	-0.19
sz000951	2864	-2665	0	0	2634.08	60089	16.65	17.20	16.65	17.25	3.18
sz002718	0	0	0	0	168.07	3646	45.71	46.48	45.71	46.52	1.09
sz002716	-8382	-1230	43	0	-2233.78	128825	20.16	20.26	19.90	20.48	-2.17
sz002045	-12726	-5541	-2081	0	-590.16	92100	18.35	18.53	18.18	18.93	1.04
sz002083	-4974	0	0	0	-172.79	27685	6.69	6.68	6.65	6.71	-0.30
sz002087	-5652	4840	2861	0	390.61	103575	5.65	5.70	5.63	5.77	0.53
sz002047	-3150	4981	4981	0	173.43	44302	7.35	7.38	7.30	7.39	0.00
sz002880	0	0	0	0	81.20	3892	53.90	54.11	53.68	54.53	0.02
sz002152	-57025	-28957	-10168	0	-3697.82	322224	7.30	7.32	7.27	7.43	-0.14
sh603306	-259	0	0	0	-184.34	5933	27.79	27.73	27.71	28.04	-0.61
sh600894	-5148	-2802	0	0	-440.56	50917	9.41	9.53	9.40	9.63	1.38
sz002572	-1676	0	0	0	-784.80	38625	38.77	38.22	38.13	38.77	-0.80
sz002407	-5213	-1299	0	0	-1365.52	64548	19.99	19.93	19.83	20.13	0.00
sh603766	-11717	-2935	0	0	-863.00	86382	7.13	7.11	7.07	7.16	-0.14
sh600641	-5076	0	0	0	-519.48	58391	13.47	13.46	13.34	13.63	0.00
sh600098	-2759	1000	0	0	49.58	21880	7.10	7.11	7.09	7.13	-0.14
sh600090	-10287	204	0	0	-895.49	42709	7.74	7.70	7.68	7.76	-1.16
sh600308	19480	14938	6572	0	1517.09	187741	6.57	6.81	6.57	6.84	3.81
sz002881	0	0	0	0	-184.00	9220	27.70	27.48	27.20	27.96	-1.33
sh600528	16475	15417	9604	0	3146.39	292074	12.36	12.74	12.29	12.97	2.91
sz002903	-1311	-1380	0	0	563.42	75429	44.92	48.42	44.68	49.50	5.88
sz000717	34637	45135	26896	0	-1513.81	889600	8.28	8.42	8.22	8.53	0.96
sh600630	-1564	0	0	0	204.26	29451	10.41	10.42	10.33	10.48	0.10
sh600633	-11528	-2183	0	0	-1582.72	76944	15.10	15.19	15.06	15.34	-0.52
sh601858	-3704	0	0	0	290.77	52414	10.51	10.73	10.40	10.77	1.32
sz000825	75038	94704	80443	0	4332.08	865233	5.12	5.22	5.10	5.28	2.15
sz300703	-302	0	0	0	-340.65	10478	34.31	34.14	33.75	34.58	-0.55
sz300294	-1100	0	0	0	-893.81	18208	33.10	32.44	32.41	33.58	-1.61
sz300347	-1079	0	0	0	653.28	31033	33.80	35.19	33.72	35.49	3.50
sz002424	-9890	-2749	0	0	-2195.19	50818	15.67	15.60	15.59	15.77	-1.27
sz002769	350	0	0	0	232.14	11355	13.97	13.98	13.78	14.19	0.79
sz002763	-240	0	0	0	-186.88	9520	13.40	13.44	13.32	13.58	0.30
sh603578	0	0	0	0	-144.12	4010	32.22	31.62	31.59	32.33	-1.86
sz002781	0	0	0	0	-57.88	8393	21.72	21.99	21.46	22.09	1.24
sh600362	-19770	6141	-2588	0	-5706.01	296434	19.24	19.27	19.11	19.42	0.52
sh600363	-3523	0	0	0	-478.61	23231	11.86	11.84	11.79	11.91	-0.59
sz002166	-9364	2518	0	0	-1694.25	56832	10.62	10.55	10.50	10.73	-1.59
sz002367	4863	4577	0	0	966.08	155824	8.67	9.18	8.65	9.28	5.88
sz002188	-3159	-1302	0	0	24.84	74965	13.41	13.53	13.29	13.77	0.45
sz002187	-1138	0	0	0	-167.75	7614	10.34	10.28	10.28	10.36	-0.58
sz300627	0	0	0	0	-49.08	4509	44.68	44.40	44.04	44.69	-0.43
sz300622	0	0	0	0	117.32	4190	24.87	24.92	24.85	25.38	-0.04
sh603200	0	0	0	0	-158.30	8877	39.66	39.07	39.02	39.99	-1.49
sh603970	-4152	0	0	0	-2025.13	59805	30.75	30.01	29.81	31.08	-3.94
sh600884	-10878	1132	2841	0	-1943.08	97588	18.00	17.95	17.85	18.22	-0.99
sh603757	0	0	0	0	33.88	3962	55.05	55.56	54.93	56.30	1.35
sh603979	-3776	0	0	0	-289.67	26213	10.84	10.68	10.68	10.88	-1.11
sh600889	1265	0	0	0	47.98	13945	8.22	8.27	8.16	8.29	0.49
sh600400	1499	0	0	0	-231.59	79627	7.28	7.35	7.26	7.41	1.24
sz000920	-1112	0	0	0	431.58	40086	9.48	9.69	9.46	9.89	1.57
sz000921	-10346	-2641	0	0	-687.93	102893	15.68	15.80	15.54	15.99	0.51
sh600081	2923	0	0	0	326.89	11535	12.42	12.65	12.41	12.70	1.52
sz000030	-2563	0	0	0	82.73	24983	8.00	8.09	7.96	8.10	1.00
sz000038	-1011	0	0	0	442.52	25405	19.06	19.62	19.06	20.50	1.76
sz000723	-47536	-7517	-7913	0	-2039.00	171216	6.67	6.66	6.50	6.68	-0.15
sz000726	-5283	-2053	0	0	-57.87	58789	11.16	11.22	11.08	11.24	0.90
sh603518	0	0	0	0	0.00	2867	19.52	19.54	19.40	19.66	0.10
sh601688	-167829	-57515	-32426	0	2881.60	1282187	20.80	20.57	20.35	21.32	0.44
sh601668	844279	876805	889871	0	124954.00	10701472	9.65	10.35	9.65	10.53	6.37
sh601669	59313	66454	28509	0	5115.88	656833	7.58	7.79	7.55	7.85	2.23
sh601666	-31061	-13646	-3234	0	909.73	309030	6.48	6.52	6.40	6.53	0.93
sz300023	-4450	-1215	0	0	-56.75	26857	11.78	11.69	11.65	11.82	-1.27
sh600650	0	0	0	0	-120.50	10883	14.69	14.75	14.67	14.89	-0.27
sz002777	0	0	0	0	-85.16	3157	31.91	31.31	31.30	32.03	-1.88
sz002775	-2261	0	0	0	-513.92	21879	19.75	19.76	19.53	19.87	-0.60
sz002772	553	0	0	0	-26.66	13983	10.53	10.61	10.53	10.64	0.28
sz300246	-200	0	0	0	-169.69	6264	19.50	19.30	19.24	19.50	-0.92
sh600657	-2265	11160	0	0	498.27	196270	6.21	6.32	6.19	6.43	1.12
sz002172	-2070	0	0	0	-166.50	16234	5.88	5.90	5.84	5.91	0.34
sh603367	-1518	1237	0	0	718.86	101330	22.19	22.53	22.00	22.83	1.44
sh603360	-226	0	0	0	29.49	20602	22.91	23.44	22.69	23.49	2.31
sz002373	-5829	-1495	0	0	-372.98	75409	13.87	13.92	13.82	14.18	0.36
sz002372	-5932	-3167	0	0	-621.05	83774	20.09	21.86	20.05	22.30	7.47
sz002376	8803	-911	-2287	0	2194.30	78788	12.46	12.90	12.46	12.94	2.46
sz300438	-706	0	0	0	292.06	13646	28.12	28.18	27.98	28.49	0.00
sz002195	-37356	-24594	-13158	0	-2146.16	259622	6.10	6.12	6.06	6.21	0.00
sz300638	0	0	0	0	-388.86	10481	40.79	40.12	39.85	40.79	-2.38
sz300632	0	0	0	0	62.80	6104	21.74	21.71	21.61	21.90	-0.60
sz300635	50	0	0	0	80.23	25396	18.50	19.15	18.41	19.36	2.68
sz300637	0	0	0	0	65.53	3637	19.85	19.85	19.70	20.06	-0.35
sz300636	0	0	0	0	-214.57	5723	32.26	31.94	31.78	32.54	-1.02
sh603183	-1112	0	0	0	-583.78	57770	43.97	46.64	43.50	48.80	4.88
sh603963	-213	0	0	0	383.20	33689	31.76	32.44	31.72	32.97	1.47
sz002518	581	0	0	0	-67.96	14172	16.67	16.69	16.53	16.78	0.12
sh600436	-1176	0	0	0	2206.38	46558	73.00	73.75	72.63	74.96	1.77
sz000603	-5030	-4542	-4542	0	48.26	19495	11.91	11.96	11.89	12.05	0.08
sh603980	3928	2151	0	0	3274.77	137204	21.56	22.67	21.56	22.71	4.57
sz000933	-49929	-14756	-42596	0	-8289.40	708727	9.88	9.75	9.65	10.14	0.10
sz000932	-41575	-22093	-25966	0	-3019.87	308772	8.64	8.68	8.51	8.78	0.35
sh600326	12653	9100	2050	0	1729.38	233950	9.79	10.10	9.76	10.14	2.33
sz002202	46388	48145	24334	0	12333.40	387972	17.43	18.40	17.40	18.53	5.20
sh600980	-905	0	0	0	-181.23	16876	14.76	14.88	14.61	15.06	0.81
sh600508	-871	0	0	0	625.03	64194	12.87	13.03	12.85	13.11	1.16
sh600502	-4056	-2309	-2006	0	-564.10	114112	6.99	7.04	6.96	7.08	0.72
sh600507	-48334	-22856	-12015	0	-4644.53	545772	15.10	15.32	14.90	15.48	0.79
sh600057	-9105	105	0	0	157.75	53979	8.26	8.29	8.21	8.33	0.24
sh600183	-138	6175	4743	0	5091.25	245680	16.51	17.09	16.43	17.35	2.46
sz000732	-15973	-2537	-4367	0	-14009.30	636644	36.70	37.70	35.60	38.66	5.07
sh601127	3084	0	0	0	427.84	30595	19.69	19.59	19.32	19.78	0.31
sh600188	-23142	-242	6179	0	3101.39	324225	15.71	16.18	15.60	16.30	1.95
sh600612	-418	0	0	0	-546.85	9189	42.00	41.81	41.74	42.66	-0.83
sz000021	-77484	-29320	-18539	0	-8628.67	656868	9.95	9.82	9.78	10.07	-1.60
sz000023	-311	0	0	0	-141.31	5709	20.11	20.04	19.90	20.24	-0.35
sh601699	13409	46731	44867	0	-71.40	750573	11.20	11.30	10.97	11.39	1.35
sz000027	-5385	-2658	0	0	-395.72	45276	6.10	6.10	6.07	6.12	-0.16
sz000783	-23080	-5362	-5760	0	383.13	288325	8.07	8.11	8.05	8.21	0.25
sh601588	23434	23512	9059	0	1685.93	166162	5.41	5.56	5.38	5.59	2.58
sh603758	-1008	0	0	0	-345.66	32524	14.02	14.06	13.90	14.18	-0.21
sh603908	0	0	0	0	-6.45	2591	34.70	34.78	34.44	34.98	0.17
sz300033	-2916	0	0	0	-988.56	46356	51.30	51.44	51.11	52.73	-0.58
sz300031	-10014	-3207	-3207	0	-601.63	23557	15.28	14.92	14.76	15.28	-1.52
sz300327	-1134	0	0	0	-509.09	20312	28.50	28.21	28.10	28.62	-1.09
sz300326	-1252	0	0	0	0.47	19949	8.35	8.41	8.32	8.47	-0.12
sz300723	-2744	-1721	0	0	-2398.69	86827	41.08	41.38	40.85	42.96	0.90
sh603519	0	0	0	0	-35.88	5583	20.50	20.96	20.44	21.05	2.09
sz002748	0	0	0	0	-18.71	8115	14.58	14.58	14.50	14.65	-0.14
sz002749	0	0	0	0	-9.38	7260	66.49	67.05	66.29	68.50	1.24
sz002285	-63611	-37730	-36308	0	-4295.18	348006	12.01	11.89	11.72	12.08	-1.00
sz300252	-1175	0	0	0	-152.58	26336	14.74	14.75	14.56	14.86	-0.47
sz300251	-25289	-14605	-4453	0	-2245.16	137525	10.52	10.52	10.40	10.59	-0.57
sz000776	-81954	-9435	11820	0	-1000.00	794057	18.91	18.80	18.72	19.25	0.37
sz002521	141	0	0	0	50.83	20602	9.35	9.43	9.33	9.44	0.86
sz002527	-561	0	0	0	-148.62	14577	9.72	9.67	9.63	9.76	-0.41
sh603421	983	0	0	0	-36.68	9431	25.29	25.30	24.76	25.31	0.04
sh603357	266	-770	0	0	-356.18	154555	24.44	25.60	24.10	26.16	3.31
sh603355	-669	0	0	0	78.56	10912	40.50	40.01	39.50	40.86	-2.41
sz002443	-6449	0	0	0	-872.19	49591	9.05	9.05	9.00	9.14	-0.22
sz002695	-2107	0	0	0	-197.02	27035	16.89	16.84	16.76	17.08	-0.88
sz002690	-2649	0	0	0	-226.65	21786	17.60	17.41	17.33	17.74	-1.86
sz002343	1322	0	0	0	868.90	44982	31.78	32.82	31.65	32.98	3.57
sz002699	-222	0	0	0	-146.23	6785	17.47	17.39	17.35	17.51	-0.06
sz300340	-14	0	0	0	4164.41	44575	53.40	56.32	53.20	56.43	5.69
sz300648	0	0	0	0	139.90	3433	59.90	61.20	59.38	61.55	1.58
sz300640	0	0	0	0	31.77	9355	24.98	25.43	24.95	25.55	1.72
sh603225	-507	0	0	0	-731.16	39193	38.53	38.56	38.02	39.00	0.18
sh603229	-301	0	0	0	-125.56	20763	17.82	18.01	17.82	18.27	-0.39
sz002001	-12488	-3038	-2092	0	-6198.80	166143	42.31	42.68	41.53	42.85	1.23
sh600029	-84189	-22755	-21652	0	-3074.20	1301253	10.46	10.56	10.36	10.69	1.15
sh600727	-2340	0	0	0	258.52	71316	7.91	8.08	7.81	8.09	2.28
sz000902	-12463	-2500	0	0	-543.68	55046	9.92	10.05	9.92	10.12	1.11
sh600990	-611	0	0	0	-1450.20	17223	50.85	50.40	49.89	51.08	-0.32
sh600518	-20858	-649	5020	0	-3979.17	183681	22.00	21.70	21.58	22.07	-1.36
sh600516	-12365	15676	2804	0	-15042.00	826259	30.55	31.25	30.41	31.77	1.43
sh600196	-31984	-3034	-2251	0	-11512.10	206988	45.23	43.74	43.71	45.82	-2.61
sh601116	-505	1004	0	0	150.68	49494	20.29	20.81	20.25	21.05	1.76
sh600422	-10600	-4101	-2000	0	-466.09	49941	9.12	9.11	9.08	9.15	-0.44
sz000055	-4596	-1224	0	0	-32.46	57985	6.19	6.26	6.13	6.32	0.32
sz300003	-8368	45	0	0	760.27	91494	26.00	25.91	25.63	26.07	-0.50
sz002643	-21935	1110	2565	0	-1678.99	78195	10.84	10.88	10.80	11.05	-0.46
sz002236	1090	8131	171	0	7344.35	198096	22.96	23.29	22.81	23.80	1.39
sz002237	-17868	-8788	-4306	0	-806.28	118671	10.95	10.93	10.82	11.00	-2.41
sz300316	-10146	-117	2374	0	-1779.17	162558	19.59	19.76	19.38	20.10	0.30
sz002757	-701	0	0	0	320.71	8352	37.69	38.33	37.58	38.51	0.71
sz300265	378	0	0	0	-63.06	7490	8.84	8.85	8.77	8.88	0.45
sz002354	-13931	-3245	0	0	-1050.98	59111	17.17	17.10	17.08	17.36	-0.93
sz300650	-362	0	0	0	122.71	6291	38.26	38.20	37.68	38.40	-0.16
sz300499	-250	0	0	0	160.32	5798	18.48	18.80	18.48	19.02	-0.27
sz300498	-1732	1398	2109	0	-3313.86	131425	26.80	26.83	26.58	27.20	-0.37
sh603233	0	0	0	0	-180.12	5428	48.20	48.54	48.20	49.88	-0.55
sz002531	14346	7618	2200	0	2433.03	211919	7.08	7.46	7.08	7.61	5.22
sz002533	463	0	0	0	170.13	19075	6.60	6.65	6.56	6.65	0.76
sh603722	-3290	-2527	0	0	-877.04	60418	41.90	44.06	41.68	44.51	2.66
sh603721	-100	0	0	0	-181.88	17077	28.53	28.56	27.82	28.73	0.39
sh600297	-20039	-6263	-2422	0	-2112.79	125831	7.85	7.73	7.65	7.85	-1.40
sz000910	916	2370	2370	0	678.05	55401	24.57	25.65	24.49	25.78	5.38
sz002220	-3939	-1000	0	0	-124.10	9615	7.38	7.40	7.36	7.45	0.00
sh603658	-670	0	0	0	341.99	8682	48.79	47.91	47.90	48.91	-1.56
sh603656	0	0	0	0	-179.31	3146	29.62	29.67	29.48	29.96	-0.74
sh600075	7172	6376	0	0	975.77	91848	7.86	8.05	7.80	8.06	2.55
sz000681	-2459	0	0	0	786.12	42156	18.40	18.66	18.40	19.08	0.48
sz002829	0	0	0	0	73.43	4714	26.20	26.46	26.10	26.61	0.84
sz002827	-500	0	0	0	62.10	26162	19.61	19.63	19.36	19.97	0.15
sh601101	-6605	2651	0	0	-150.34	106389	8.16	8.26	8.14	8.28	1.10
sh600459	540	0	0	0	94.27	25635	21.80	21.81	21.60	21.92	0.74
sh601108	-35837	-3594	-6561	0	-18198.10	1041688	21.10	21.46	20.45	21.49	2.98
sh600452	-542	0	0	0	-277.79	7816	33.00	33.19	32.58	33.45	0.00
sz000997	-9054	-757	2000	0	-825.27	66619	18.63	18.59	18.43	18.72	0.38
sz000042	-2223	0	0	0	-552.40	17761	17.48	17.77	17.33	17.86	2.66
sz000040	-2853	761	540	0	-1361.04	49069	13.29	13.55	13.01	13.55	1.27
sz300124	-3516	0	0	0	1678.80	80348	26.25	26.94	26.14	27.02	2.39
sz300127	-1097	0	0	0	-39.76	24278	16.51	16.59	16.50	16.92	0.67
sz300121	-787	0	0	0	351.32	26944	14.16	14.38	14.12	14.41	0.56
sz300129	-5259	-1312	688	0	-187.01	39449	6.59	6.65	6.55	6.70	1.06
sh600705	-30795	-15668	-7539	0	-1630.98	259871	5.65	5.67	5.63	5.69	-0.35
sz300307	-3230	0	0	0	-183.87	20106	8.10	8.09	8.05	8.18	-0.37
sh603535	-210	0	0	0	-516.50	19332	25.95	25.98	25.66	26.16	-0.73
sz300271	-4798	-3025	0	0	-1406.60	47445	14.69	14.65	14.48	14.82	-0.20
sz300274	8241	4251	0	0	1476.69	236433	16.56	16.99	16.51	17.34	2.66
sz300569	-215	0	0	0	-86.19	11332	22.85	23.00	22.71	23.10	0.57
sz002322	-759	1510	0	0	-996.54	18622	17.83	17.75	17.69	17.93	-0.45
sz300669	114	0	0	0	65.95	15719	24.75	24.75	24.58	26.30	0.69
sz300463	-1843	0	0	0	528.29	14700	22.29	21.97	21.93	22.30	-1.39
sh603711	-2750	0	0	0	-551.91	101876	30.06	29.66	29.39	31.60	-1.36
sh603716	0	0	0	0	-64.79	1323	49.88	49.70	49.30	49.99	-0.42
sh600285	-5758	-1000	0	0	-779.86	40731	9.10	9.06	9.00	9.10	-0.88
sh600284	59	0	0	0	59.22	24755	9.51	9.55	9.50	9.59	0.42
sh600280	-5686	-1709	0	0	-853.16	63366	7.66	7.59	7.52	7.67	-0.91
sh603883	-213	0	0	0	794.51	12259	60.56	60.02	58.85	61.01	-1.69
sh603880	-604	0	0	0	-199.56	17565	26.78	26.78	26.32	27.15	0.22
sh603669	-200	0	0	0	-67.86	3457	18.97	18.97	18.87	19.16	-0.42
sh600062	-14937	-5490	-4331	0	-1731.04	58205	24.95	24.04	23.81	24.95	-0.95
sh600066	-29299	1278	553	0	-70.29	168987	22.79	22.61	22.54	22.91	-0.35
sh603861	-568	0	0	0	-229.50	11778	17.27	16.96	16.92	17.27	-2.14
sz002815	-337	0	0	0	-252.30	5998	29.28	29.20	29.04	29.57	-0.27
sh600449	-1438	-1588	0	0	1094.96	111907	12.00	12.26	11.97	12.30	1.66
sz300681	0	0	0	0	404.73	6313	50.20	51.08	49.88	51.39	1.49
sz000418	337	0	0	0	-277.84	11277	71.22	72.18	71.20	73.40	0.49
sh600663	-2225	0	0	0	-715.81	20659	20.70	20.50	20.45	20.85	-1.25
sh600661	638	0	0	0	294.43	10480	24.57	25.07	24.37	25.17	2.04
sz000070	-11696	-2566	0	0	-1738.69	75660	9.90	9.87	9.75	9.97	-1.50
sh601009	62035	122322	126191	0	-3587.40	1268407	9.04	9.04	8.91	9.15	0.56
sz000096	-1047	0	0	0	501.65	21060	13.40	13.42	13.26	13.44	0.22
sh603856	-2906	0	0	0	-874.41	64251	21.54	21.68	21.27	21.88	0.23
sz300203	-159	0	0	0	-83.40	41666	31.54	32.25	31.51	32.48	1.70
sz300208	-860	0	0	0	-357.84	31219	11.49	11.42	11.38	11.56	-0.35
sz300209	-2395	0	0	0	-433.70	31555	17.43	17.57	17.34	17.90	0.06
sz300518	0	0	0	0	209.27	3589	50.18	50.00	49.73	50.20	-0.46
sh603005	-725	0	0	0	-441.96	18196	29.48	29.43	29.40	29.88	-1.34
sz300516	0	0	0	0	-67.57	2419	44.19	43.83	43.63	44.59	-0.45
sz300517	0	0	0	0	-63.42	5669	18.72	18.77	18.70	19.03	-0.53
sh603383	0	0	0	0	264.15	5496	43.60	43.97	43.32	44.50	0.66
sz300670	-2377	0	0	0	-890.95	17690	22.80	22.84	22.37	22.96	-1.21
sz300470	0	0	0	0	35.69	3144	41.40	41.58	41.12	41.69	0.41
sz300477	-2907	0	0	0	23.71	44906	22.12	22.81	21.89	23.17	3.45
sz300478	-1257	0	0	0	-226.71	18273	39.04	38.41	37.96	40.04	-2.66
sh603701	0	0	0	0	-14.45	6067	18.32	18.59	18.25	18.66	1.20
sz002798	-1097	0	0	0	587.71	10087	46.99	45.53	44.60	47.03	-2.69
sz002028	-1985	76	0	0	61.24	21748	14.80	14.69	14.58	15.01	-0.34
sz002245	-13334	-1048	0	0	-790.74	99339	9.25	9.19	9.16	9.33	-0.97
sz002244	-22545	3165	6109	0	-1401.66	217640	8.40	8.41	8.36	8.57	-0.59
sh603898	-306	0	0	0	-34.48	10247	30.57	30.81	30.24	31.04	1.52
sh600016	124776	154696	130448	0	-5839.20	1515952	8.95	9.01	8.88	9.03	1.24
sz000665	-7852	-1337	0	0	-64.05	28708	10.08	10.10	10.05	10.18	0.20
sz002800	0	0	0	0	-22.69	6980	29.43	30.17	29.43	30.24	1.89
sz002802	-383	0	0	0	197.16	7515	27.69	28.49	27.69	28.50	2.89
sh600383	-85053	-15932	-3536	0	-5775.20	717025	16.74	16.34	16.13	16.98	-2.21
sz300698	-15125	-4824	-2789	0	-8706.79	186498	30.80	30.35	28.43	32.30	2.99
sh600658	-11736	0	0	0	-678.16	51910	11.28	11.18	11.09	11.36	-2.27
sh600655	-3819	-1000	0	0	-472.58	42313	11.35	11.36	11.28	11.43	-0.18
sh600491	-3920	-590	0	0	268.35	38445	9.50	9.62	9.50	9.64	1.26
sz000887	-3081	-1008	0	0	-1981.35	52104	17.45	17.49	17.34	17.69	0.23
sz000888	-2875	0	0	0	-360.31	25468	10.38	10.39	10.35	10.47	-0.29
sz000060	-55563	-11457	-14114	0	-1547.68	324230	11.08	11.09	11.03	11.21	0.54
sz000069	-144093	-70188	-58631	0	2962.20	769882	10.15	10.10	9.97	10.30	-1.17
sz000531	488	0	0	0	87.57	18059	7.85	7.88	7.84	7.90	-0.13
sh600729	-1244	0	0	0	122.64	32143	25.97	26.26	25.61	26.31	1.08
sz300070	-18652	-4234	-2137	0	-2891.37	118837	16.57	16.44	16.42	16.68	-0.60
sh600872	-2033	0	0	0	282.67	25944	26.66	27.15	26.65	27.27	1.23
sz002140	1624	0	0	0	71.35	23946	10.83	10.93	10.76	10.97	0.92
sz002795	-568	0	0	0	141.95	17944	15.15	15.60	15.15	15.80	1.96
sh603879	-216	0	0	0	48.88	13146	19.30	19.55	19.25	19.71	1.35
sz300212	-2499	-1228	0	0	579.04	30961	25.93	25.58	25.58	26.20	-1.24
sz002493	-1215	13059	3038	0	-657.32	270653	14.06	14.94	14.06	15.08	6.71
sz002491	-10850	-710	0	0	-1776.25	54990	12.20	12.10	11.97	12.25	-0.82
sz002499	0	0	0	0	102.48	4474	19.81	19.88	19.67	20.05	0.05
sh600867	1172	2322	0	0	-603.15	83417	25.15	25.04	24.96	25.41	0.16
sz300446	0	0	0	0	11.90	7205	21.08	21.14	20.98	21.48	0.43
sz300445	-1694	0	0	0	-42.61	7137	15.59	15.78	15.59	15.89	0.90
sh603268	-213	0	0	0	-15.68	1978	27.08	27.16	26.92	27.40	0.78
sz002014	273	0	0	0	261.46	13056	11.53	11.67	11.43	11.69	1.48
sh603066	-2106	0	0	0	-86.31	12876	12.20	12.12	12.10	12.30	-0.66
sz002019	460	3246	2000	0	3308.80	125751	20.71	21.16	20.67	21.31	2.42
sh600260	238	0	0	0	1076.17	36813	29.38	29.44	29.10	29.70	0.93
sh600269	-23066	-10277	-5070	0	195.77	104725	5.25	5.26	5.24	5.27	0.00
sh603283	-10301	-1837	-3504	0	-946.65	149164	31.71	30.73	30.26	32.10	-6.51
sz002277	-30991	-23821	-18620	0	-550.54	78614	5.93	5.93	5.89	5.96	-0.17
sh603602	0	0	0	0	-501.59	17078	49.01	48.32	47.70	49.38	-2.23
sz000657	98	0	0	0	376.82	22403	12.06	12.10	11.96	12.30	0.33
sz002875	-401	0	0	0	-58.45	14187	28.16	28.03	27.82	28.35	-1.16
sh600395	4584	9201	-8	0	1131.51	108131	6.89	7.02	6.85	7.04	1.59
sh600398	-17512	-14197	-10279	0	945.91	140629	10.30	10.45	10.25	10.55	0.58
sh603110	-241	0	0	0	-343.64	41075	29.80	29.39	29.10	30.05	-2.03
sh603113	-1326	0	0	0	-790.68	29797	23.25	23.28	22.98	23.44	-0.09
sh603116	131	0	0	0	-21.08	13315	15.20	15.41	15.20	15.47	0.78
sh600649	-22483	-7159	-4413	0	-1217.08	86413	9.22	9.17	9.13	9.28	-0.97
sh600133	-21209	-3859	-1011	0	-1643.55	130987	10.06	9.99	9.85	10.08	-0.70
sh600137	-407	0	0	0	-53.82	12791	23.30	23.23	23.15	23.49	-1.40
sz002908	-13279	-8773	-8773	0	-2670.59	143235	37.50	36.60	36.40	39.18	-7.01
sz002901	-2508	0	0	0	-1139.66	41031	38.80	38.00	37.63	39.00	-1.35
sz002902	-1632	0	0	0	-2139.92	48801	42.45	41.91	41.72	42.75	-2.53
sh601020	380	0	0	0	121.17	15203	19.55	19.52	19.40	19.64	0.26
sh603500	-254	0	0	0	-68.88	28488	27.90	27.71	27.65	28.68	-1.67
sh600737	-11537	-121	-2132	0	-652.93	102263	8.12	8.14	8.11	8.19	-0.25
sh600736	-6328	-431	0	0	-235.24	67170	6.50	6.57	6.42	6.63	0.31
sz300046	-2605	0	0	0	-819.93	28972	19.61	19.46	19.37	19.81	-1.96
sh600012	-3268	-2742	0	0	-639.20	22528	11.18	11.15	11.00	11.25	-0.09
sz300194	-1329	0	0	0	-243.13	19642	5.73	5.76	5.73	5.79	0.17
sz300195	-1928	0	0	0	-272.50	8624	14.20	14.10	13.97	14.20	-0.63
sz300196	-1178	0	0	0	130.99	12429	13.36	13.35	13.27	13.56	0.38
sh603878	-1063	0	0	0	-689.37	56717	16.67	17.33	16.54	17.95	4.02
sh600380	-17195	-931	0	0	-2135.04	184650	12.16	12.20	12.15	12.33	0.49
sh603477	-9832	-3040	0	0	-1308.97	106247	15.83	15.83	15.63	16.17	-2.76
sz002317	1057	-1279	-3832	0	2236.19	79918	12.30	12.66	12.25	12.66	3.01
sz002310	-10901	-9839	-3667	0	-3899.65	98969	18.63	18.48	18.46	18.74	-0.96
sz300536	-10264	-4094	-2739	0	-2354.04	70023	19.76	19.00	18.87	19.86	-3.89
sz300537	486	0	0	0	96.93	8688	15.08	15.25	15.08	15.39	0.39
sz300530	0	0	0	0	19.43	1456	35.00	35.25	34.75	35.49	0.51
sh600820	6861	11730	6703	0	1752.25	202732	8.32	8.49	8.32	8.51	1.80
sz300452	-200	0	0	0	-70.04	6588	26.82	26.36	26.17	26.82	-1.79
sz002009	3638	-1191	0	0	-481.63	87918	14.84	15.40	14.84	15.74	3.70
sh603076	725	0	0	0	118.90	28990	38.69	38.23	38.08	39.79	-1.92
sz002462	193	0	0	0	29.64	10535	26.03	26.25	26.03	26.58	0.08
sh603619	-555	2428	2428	0	-1069.40	103218	45.08	44.95	44.10	46.82	-1.79
sz002867	-400	0	0	0	-258.35	9514	28.53	28.50	28.40	28.68	-0.80
sz002864	-2118	-1128	0	0	458.73	64730	35.12	36.40	34.60	37.80	1.05
sz002860	-443	0	0	0	-67.52	20667	42.00	42.62	41.55	43.95	3.32
sz002868	-1452	1037	0	0	-42.12	17780	25.10	24.92	24.52	25.25	-1.07
sh603100	-1734	0	0	0	-210.30	12799	10.07	10.04	9.95	10.07	0.50
sh600499	71	10781	1198	0	1538.15	248798	10.09	10.32	10.09	10.55	1.28
sh600038	595	0	0	0	446.10	56724	40.16	40.81	40.10	41.15	0.87
sh600033	2333	6792	556	0	21.57	91294	3.73	3.73	3.71	3.75	-0.27
sh600037	-2655	0	0	0	-348.45	33746	12.70	12.75	12.68	12.84	0.24
sh600741	-48353	-4399	-2100	0	-11961.20	340912	26.56	26.06	25.63	26.89	-1.36
sh600743	-23709	-279	4105	0	-1195.28	190480	4.10	4.07	4.04	4.14	0.00
sz300182	-24918	-14237	-5065	0	1293.57	139461	9.38	9.33	9.23	9.45	-0.64
sz300180	2582	2000	0	0	-153.44	13390	24.47	24.27	24.09	24.58	-0.94
sz300231	-20497	-48	0	0	-1758.34	91599	10.64	10.47	10.45	10.80	-2.15
sz300494	-4232	-1167	0	0	-305.14	40133	17.16	17.53	17.02	17.57	0.17
sz002537	-10472	-4365	0	0	-282.59	48731	10.21	10.14	10.08	10.39	-1.27
sz002672	-5096	0	0	0	222.39	26277	15.66	15.55	15.50	15.69	-0.19
sh603488	-4258	-3624	-3624	0	408.52	41132	19.81	19.76	19.55	20.25	-0.40
sh600801	1199	8526	3899	0	2548.98	227394	14.15	14.39	14.03	14.45	2.06
sh603043	-93	0	0	0	-112.72	21504	19.27	19.55	19.16	19.57	1.35
sh600933	-22144	1135	0	0	-4455.93	207190	17.60	17.23	17.20	18.09	-3.26
sz002293	-678	0	0	0	145.30	13098	14.13	14.18	14.03	14.33	0.35
sz002294	-10787	-2259	-2259	0	-5456.42	88629	42.60	40.68	40.58	43.21	-4.51
sz002856	4988	7387	10182	0	19893.57	113191	51.45	48.55	46.98	51.45	-0.14
sz002857	0	0	0	0	71.76	3740	27.65	28.23	27.64	28.68	2.47
sh601998	79086	82480	74384	0	2935.30	1243233	6.95	7.20	6.92	7.25	4.20
sz002120	-458	0	0	0	-53.05	12085	42.78	41.90	41.53	42.96	-2.17
sh600118	-2814	-1398	0	0	-1053.58	28747	24.10	24.15	24.02	24.25	-0.21
sz000568	-11813	303	0	0	-15230.50	167577	69.64	70.15	68.38	71.32	0.11
sh603197	0	0	0	0	172.90	4118	50.03	50.15	49.83	50.38	-0.52
sz002677	-326	0	0	0	-45.20	17961	16.48	16.75	16.42	16.86	1.21
sz300088	-98681	-62160	-41445	0	-4524.85	300962	7.31	7.23	7.21	7.41	-1.90
sh600170	56086	77422	72300	0	5077.38	601905	3.82	3.88	3.79	3.89	1.57
sz300439	-200	0	0	0	-107.23	7244	18.58	18.43	18.39	18.61	-0.75
sh600835	-4506	740	0	0	-1428.05	121785	22.95	23.24	22.85	23.70	3.01
sz002594	-2509	-1450	51	0	-5924.27	73701	64.18	63.17	62.88	64.58	-0.91
sz002061	-2954	2100	437	0	16.54	139674	14.80	15.26	14.65	15.36	3.18
sh603589	-254	1008	0	0	932.99	71917	50.41	50.91	50.25	51.78	1.88
sh603909	0	0	0	0	4.94	2164	32.12	31.93	31.52	32.13	0.38
sz002502	-925	0	0	0	-124.37	15816	8.28	8.26	8.23	8.32	-0.36
sz002283	-4110	0	0	0	-150.18	35401	5.63	5.63	5.58	5.65	0.00
sz300720	-594	0	0	0	-1021.46	29140	33.90	33.15	33.06	34.30	-3.83
sz002441	-1230	0	0	0	85.52	20714	9.70	9.79	9.66	9.84	0.82
sz002110	-18745	-5085	-6719	0	-1521.26	357542	22.34	22.68	21.95	23.15	1.57
sz300497	84	0	0	0	-708.19	12372	37.34	37.30	36.81	37.55	-0.43
sh600346	30909	27096	15918	0	13.03	363394	14.19	15.01	14.19	15.37	5.19
sh601988	815589	747871	679042	0	-13760.00	6363796	4.27	4.36	4.24	4.36	2.83
sz000963	-4889	0	0	0	-1350.72	42615	54.74	54.60	54.00	56.25	0.13
sh600697	-897	0	0	0	-59.74	9118	25.60	25.61	25.50	25.78	-0.23
sh601188	-1367	-1258	0	0	55.74	17260	4.17	4.18	4.14	4.18	0.00
sh601186	66586	68608	40934	0	14727.20	834582	11.58	12.00	11.56	12.10	3.18
sh603369	-8840	-285	0	0	-769.33	121875	17.66	17.89	17.66	18.08	1.19
sh600580	3865	1262	-483	0	2301.80	204057	8.39	8.82	8.39	8.84	4.63
sz000990	-292	0	0	0	-100.40	22531	16.55	16.57	16.45	16.73	-0.12
sh601368	-9	0	0	0	-34.73	10045	8.76	8.72	8.69	8.76	-0.11
sh600765	-3165	-1000	0	0	-73.60	25751	11.75	11.75	11.71	11.81	-0.17
sh600566	2742	1007	0	0	971.38	44515	40.69	41.81	40.68	42.17	2.73
sh600567	63955	97423	79104	0	8304.58	998681	4.56	4.71	4.56	4.72	2.84
sz001979	-97469	-40629	-26614	0	-5127.00	549104	24.51	24.36	23.99	24.69	-1.38
sh601567	-892	0	0	0	20.98	15181	9.48	9.44	9.42	9.50	-0.32
sh601566	-1358	0	0	0	7.51	17590	13.97	14.01	13.95	14.03	0.21
sz300097	-1651	0	0	0	220.98	33009	25.41	25.46	25.03	25.99	0.35
sz002612	1174	0	0	0	621.63	34049	11.82	12.27	11.71	12.30	3.81
sz300547	-301	0	0	0	363.96	10752	49.49	51.99	49.26	52.30	5.03
sz300549	0	0	0	0	-37.22	5564	20.40	20.37	20.35	20.69	-1.12
sz300403	-1822	0	0	0	-81.50	9984	15.00	14.96	14.95	15.26	-0.60
sh600827	-5236	0	0	0	-1310.29	46554	13.25	13.20	13.17	13.38	-0.75
sz300401	-551	0	0	0	1074.23	30394	48.07	49.50	47.28	49.78	2.97
sh600823	-82983	-50554	-44061	0	-5464.18	739681	5.92	5.93	5.82	5.99	0.00
sz300408	-10787	-2784	0	0	-3427.98	79754	20.49	20.00	19.88	20.61	-1.43
sz002051	9560	-1636	-636	0	4496.89	128184	18.13	18.87	18.05	19.00	4.49
sz002056	-4755	2682	2114	0	7.82	128505	10.24	10.27	10.15	10.40	0.39
sz002726	-3954	0	0	0	-223.66	23249	10.92	10.88	10.86	11.07	-1.09
sh603020	-240	0	0	0	8.00	7033	11.80	11.82	11.78	11.91	-0.25
sz002627	0	0	0	0	-30.05	4406	18.27	18.12	18.08	18.27	-0.60
sz002626	-10172	0	0	0	-1652.75	60992	19.81	20.02	19.30	20.09	1.16
sz300717	634	0	0	0	-1071.46	23834	39.86	39.27	39.21	40.17	-2.80
sz300710	159	1851	0	0	-4146.58	39954	46.90	44.90	44.44	46.90	-2.79
sz002123	-2761	0	0	0	-129.29	28406	10.03	10.04	10.01	10.14	-0.10
sh603808	-767	0	0	0	-91.34	11068	20.90	20.81	20.73	21.10	-0.38
sh600354	-6703	1285	3651	0	-504.68	59153	7.01	7.04	6.97	7.09	-0.42
sz002108	-6312	-1245	0	0	-465.47	55632	11.20	11.19	11.16	11.28	0.18
sz002548	-1669	0	0	0	-151.12	12541	10.41	10.34	10.32	10.44	-0.58
sz002540	2425	4673	6173	0	-271.23	59548	7.47	7.62	7.40	7.62	2.01
sh600177	-5042	37	-2313	0	876.60	132547	9.73	9.80	9.72	9.85	0.72
sz000408	-4902	1080	0	0	-681.11	42447	17.33	17.42	17.33	17.70	0.35
sh601888	-14131	0	0	0	2611.00	123234	48.11	48.30	47.85	49.20	0.17
sh601088	-61675	6391	-1902	0	-8051.70	545282	23.33	23.52	23.33	23.77	-0.04
sh601555	-27689	-5486	-2002	0	-254.76	194467	9.94	9.94	9.89	10.08	-0.10
sz000813	-32305	-3793	0	0	-1342.92	144598	8.81	8.73	8.62	8.92	-2.13
sz300158	-1538	0	0	0	-261.20	16558	13.29	13.22	13.17	13.34	-0.53
sz300573	1884	472	0	0	12.80	18912	25.01	25.56	24.81	26.94	2.08
sz002602	0	0	0	0	257.91	11606	35.50	35.66	35.38	35.90	0.03
sz300371	-209	0	0	0	-3.35	5839	18.62	18.90	18.57	18.99	1.50
sz002731	0	0	0	0	-0.23	3716	17.65	17.72	17.56	17.76	0.57
sh603031	0	0	0	0	-20.87	4472	23.83	23.91	23.83	24.27	-0.29
sz002139	-10914	-3672	-2000	0	671.35	95278	10.38	10.61	10.34	10.62	1.43
sz002136	-211	-1123	0	0	416.15	27574	13.76	14.22	13.76	14.22	2.60
sh603321	-15011	2637	9794	0	2875.63	244557	13.03	14.02	13.03	14.37	7.35
sz002080	776	2202	0	0	2518.13	70989	23.33	24.07	23.22	24.17	3.04
sh603813	-1559	0	0	0	-247.39	28886	31.99	31.99	31.58	32.46	-1.51
sh600211	0	0	0	0	-56.52	2993	34.38	33.99	33.87	34.38	-0.41
sh603920	-1604	0	0	0	48.63	29223	18.20	18.12	17.90	18.44	-0.38
sh603922	-869	0	0	0	-1311.16	40194	31.01	30.91	30.52	31.48	-1.84
sh603926	0	0	0	0	-81.24	8105	26.70	26.85	26.49	26.88	1.02
sz000605	-3361	-1193	0	0	-487.36	22659	18.03	17.94	17.78	18.19	-0.66
sh600782	87245	96459	78193	0	4482.00	735939	6.63	6.91	6.63	6.96	3.60
sh600547	-35639	-4918	-2939	0	-10608.39	234075	32.30	32.17	31.88	32.51	-2.87
sh601766	2604	52797	-6056	0	-7933.60	1856188	12.13	12.35	12.03	12.38	1.65
sh601788	-14623	-3468	0	0	127.42	122972	14.13	14.15	14.08	14.32	0.35
sz000983	-46628	-10651	-470	0	-6081.31	405305	10.40	10.24	10.20	10.45	-0.39
sz000981	-7930	-4921	-4921	0	-207.88	65330	8.40	8.50	8.35	8.59	-1.16
sz002155	-35566	-16412	-11296	0	-3040.48	142631	9.53	9.48	9.46	9.57	-2.07
sz300387	-3788	0	0	0	-917.95	29321	17.50	17.39	16.95	17.77	-1.81
sz002637	-551	0	0	0	61.06	13042	10.30	10.15	10.14	10.30	-2.03
sz300365	-1320	-1025	0	0	-187.59	48445	34.43	34.83	33.98	35.29	0.66
sz002701	7892	10161	12915	0	520.93	86894	6.06	6.07	6.05	6.15	-0.33
sz002419	-26654	-1305	0	0	-4154.83	106466	17.20	16.70	16.51	17.47	-2.17
sz002142	-18494	-14936	-6322	0	-1514.20	240736	19.88	20.00	19.61	20.10	1.01
sh603311	0	0	0	0	-133.71	5101	15.48	15.51	15.43	15.57	-0.32
sz002892	-432	0	0	0	396.74	12615	41.20	41.35	41.06	42.15	-0.36
sz002893	-7794	-4260	-5767	0	-1352.27	112214	33.90	33.09	32.60	34.70	-5.32
sh603178	-558	0	0	0	365.05	16906	14.93	15.09	14.93	15.30	0.07
sh603955	0	0	0	0	8.82	9463	39.68	40.08	39.51	40.50	0.55
sh603776	-2508	-1708	0	0	-2209.73	41457	62.40	61.66	59.30	62.80	2.19
sh601155	-32845	-9482	-2292	0	-3938.30	204906	35.21	35.03	34.80	36.10	-1.05
sh600377	-9475	-6419	-6311	0	152.78	60053	9.95	9.98	9.94	10.00	0.00
sh600376	-3568	-77	0	0	1001.83	88546	10.74	10.87	10.74	11.06	0.46
sz000018	-2831	1701	0	0	-125.56	105775	6.13	6.25	6.12	6.34	1.46
sh600551	372	0	0	0	159.32	17494	12.10	12.15	12.05	12.20	0.41
sz002475	-31134	-19885	-11757	0	749.90	302863	22.10	22.68	21.66	22.98	3.00
sh601200	-1813	0	0	0	-446.14	32704	23.51	23.59	23.47	23.73	-0.04
sh601339	-1337	-1246	0	0	142.79	16985	5.26	5.29	5.25	5.29	0.38
sh600419	0	0	0	0	-388.67	6249	43.40	43.78	43.06	44.22	0.88
sz300178	-270	0	0	0	202.08	14749	13.35	13.22	13.21	13.38	-0.60
sz002876	-469	0	0	0	-177.10	7831	59.80	61.72	59.50	62.94	3.21
sh600393	-18091	-1176	0	0	-726.33	99293	6.85	6.79	6.71	6.86	-1.31
sz300284	-324	0	0	0	489.23	32107	15.75	15.92	15.67	16.07	0.95
sz300357	0	0	0	0	-120.57	3245	48.64	48.52	48.37	48.90	-0.25
sz300351	-2612	0	0	0	-314.78	16186	14.03	14.00	13.88	14.05	-0.57
sh603018	-1918	0	0	0	-601.83	10301	26.97	26.59	26.48	26.97	-0.56
sz002085	17237	14865	0	0	472.82	79311	15.71	15.79	15.63	15.87	0.70
sz002406	-2381	0	0	0	-224.51	16309	7.09	7.07	7.04	7.14	-0.42
sz002403	-715	1115	0	0	169.49	18793	11.76	11.81	11.63	11.88	0.60
sz002396	-8899	-930	0	0	-2702.46	80938	19.88	19.58	19.51	19.99	0.00
sz002391	-3007	-2208	0	0	-1364.28	43452	15.14	15.53	15.06	15.55	2.64
sz002393	-200	0	0	0	-211.83	5078	31.15	31.07	31.00	31.25	-0.42
sh603168	-1254	0	0	0	566.54	46754	13.55	13.58	13.41	13.78	-0.44
sh600895	-2640	-1240	0	0	-410.18	28331	14.90	14.90	14.89	15.15	-0.80
sh603767	-756	0	0	0	-314.60	20404	15.34	15.28	15.13	15.37	-0.71
sh600415	-28017	-11955	-7800	0	-1315.26	106093	5.93	5.89	5.85	5.95	-0.51
sz000959	-9933	-5219	-2000	0	-848.18	119479	6.05	6.09	5.98	6.18	0.00
sz000952	-160	0	0	0	-94.42	11944	14.50	14.49	14.38	14.63	0.00
sz002888	-1160	0	0	0	-143.16	20568	27.40	28.48	27.22	28.79	3.64
sz002884	0	0	0	0	32.17	6563	50.79	51.45	50.53	51.80	1.10
sz002886	-439	0	0	0	-416.92	10360	34.50	33.97	33.72	34.50	-0.96
sz000002	-51458	-12029	-4299	0	6464.10	558848	39.60	39.76	38.90	40.64	-0.03
sz000001	58176	145694	131047	0	30999.60	2148026	14.40	14.72	14.28	14.72	3.44
sh600523	1947	2164	0	0	-41.56	9166	15.77	15.75	15.56	15.78	0.51
sh600529	-3418	0	0	0	-934.36	33421	20.69	20.20	20.10	20.69	-2.18
sz000488	-1253	1643	3570	0	11939.20	495863	17.87	18.53	17.72	18.56	3.46
sz002905	-1175	0	0	0	-1996.86	31911	35.76	35.68	35.51	36.25	-1.55
sz000712	-16052	-2171	0	0	-1680.23	78385	16.11	16.06	15.94	16.31	-0.86
sh601928	-12600	-4694	-4694	0	-229.95	50515	8.19	8.17	8.16	8.30	-0.61
sh601211	-37970	-24606	-13617	0	1920.80	393477	19.80	19.94	19.65	20.06	1.22
sh600638	-3000	0	0	0	-336.20	12862	15.59	15.42	15.39	15.73	-1.41
sh600639	-1973	0	0	0	-480.83	13360	17.26	17.09	17.08	17.35	-1.04
sz000823	-2314	2882	4000	0	-514.83	72487	13.36	13.40	13.20	13.64	-0.74
sz000828	-2818	-1000	0	0	-312.63	25097	11.11	11.13	11.02	11.18	0.09
sz300295	319	0	0	0	142.52	38597	17.70	17.84	17.62	18.22	-0.78
sh600848	206	0	0	0	1552.35	67435	24.40	24.60	24.30	24.88	0.04
sz300349	-1987	0	0	0	-802.25	21514	39.50	39.50	39.06	40.30	-0.05
sz002422	-62079	-15364	0	0	-11714.55	153064	26.27	25.43	24.96	26.33	-2.68
sz002788	0	0	0	0	34.52	6193	28.95	29.01	28.83	29.16	0.28
sz002039	307	0	0	0	135.91	12222	15.69	15.70	15.62	15.73	0.19
sz002766	-3812	0	0	0	-1037.17	49276	15.08	14.91	14.87	15.39	-1.39
sz002762	-3042	0	0	0	21.25	25610	16.46	16.77	16.38	16.95	1.21
sh603688	-3139	0	0	0	-236.84	17669	13.96	13.79	13.68	14.04	-0.65
sh603377	-205	0	0	0	87.44	4959	39.67	39.76	39.15	39.86	0.23
sz002182	-10702	-2307	0	0	-517.31	79877	8.64	8.70	8.63	8.85	0.12
sz002183	-47969	-13923	-10222	0	-1483.12	174106	7.57	7.53	7.47	7.64	-1.18
sz300625	-300	0	0	0	-272.56	11749	24.50	24.46	24.35	24.74	-0.04
sz300620	0	0	0	0	-124.91	4898	35.88	35.65	35.47	36.22	-1.00
sz300621	-1737	0	0	0	-853.61	30647	21.21	20.96	20.63	21.35	-2.24
sh603198	-274	1176	0	0	-729.52	55532	18.15	18.49	18.11	18.57	2.15
sh603199	-636	0	0	0	-1219.23	14915	28.59	27.67	27.60	28.60	-2.74
sh600348	-16277	6484	8861	0	-656.82	246211	7.47	7.51	7.42	7.57	0.54
sh603996	-3806	-2199	0	0	-104.28	18017	17.71	17.68	17.48	17.75	-0.17
sz002215	-7642	-1350	0	0	-210.09	39678	6.88	6.87	6.82	6.91	-0.29
sh600535	-1212	0	0	0	788.44	27550	37.00	37.30	37.00	37.46	0.43
sz000722	-1930	0	0	0	-46.83	32472	8.92	9.07	8.87	9.30	1.23
sh601595	-19309	-7161	-2699	0	-3919.08	70734	21.56	21.02	20.78	21.80	-2.59
sh600628	-730	0	0	0	54.72	18342	10.20	10.25	10.16	10.30	0.00
sh600622	-979	0	0	0	-327.40	30585	16.57	16.68	16.45	16.84	0.12
sh603517	-382	0	0	0	-166.84	6618	39.02	38.74	38.58	39.53	-0.72
sz000581	-19630	-5743	-2568	0	-3214.01	159632	25.43	25.51	25.13	25.59	-0.08
sh601689	-1598	0	0	0	65.71	18508	23.53	23.46	23.35	23.73	-0.30
sz300113	-10865	-1356	0	0	-1182.02	73574	17.80	17.74	17.65	18.15	-0.84
sz000676	-5555	0	0	0	-684.77	23378	10.95	10.79	10.71	11.09	-1.46
sz002817	0	0	0	0	-78.31	7004	31.72	31.70	31.60	32.03	-0.41
sz002776	850	0	0	0	33.01	4259	19.27	19.34	19.11	19.54	-0.15
sz300244	-1239	0	0	0	-594.57	34666	22.42	22.75	22.36	22.88	1.43
sz002810	-1884	0	0	0	-1479.31	11172	25.71	25.43	25.15	25.97	-1.55
sh603365	969	0	0	0	360.45	44812	23.96	23.96	23.70	24.22	0.17
sz002375	-3475	2332	2000	0	93.53	63939	7.80	7.84	7.79	7.93	0.51
sz300631	-9176	-2973	-3344	0	1838.77	67012	26.00	28.50	25.67	29.28	7.06
sh603363	17281	30584	39502	0	8869.69	271578	15.70	17.86	15.47	17.86	9.98
sz300633	-1243	0	0	0	-649.19	13562	25.37	24.90	24.57	25.48	-1.85
sz300435	375	0	0	0	-80.03	8150	15.62	15.82	15.54	15.87	1.35
sh603181	-6585	-1230	-2342	0	-905.76	103042	25.50	26.88	25.50	27.50	3.74
sh603188	-949	0	0	0	291.68	54084	16.33	16.71	16.17	16.73	2.33
sh603989	-1026	0	0	0	-1305.18	18094	38.25	37.80	37.72	38.30	-1.15
sh603987	-1920	0	0	0	55.96	18500	12.28	12.32	12.22	12.41	0.24
sh600323	-6578	-1000	0	0	-300.88	56775	14.16	14.24	14.11	14.37	0.28
sz002203	-9702	-2002	0	0	-357.34	32324	7.65	7.66	7.60	7.75	-0.39
sh600329	-2697	0	0	0	-422.97	13503	14.88	14.90	14.87	14.95	-0.20
sh600509	-3463	0	0	0	105.61	22037	6.75	6.76	6.72	6.79	-0.15
sh600053	-1318	0	0	0	-139.39	9463	24.09	24.00	23.93	24.42	-1.11
sh600056	-24207	-7702	-5235	0	-5583.36	98395	23.45	23.03	22.95	23.56	-1.83
sh600611	-12016	-8546	0	0	-865.13	67739	5.07	5.08	5.05	5.09	-0.20
sz000598	5881	-6066	-6152	0	-355.11	100304	5.38	5.38	5.36	5.41	0.00
sz000591	-23854	-4069	501	0	-1487.23	121942	5.62	5.60	5.59	5.65	-1.06
sz000596	596	0	0	0	812.57	45406	73.38	75.75	72.00	76.32	3.31
sz000028	750	0	0	0	1195.45	11236	63.40	64.37	63.10	64.65	1.31
sh601678	27695	33465	28017	0	1821.12	292700	8.64	8.90	8.60	8.93	3.61
sz300324	-5263	5540	2119	0	1434.61	135320	15.26	15.37	15.07	15.70	-0.19
sz300258	-639	0	0	0	-2.12	11077	14.35	14.34	14.27	14.54	-0.07
sh603359	0	0	0	0	-756.15	20666	34.58	34.79	34.38	35.01	-0.23
sz002444	-6662	-2506	0	0	-149.89	46262	12.88	12.90	12.79	12.95	0.16
sz300647	0	0	0	0	73.85	6695	19.01	19.09	18.81	19.18	0.10
sz300487	-51858	-41998	-33817	0	2682.08	117203	26.00	26.50	25.65	26.50	10.00
sz300484	0	0	0	0	6.14	6426	20.10	19.96	19.90	20.29	-0.60
sz300485	0	0	0	0	-163.58	5139	28.04	28.10	27.90	28.25	-0.21
sh603226	-292	0	0	0	58.09	5489	29.97	30.06	29.85	30.28	0.17
sh603730	-201	0	0	0	-439.12	9915	34.80	34.59	34.52	34.97	-0.46
sz002071	-5727	-3220	0	0	-505.35	32763	9.65	9.50	9.48	9.65	-1.45
sh600993	-1107	0	0	0	721.54	42557	20.55	20.97	20.50	21.04	1.50
sh601111	-75813	-34441	-38890	0	-13917.70	1141086	11.14	11.04	10.93	11.27	-0.45
sz002645	-3391	0	0	0	-1042.10	43439	22.20	21.93	21.65	22.47	-1.84
sz000756	-5293	432	0	0	-1032.87	55263	13.21	13.30	13.08	13.45	0.53
sz000672	-10507	-4864	-6372	0	1168.54	415640	11.22	11.61	11.18	11.77	2.47
sz000786	6578	8774	3052	0	6501.77	294396	23.12	24.32	23.05	24.38	4.02
sz000895	-10155	-2001	-2002	0	-662.51	153476	28.96	29.27	28.96	29.70	1.42
sh601001	-29983	-9627	-3461	0	26.52	170204	6.44	6.47	6.39	6.56	0.47
sh603385	-879	0	0	0	267.82	41311	22.09	22.13	22.00	22.90	0.73
sz000666	-6581	-1043	0	0	-285.21	46840	20.26	20.14	20.00	20.31	-1.03
sh600019	225141	261417	207836	0	9387.80	2322396	8.95	9.22	8.86	9.34	3.02
sz300693	-753	0	0	0	105.43	25167	37.30	38.03	37.00	38.49	1.63
sh601633	-36418	-2654	0	0	709.91	125420	12.29	12.07	12.02	12.29	-2.03
sz300505	-28	0	0	0	-435.29	24086	32.60	32.66	32.19	33.95	-0.82
sh600466	-16685	-8655	-939	0	-5985.23	427343	12.27	12.13	11.97	12.60	-0.82
sz002900	-2801	0	0	0	-1644.16	48313	31.76	31.49	31.26	32.44	-1.75
sz002866	-3155	0	0	0	134.15	10256	35.70	35.86	35.60	36.30	0.17
sh603331	-315	0	0	0	-22.89	8677	20.01	20.08	19.94	20.24	-0.40
sh603825	-300	0	0	0	-738.18	7817	29.22	28.72	28.60	29.40	-2.01
sh603906	-1400	1131	0	0	-39.10	25646	16.03	16.00	15.79	16.12	-1.05
sh603557	-4131	-1088	0	0	-336.07	53164	17.01	17.44	17.01	17.63	0.69
sh600565	-21375	-6016	3184	0	-69.99	169659	4.45	4.48	4.44	4.50	0.22
sz300571	-1840	0	0	0	439.78	18386	48.82	49.24	48.76	50.20	0.86
sz300701	-402	0	0	0	-289.40	18384	40.49	40.07	39.41	40.49	-1.04
sh600367	-1915	0	0	0	-195.85	31421	10.45	10.61	10.41	10.64	0.76
sz002735	0	0	0	0	-51.94	1277	31.93	32.00	31.71	32.26	-0.37
sh603316	72	0	0	0	160.23	16494	14.61	14.58	14.36	14.66	-0.07
sz002899	-1335	0	0	0	-138.46	38456	30.11	29.93	29.87	31.40	-0.89
sz002873	-205	0	0	0	-90.04	11868	45.00	44.51	44.45	45.86	-1.09
sh603167	-4699	0	0	0	-864.23	47209	11.60	11.70	11.57	11.75	0.52
sh600887	-104828	-25513	-23283	0	-13898.90	803715	35.50	34.25	34.23	35.60	-0.98
sz000923	-1818	-1442	0	0	-258.92	48663	24.33	24.72	24.08	24.80	1.39
sz002370	-721	0	0	0	-132.06	4109	14.10	13.91	13.87	14.10	-0.93
sh600325	-42491	-6392	2572	0	1723.49	735049	8.50	8.64	8.47	8.84	1.77
sz002206	-5024	0	0	0	3.95	22217	5.83	5.83	5.80	5.85	0.17
sz300102	-16170	-2365	-5368	0	-1009.94	108914	8.56	8.50	8.46	8.59	-1.39
sz002696	0	0	0	0	12.99	5087	17.25	17.30	17.23	17.48	0.58
sh600856	-16654	-478	0	0	591.17	133089	12.93	12.93	12.67	12.98	0.00
sh600073	-6883	-2055	0	0	-119.73	41783	8.09	8.13	8.08	8.16	0.12
sh603081	-2086	0	0	0	-409.18	29463	27.15	25.95	25.71	27.50	-4.07
sh603387	-200	0	0	0	55.30	8309	57.82	58.01	57.55	58.60	-0.17
sz002878	0	0	0	0	-236.35	11078	36.70	36.46	36.01	36.99	-0.57
sz002008	-11003	-1704	0	0	767.59	141034	52.11	51.93	51.22	53.13	-0.75
sh603106	-27005	-9075	-7576	0	-6313.98	227583	28.01	29.01	27.62	30.65	-5.47
sz002910	-11289	2968	3119	0	-6452.59	205044	24.90	24.47	24.00	25.87	-2.08
sz002057	-4514	-1047	0	0	-558.13	19965	12.15	12.06	12.00	12.28	-0.82
sh600549	-9382	1075	0	0	-1310.61	140444	24.21	24.46	24.18	24.84	0.82
sz002883	-886	0	0	0	-1277.53	24027	54.66	54.30	53.01	55.19	-1.67
sh603305	-759	0	0	0	-367.09	17119	33.05	32.56	32.32	33.38	-1.69
sz002394	-1149	0	0	0	221.02	17269	12.48	12.46	12.42	12.53	-0.32
sz002889	-373	0	0	0	-440.64	35360	29.60	29.77	29.51	30.33	-0.93
sh600629	-86	0	0	0	-82.23	7301	14.49	14.57	14.47	14.62	0.21
sz300119	-200	0	0	0	62.81	4907	11.63	11.63	11.55	11.68	0.35
sz300100	-2745	0	0	0	112.32	24833	14.27	14.50	14.25	14.50	0.62
sz300651	316	0	0	0	120.68	3638	34.75	34.55	34.00	34.77	-0.58
sh600701	-12856	-2399	2146	0	-862.18	66541	9.20	9.13	9.10	9.26	-0.87
sz300689	-181	0	0	0	195.83	36331	43.99	45.47	43.65	46.80	4.24
sh603380	-891	0	0	0	-17.56	16337	20.15	20.06	20.02	20.48	-1.13
sz002657	-9613	-1517	0	0	-2662.63	89495	24.01	24.06	23.62	24.32	-0.25
sz002597	6548	2484	-3000	0	3511.02	182027	26.34	27.30	26.27	27.38	3.96
sz002448	-1371	0	0	0	116.92	25744	8.85	8.95	8.82	9.01	0.79
sh603960	0	0	0	0	-74.63	3268	27.43	27.70	27.13	27.85	0.98
sh600606	4694	24320	-4862	0	-20207.10	2140587	9.64	9.62	9.46	9.74	-0.41
sh600293	-1656	0	0	0	131.88	40937	8.01	8.12	7.98	8.13	0.87
sh603801	-12	0	0	0	-86.96	15126	55.98	57.04	55.69	57.39	2.44
sz300707	435	0	0	0	-2072.26	26183	45.83	45.45	45.00	46.20	-2.47
sz002558	-2304	0	0	0	-167.78	18970	34.40	34.44	34.26	35.10	-0.03
sz000698	2066	2114	0	0	281.65	51625	5.82	5.91	5.82	5.92	1.20
sz002832	0	0	0	0	19.23	765	58.37	57.79	57.47	58.61	0.00
sh601800	51966	58301	30663	0	16216.17	568207	13.53	14.48	13.50	14.81	6.47
sz300009	-10847	-2809	0	0	1194.92	125764	24.66	24.40	24.40	25.28	0.62
sz002356	66	0	0	0	-104.01	19334	30.10	30.15	29.80	30.65	0.03
sz300658	0	0	0	0	58.98	1583	29.23	29.07	28.87	29.23	0.14
sh603726	0	0	0	0	-126.48	7409	30.86	31.06	30.86	31.40	0.65
sh600298	-2502	-804	0	0	-1612.88	75157	35.35	36.05	35.31	36.44	0.59
sh601107	3083	2308	3316	0	-133.55	46379	4.23	4.26	4.22	4.26	0.47
sh600676	-11313	-1673	0	0	-216.13	31950	6.42	6.42	6.38	6.44	0.00
sz000869	-1252	0	0	0	-314.67	28880	37.91	38.20	37.86	38.60	0.47
sz000860	7906	4478	4001	0	2631.16	97438	19.78	20.25	19.78	20.46	2.64
sh600706	-1063	0	0	0	-276.94	7336	19.15	19.14	19.00	19.28	-0.05
sh603396	-707	0	0	0	-1295.68	23115	44.57	44.39	43.71	44.90	-1.68
sz300662	322	0	0	0	-421.92	12029	26.29	25.72	25.57	26.43	-2.54
sz002783	-9077	-8954	-12823	0	-2303.85	125085	18.75	19.73	18.75	19.73	9.98
sz002811	-746	0	0	0	-138.46	13535	18.91	19.33	18.88	19.39	2.22
sz000528	1280	488	-2087	0	702.90	108575	8.27	8.41	8.27	8.42	1.33
sz000525	1500	4699	2935	0	1295.36	116859	22.70	23.94	22.56	24.19	4.95
sz300065	-1591	0	0	0	-265.12	32306	15.25	14.94	14.89	15.34	-0.99
sz002567	-6019	-4296	0	0	-701.02	62148	7.60	7.52	7.50	7.63	-1.31
sz300207	-14438	-3285	-3285	0	-888.90	100161	9.97	9.80	9.74	10.06	-1.80
sz002563	1924	1110	0	0	671.95	78414	8.80	9.03	8.80	9.03	1.57
sz300512	-947	0	0	0	-161.79	7650	17.23	17.10	17.03	17.36	-0.75
sh603386	-10252	-4948	0	0	408.49	132948	18.40	19.11	18.25	19.62	1.97
sz300673	0	0	0	0	-130.65	3903	42.14	41.32	41.24	42.14	-1.60
sz300476	1717	2616	2616	0	-1495.31	23995	24.35	24.30	23.89	24.66	0.96
sz002791	-217	0	0	0	-175.30	7328	19.45	19.39	19.23	19.50	-0.36
sz002792	0	0	0	0	-236.49	11638	32.99	32.80	32.57	33.25	-0.85
sz002027	-43673	-35744	-20920	0	2710.15	521807	13.56	13.50	13.42	13.81	-1.53
sh600271	-5244	2132	0	0	882.45	120000	20.60	20.62	20.54	20.91	-0.15
sh600278	-827	0	0	0	-276.54	20422	11.87	11.78	11.75	11.89	-0.67
sh603679	-350	0	0	0	186.87	7185	24.95	25.17	24.75	25.31	0.44
sz002801	-281	0	0	0	375.64	4354	35.35	36.20	35.35	36.35	0.95
sh600389	573	1530	0	0	-226.69	28315	17.55	18.33	17.50	18.35	4.44
sz000402	-57062	-16965	-9487	0	-2227.79	249142	12.17	12.13	12.05	12.33	-0.98
sh601019	-18275	-4853	0	0	-1756.52	126778	12.58	12.52	12.47	12.64	-1.26
sh601137	-3834	1167	0	0	-633.06	40241	11.47	11.26	11.18	11.50	-1.66
sz002412	-8067	0	0	0	-498.14	61882	16.54	16.93	16.49	16.94	2.36
sh603096	0	0	0	0	-164.07	3049	62.22	60.98	60.60	62.22	-2.40
sz300509	0	0	0	0	-70.87	4091	24.96	24.86	24.66	24.96	0.16
sz300507	-366	0	0	0	-209.53	21767	28.79	29.51	28.66	29.85	1.93
sz300443	-218	0	0	0	-27.60	7018	15.90	15.92	15.83	16.04	0.19
sh603269	1737	2023	0	0	915.73	44847	25.36	26.88	25.26	27.00	5.79
sh600000	-85178	-40524	-28127	0	-6367.00	1116080	13.14	13.24	13.05	13.25	1.07
sh600132	-2821	0	0	0	-1424.23	36820	22.62	22.62	22.10	23.00	-0.26
sh600642	-35840	-19699	-5876	0	256.02	99438	5.94	5.91	5.89	5.94	-0.34
sh600739	-29205	-1157	-2000	0	-2441.93	127585	18.08	18.00	17.98	18.20	-0.44
sh600208	-160992	-91800	-41933	0	-4693.60	1079621	5.35	5.29	5.25	5.54	-1.86
sh601288	-547582	-467823	-481375	0	10267.50	8076568	4.27	4.37	4.26	4.39	3.55
sh600015	-23740	7091	3035	0	1814.90	520071	9.55	9.65	9.50	9.66	1.37
sz300197	-13641	-2387	0	0	-918.87	97706	11.15	11.12	11.06	11.28	-0.80
sz300190	-591	0	0	0	-192.62	13368	11.35	11.37	11.30	11.44	-0.18
sz300222	5199	5014	0	0	2114.79	75704	19.49	20.15	19.43	20.26	3.23
sh600816	-21499	-8689	-5264	0	-2334.43	134470	13.25	13.21	13.11	13.27	-0.53
sh603299	-15391	-1067	0	0	120.59	180794	11.10	11.60	11.01	11.67	3.39
sz002050	-35727	-13267	-3981	0	-7593.73	178337	19.06	19.00	18.90	19.45	-1.20
sh600926	-24636	-11867	-14784	0	-2209.81	430692	12.14	12.44	12.14	12.49	1.63
sz002262	-11352	-1200	0	0	252.74	76377	15.46	15.48	15.34	15.65	-0.51
sz002468	-793	0	0	0	-310.36	12444	24.30	24.25	24.18	24.32	-0.33
sz002862	0	0	0	0	34.21	2952	27.78	27.79	27.50	27.98	0.11
sz002861	-445	0	0	0	-155.16	8347	26.11	26.34	26.05	26.39	-0.23
sh603858	0	0	0	0	-733.24	15415	50.16	49.98	49.90	50.28	-0.44
sh603108	1487	-290	0	0	1016.98	89691	12.11	12.90	12.03	13.21	6.79
sz002911	-9919	4209	1960	0	-5082.65	211855	33.19	32.10	31.32	33.81	-2.16
sh600031	5901	17746	-3807	0	6878.10	1364746	9.28	9.59	9.18	9.62	2.46
sh600745	-3529	0	0	0	-511.94	38166	29.02	29.31	28.72	29.65	2.34
sz000423	-2502	-1182	0	0	2583.87	84662	64.19	65.30	63.50	65.51	2.19
sz300183	-2597	0	0	0	-732.43	29429	18.60	18.40	18.35	18.64	-0.86
sz300237	-1278	0	0	0	-80.72	7544	15.60	15.55	15.44	15.68	-0.32
sz300236	-69	0	0	0	-294.87	20692	28.90	29.01	28.78	29.43	-0.41
sz300233	-3482	-1022	0	0	-1433.88	51417	17.22	17.09	16.70	17.24	-0.70
sz002126	1406	1000	0	0	347.64	42595	9.14	9.26	9.12	9.29	1.65
sz002673	-34843	-10525	-7208	0	-3678.33	264482	12.49	12.42	12.38	12.63	-0.56
sh600809	7605	8802	2626	0	4918.20	134296	61.93	65.16	61.75	66.40	6.00
sh600804	-4207	2049	0	0	799.01	98534	16.30	16.65	16.10	16.82	1.52
sz002581	-834	0	0	0	-65.67	8916	18.21	18.17	18.16	18.30	-0.22
sh603042	-277	0	0	0	-239.96	16544	27.13	26.89	26.62	27.24	-1.07
sh603599	-653	0	0	0	167.29	27597	18.56	18.85	18.50	18.88	1.62
sh603912	-14129	-3066	-3066	0	-8217.44	184278	35.23	30.49	30.22	35.23	-9.15
sh603917	-7845	0	0	0	-2169.61	78892	30.12	29.74	29.17	30.45	-3.22
sz002852	-420	0	0	0	-225.05	14723	33.00	33.17	32.98	33.85	-0.75
sh601999	-1739	0	0	0	33.25	12038	7.40	7.44	7.38	7.48	0.13
sh603133	0	0	0	0	-335.99	8861	30.79	30.82	30.60	31.25	0.10
sh600113	-3756	0	0	0	-228.62	30393	10.60	10.49	10.46	10.64	-1.13
sh600114	-1993	0	0	0	-597.71	46954	14.79	14.83	14.72	14.96	0.20
sh600028	-54800	-146045	-170100	0	-27588.20	4055839	7.05	7.00	6.89	7.05	-0.43
sz000567	-1560	-3013	-3013	0	436.34	26348	24.58	25.01	24.44	25.31	1.75
sh601377	-55279	-27916	-30973	0	-1496.81	538812	7.61	7.65	7.55	7.73	0.53
sz002063	-102824	-44313	-16374	0	-14913.20	777692	11.66	11.53	11.28	11.86	-5.65
sz000686	-44087	-25945	-15072	0	-1443.98	208011	8.88	8.88	8.82	8.96	0.00
sz002664	1430	1974	0	0	690.67	14521	24.88	25.17	24.84	25.19	1.17
sz300554	-206	-1377	0	0	639.61	13737	68.00	69.32	67.12	69.32	10.00
sz300550	0	0	0	0	-13.28	1762	31.19	30.80	30.66	31.19	-0.06
sz300553	0	0	0	0	13.51	1401	41.03	40.95	40.82	41.50	-0.73
sz300559	0	0	0	0	141.20	1485	40.30	39.90	39.72	40.30	-0.92
sh600831	16	0	0	0	-64.96	13877	8.07	8.06	8.03	8.09	-0.12
sh600837	11205	10634	12452	0	3665.50	423292	13.76	13.82	13.64	13.95	0.88
sz300430	-431	0	0	0	-439.81	7265	18.95	18.88	18.61	19.17	-1.26
sz002068	-15231	-1003	0	0	-1210.91	57732	10.05	10.02	9.97	10.15	-0.89
sz002067	8248	2893	-1103	0	1305.64	238153	6.03	6.13	6.00	6.15	1.83
sz002065	-70865	-16323	-10672	0	-3799.19	496530	8.77	8.61	8.59	8.87	-0.46
sh603586	389	0	0	0	161.68	20167	23.97	24.63	23.75	24.68	2.93
sh603585	0	0	0	0	-117.53	3574	31.50	31.40	31.20	31.65	-0.16
sh603580	700	0	0	0	-33.14	12168	30.64	30.94	30.40	31.08	0.98
sz002440	12924	3365	-6761	0	7926.78	269669	19.00	20.07	18.75	20.07	6.53
sz002117	-5978	-1758	0	0	-656.15	51636	18.70	18.44	18.17	18.81	-1.18
sz002119	410	0	0	0	391.95	10563	17.91	18.19	17.71	18.19	1.85
sh600345	19	0	0	0	-1272.39	58944	29.05	29.60	29.05	29.85	0.85
sz000960	473	3429	2617	0	-350.73	182093	13.31	13.32	13.20	13.48	1.29
sh600168	-4370	1000	0	0	109.26	51953	8.29	8.46	8.29	8.50	2.17
sh600585	-50208	-6640	1240	0	4477.50	529642	31.77	32.12	31.30	32.33	2.00
sz000626	-2132	0	0	0	294.72	26941	12.12	12.28	12.12	12.37	1.32
sz000620	-4155	0	0	0	-333.59	24922	6.42	6.43	6.41	6.56	-1.23
sh600768	-1120	0	0	0	-59.34	9256	13.65	13.62	13.60	13.80	-0.22
sh600761	-2316	-1200	0	0	-100.34	36699	10.23	10.33	10.21	10.39	0.49
sh600569	7312	47697	49715	0	3861.65	1131231	5.09	5.27	5.05	5.33	2.73
sh600563	-443	0	0	0	1491.56	20111	46.47	46.76	46.36	47.59	0.19
sz002615	-24580	-1085	0	0	-1559.56	79325	9.36	9.09	9.00	9.36	-2.88
sz300546	0	0	0	0	-117.16	6583	20.52	20.40	20.40	20.77	-1.07
sh600828	-3487	0	0	0	38.60	19966	6.28	6.27	6.25	6.31	-0.79
sz002053	-52	0	0	0	548.94	24820	11.29	11.31	11.25	11.37	0.89
sz002728	-50	0	0	0	224.25	13276	18.32	18.92	18.20	18.98	3.33
sh603936	0	0	0	0	-63.26	6360	24.26	24.21	23.93	24.40	-0.41
sh603937	-10165	0	0	0	-3577.25	159659	27.12	26.44	26.21	28.31	-2.40
sz002124	-2623	-2624	0	0	359.81	24873	8.65	8.80	8.65	8.81	0.92
sh600356	-865	0	0	0	-53.84	10188	8.27	8.30	8.26	8.35	0.36
sh603806	-453	0	0	0	-293.35	5251	33.66	33.51	33.31	33.79	-0.45
sh600229	-1003	0	0	0	-14.85	12198	7.60	7.58	7.54	7.62	-0.26
sz002541	-3545	-1348	0	0	-166.15	44353	13.75	14.19	13.68	14.37	4.19
sz000761	-152966	-114365	-89695	0	3274.50	836865	5.28	5.67	5.26	5.79	7.79
sh600179	4576	4353	-2120	0	-2657.01	80076	25.99	26.53	25.80	26.96	3.96
sz000612	-1562	-2368	0	0	-348.98	66673	8.36	8.53	8.33	8.60	2.40
sh600593	699	0	0	0	194.21	17085	29.00	29.44	28.86	29.70	1.52
sh600771	-421	0	0	0	-902.29	19325	43.43	42.79	42.24	43.43	-1.50
sh601229	-39482	-11455	-10505	0	-1876.43	406498	15.55	15.57	15.38	15.73	0.71
sz000541	-24237	-10455	-10887	0	-1254.28	115267	9.43	9.49	9.35	9.57	0.21
sh600986	-1606	0	0	0	-383.38	18826	10.76	10.66	10.60	10.77	-0.93
sz300378	-11676	-175	-5343	0	-3125.55	115360	13.20	12.75	12.52	13.20	-8.34
sz002732	-837	0	0	0	423.83	16891	28.55	28.60	28.36	28.98	0.03
sz002043	-21195	-4826	-419	0	-1480.32	111233	11.60	11.49	11.25	11.60	-0.95
sh600969	0	0	0	0	23.22	6443	12.33	12.36	12.33	12.38	0.00
sz002138	-19426	-5372	0	0	-3987.22	77696	16.20	15.77	15.68	16.24	-2.71
sh603320	0	0	0	0	-495.62	19080	28.40	27.89	27.81	28.91	-2.55
sh603811	0	0	0	0	431.39	7161	30.66	31.25	30.65	31.36	1.59
sh603928	-454	0	0	0	43.65	14194	15.11	15.28	15.11	15.35	0.39
sh601163	-1733	0	0	0	159.50	25979	20.05	20.19	20.05	20.33	0.70
sh601166	-12637	-32757	-25033	0	-89488.00	3850463	18.45	18.38	18.15	18.68	0.22
sz000975	-4407	1002	0	0	885.00	50479	14.45	14.43	14.29	14.57	-0.35
sh600548	-5183	-3071	0	0	-63.23	19847	9.03	9.00	8.93	9.03	-0.11
sz000639	-6570	0	0	0	-914.11	26529	18.89	18.52	18.41	19.00	-2.01
sz000980	-9918	-1959	0	0	-1259.21	72171	11.59	11.47	11.43	11.67	-1.12
sz000559	-21285	-4687	0	0	-809.28	98993	10.01	9.92	9.82	10.08	-0.70
sz000553	-159	-4603	-2254	0	1556.80	142976	16.74	17.60	16.55	17.68	5.52
sz300384	-636	0	0	0	-641.60	8535	25.90	25.78	25.66	26.27	-1.23
sh603007	-1097	0	0	0	2.19	45473	12.30	12.87	12.22	13.38	4.80
sh600976	-696	0	0	0	69.22	7639	23.55	23.46	23.40	23.70	-0.47
sz002411	-920	0	0	0	356.15	11561	26.40	26.41	26.35	26.56	0.08
sh603313	-410	0	0	0	-181.30	6923	26.10	26.03	25.99	26.24	-0.27
sz002381	-2517	0	0	0	-154.47	14739	7.69	7.72	7.65	7.73	0.39
sh603319	0	0	0	0	71.16	15076	29.49	30.17	29.27	31.48	2.41
sz002895	760	8537	8741	0	-3108.73	189582	28.32	30.00	28.32	31.06	2.11
sz002890	0	0	0	0	-33.51	7380	33.18	33.97	33.18	34.34	1.13
sh601878	-89621	-50578	-42376	0	-17403.47	490850	17.00	17.20	16.82	17.31	-1.66
sz000026	-1545	-1121	0	0	-209.40	14695	10.63	10.64	10.54	10.67	0.09
sz002479	-6428	5349	3022	0	-823.15	159195	10.15	10.30	10.06	10.32	1.28
sh600793	-400	0	0	0	-118.01	8216	26.43	25.80	25.78	26.43	-0.42
sz000011	-3891	0	0	0	-763.10	53649	18.06	18.09	18.00	18.34	-0.39
sh600790	-138	-1050	0	0	138.58	28991	5.98	5.98	5.96	6.02	0.00
sh600797	-17880	-3074	0	0	-1250.89	109241	12.10	12.12	12.03	12.30	-0.41
sh600557	-3308	0	0	0	-209.21	33832	13.49	13.44	13.40	13.52	-0.30
sz000498	11204	5116	544	0	1054.68	93837	6.62	6.82	6.59	6.85	2.87
sz000709	109582	111835	81067	0	4955.17	906100	3.97	4.06	3.97	4.07	2.01
sz300170	-9137	-661	0	0	106.69	79612	11.95	12.00	11.86	12.35	-0.33
sz002871	0	0	0	0	-93.28	4749	34.95	35.08	34.87	35.35	-0.06
sz300286	-673	-1000	0	0	-237.34	8714	17.15	17.21	17.00	17.34	-0.75
sz300355	-35961	-9485	392	0	-2794.64	188703	12.15	12.05	12.01	12.18	-0.82
sz002081	-12322	911	0	0	85.41	150895	15.35	15.44	15.28	15.73	0.92
sz002088	-3535	0	0	0	-21.20	35213	13.83	13.86	13.75	14.20	-0.14
sz002158	-12073	-4302	-4302	0	-1579.45	100869	12.69	12.74	12.56	12.95	-0.78
sh603303	623	0	0	0	-8.12	23001	13.78	13.89	13.70	14.04	0.80
sz002573	-18802	-5262	0	0	-3730.24	86174	20.46	20.33	20.21	20.63	-1.26
sh600094	1551	1704	0	0	449.01	59620	7.27	7.33	7.24	7.43	0.41
sz000957	-8180	-1238	0	0	-172.17	46356	10.79	10.77	10.71	10.94	-0.65
sh600305	4004	-506	0	0	488.97	82010	11.36	11.59	11.36	11.65	1.85
sz002882	-4796	-1905	0	0	403.03	67782	14.58	14.73	14.34	14.88	1.03
sz002885	0	0	0	0	-231.83	9545	35.70	35.89	35.35	36.45	0.03
sz000719	-829	0	0	0	-61.26	14385	9.16	9.19	9.16	9.24	-0.11
sz000821	-2677	0	0	0	-449.35	29211	11.39	11.26	11.21	11.40	-1.31
sh601328	-318659	-322628	-334422	0	-35389.70	5160493	6.58	6.63	6.49	6.66	1.22
sz000826	3525	6014	0	0	918.18	37495	30.77	31.13	30.71	31.48	0.78
sz300160	-5973	-400	0	0	-203.34	26395	7.62	7.56	7.54	7.64	-0.79
sz300343	-2090	0	0	0	-288.66	24416	12.45	12.34	12.33	12.52	-1.28
sz300342	84	0	0	0	-93.50	5267	14.67	14.67	14.63	14.84	0.00
sz000901	-2184	0	0	0	112.98	26747	22.21	22.18	22.03	22.39	-0.49
sz000906	-1305	1000	0	0	-20.82	22866	7.64	7.62	7.54	7.68	-0.39
sh603648	-5613	0	0	0	-196.79	150665	22.61	22.71	22.38	23.33	-0.44
sh600995	-666	0	0	0	12.11	28778	9.02	9.12	9.01	9.21	1.33
sh600999	-35873	3050	4493	0	917.62	369069	18.56	18.63	18.42	19.01	0.59
sh600998	-3644	0	0	0	599.37	32704	17.93	18.02	17.80	18.05	0.17
sh600515	-11754	-3488	0	0	-1300.51	61466	13.10	12.80	12.65	13.15	-2.22
sh600510	-2609	0	0	0	44.55	23808	7.00	7.08	6.98	7.10	0.57
sz000987	-1927	0	0	0	23.76	38318	10.05	10.04	10.00	10.20	-0.99
sz300137	-4846	-3029	-3029	0	-543.15	78027	21.80	21.68	21.61	21.87	-1.23
sz300007	-27309	-12533	-8881	0	-325.88	135978	13.99	13.78	13.75	14.21	-3.77
sz300004	-22535	-3341	2000	0	-1472.53	92842	10.94	10.90	10.79	11.05	-1.98
sz002646	-1258	0	0	0	611.58	24453	15.42	15.75	15.37	15.80	2.07
sz002756	288	0	0	0	-172.92	13416	23.80	23.82	23.55	23.94	1.06
sz002753	95	0	0	0	-95.11	9485	19.31	19.56	19.25	19.58	0.57
sh603508	0	0	0	0	-25.00	6426	38.27	38.95	38.27	39.31	1.38
sz300267	-20510	-6336	-4406	0	656.16	80100	6.61	6.62	6.58	6.64	-0.15
sz002682	-4028	-1129	0	0	-318.71	16698	11.14	10.99	10.98	11.17	-0.99
sh600850	-640	0	0	0	-360.19	14680	18.26	18.15	18.05	18.34	-1.20
sh603238	-137	0	0	0	-7.80	16864	23.05	23.19	23.00	23.65	-1.65
sh600987	-3996	0	0	0	-315.79	27437	11.25	11.39	11.19	11.46	0.98
sz300495	-608	0	0	0	119.80	14373	15.58	15.71	15.57	15.78	-0.13
sh600291	-29203	-3228	-1005	0	31.07	412470	25.50	26.24	25.50	26.58	1.67
sz000915	500	0	0	0	912.82	18494	29.51	29.81	29.50	29.91	0.61
sz000919	-2480	0	0	0	-106.36	20301	9.11	9.05	9.03	9.12	-0.66
sz002221	-9220	-3026	-2110	0	-2676.14	118418	12.21	12.26	12.17	12.39	0.25
sh603685	-837	0	0	0	-745.10	30791	36.91	36.59	36.10	37.48	-1.96
sh603378	-4692	-3548	0	0	333.72	83108	25.07	25.73	24.86	26.09	1.30
sz300015	-8963	-4229	-3229	0	54.33	119333	35.00	35.97	34.93	36.23	2.01
sz300014	-9857	2088	0	0	-136.30	94876	17.68	17.75	17.53	17.98	0.11
sh603536	0	0	0	0	62.06	6075	19.79	19.81	19.61	19.87	0.20
sh603538	0	0	0	0	-15.31	2023	25.88	26.02	25.87	26.18	0.15
sz002036	-3138	0	0	0	-310.08	37363	15.34	15.10	15.06	15.36	-1.50
sz002038	-3136	0	0	0	-301.28	26262	31.76	31.82	31.71	32.14	-0.41
sz300568	-1803	0	0	0	842.12	23039	25.60	26.58	25.60	26.60	4.03
sh603882	-941	0	0	0	-314.18	16040	30.05	29.89	29.70	30.47	-0.47
sz002258	-7362	-1012	-10562	0	-41.14	180261	17.21	17.84	17.11	17.84	9.99
sh600060	-121	-4565	0	0	832.30	135003	16.16	16.55	16.10	16.58	1.97
sh600067	-28159	-26001	-19041	0	-1722.12	103625	6.70	6.68	6.60	6.75	-0.45
sh603869	-473	0	0	0	-299.38	8442	20.81	20.79	20.65	21.09	-0.53
sh603866	0	0	0	0	-152.39	6852	43.78	43.22	43.03	44.50	-1.68
sz300688	-216	0	0	0	-597.02	12191	52.98	52.00	51.80	53.54	-1.85
sz000417	1066	2375	0	0	246.97	36794	8.02	8.06	7.98	8.08	0.75
sh600668	-4797	0	0	0	-441.44	26464	15.70	15.75	15.68	15.83	0.32
sh601398	872701	796452	685819	0	3919.60	5869909	6.75	7.13	6.75	7.15	6.10
sh601006	-133002	-54666	-47125	0	-12063.70	993758	9.70	9.65	9.52	9.73	-0.21
sh601007	-219	0	0	0	15.78	8197	10.80	10.77	10.71	10.83	-0.46
sz300068	-26559	-8737	-3118	0	-1368.70	133214	14.06	13.98	13.93	14.18	-0.57
sz300519	-695	0	0	0	-250.30	13862	21.29	21.00	20.76	21.58	-1.87
sz002335	0	0	0	0	-339.87	8852	30.83	30.72	30.64	30.99	-0.36
sh600874	-16055	0	0	0	-953.89	116879	13.55	13.60	13.45	13.73	-0.37
sz300475	-440	0	0	0	-32.26	7236	13.78	13.89	13.74	14.08	-0.07
sh603258	-233	0	0	0	-494.50	8885	30.71	30.19	30.10	30.90	-1.79
sz002793	-798	0	0	0	-17.45	12858	16.03	16.30	15.80	16.37	1.68
sz002026	-10423	-4381	0	0	-483.12	44289	7.70	7.69	7.65	7.75	0.00
sz002029	-2717	-14	0	0	-155.11	16573	8.42	8.37	8.33	8.42	-0.24
sz000662	-659	0	0	0	-331.33	10004	14.72	14.57	14.57	14.81	-1.22
sz000669	-1483	-1234	0	0	965.05	34431	13.71	13.73	13.53	13.76	0.15
sh600018	-126817	-55317	-46433	0	-8699.98	532582	7.18	7.12	7.06	7.18	-0.42
sz002805	0	0	0	0	-74.60	6871	26.98	27.14	26.50	27.48	0.59
sh600120	-124	0	0	0	-251.35	16538	23.30	23.31	23.19	23.51	-0.04
sh600123	1293	2636	-98	0	-72.65	158988	9.32	9.35	9.25	9.37	0.65
sh600125	-8249	-4628	-3483	0	622.06	210344	10.09	10.22	10.07	10.31	0.59
sz000796	-1758	0	0	0	-444.44	27248	12.95	12.90	12.85	13.19	0.08
sz000883	-14883	-12707	-12204	0	294.14	76799	4.67	4.68	4.64	4.68	0.43
sh601636	36261	39542	35473	0	5064.89	657837	6.87	7.07	6.83	7.15	3.82
sh600720	5407	4081	-4474	0	-49.13	288060	11.06	11.25	10.98	11.32	1.44
sz300073	-3105	0	0	0	-373.99	45722	23.28	23.20	23.16	23.59	-0.68
sh600873	579	1886	-7296	0	841.92	194586	5.23	5.27	5.22	5.30	0.38
sz300219	-7241	0	0	0	-423.31	34619	11.55	11.31	11.18	11.59	-2.08
sz300503	-421	0	0	0	-38.02	13104	12.36	12.46	12.27	12.75	-0.32
sh603260	-3346	0	0	0	-5382.44	86607	62.76	62.36	62.00	64.28	-1.36
sh603266	0	0	0	0	-33.30	6985	26.08	26.30	25.80	26.50	0.84
sh603060	-486	0	0	0	43.97	17140	22.61	22.85	22.38	22.87	0.97
sz002273	-18607	-2890	0	0	-3263.09	107983	21.62	21.31	21.24	21.84	-2.38
sz002275	-1924	0	0	0	-144.91	7565	16.12	16.13	16.08	16.16	-0.25
sz002472	-248	0	0	0	-155.69	36539	9.11	9.16	9.07	9.23	1.22
sh603848	-6411	0	0	0	-2252.90	90996	22.73	22.03	21.81	23.34	-3.08
sz002909	-6649	-4805	-2064	0	369.11	75030	24.36	25.18	24.03	25.78	0.24
sz002561	-456	0	0	0	-158.64	11553	11.87	11.87	11.81	11.92	0.17
sz300042	-500	0	0	0	112.22	3747	31.47	31.71	31.10	31.79	-0.25
sh600382	-2009	-1016	0	0	-234.78	14859	12.85	12.85	12.76	12.90	-0.54
sz300533	0	0	0	0	-100.16	3186	49.59	49.40	49.03	49.79	-0.70
sz002007	-933	0	0	0	-1735.12	50507	27.59	27.42	27.25	27.60	-0.69
sz002464	1363	0	0	0	1391.58	24144	30.37	31.45	30.04	31.50	3.80
sz002865	-376	0	0	0	-306.04	10443	22.61	22.54	22.38	22.78	-1.10
sh600036	-69265	-2135	2787	0	13123.40	811039	32.10	32.32	32.10	32.75	1.99
sz002127	-16579	-3067	0	0	-373.66	84028	12.36	12.16	12.06	12.61	-2.01
sz002295	-1494	0	0	0	-54.41	7569	11.72	11.68	11.60	11.72	-0.26
sh603131	-2521	0	0	0	-479.35	18169	20.88	20.69	20.36	21.15	-2.17
sh601199	-1093	0	0	0	163.44	17083	5.55	5.59	5.55	5.60	0.36
sz000635	-1406	0	0	0	-309.02	27425	15.45	15.38	15.23	15.66	-0.77
sh603567	-267	0	0	0	-30.75	8093	14.13	14.22	14.13	14.29	0.21
sz300522	0	0	0	0	-25.75	7057	19.54	19.45	19.32	19.65	-0.36
sz000338	-73014	-18041	-23835	0	-5302.10	1023273	9.06	9.05	8.98	9.26	-0.33
sh603456	2250	-20	0	0	708.29	22364	15.84	15.90	15.70	16.35	0.38
sz002287	0	0	0	0	-44.94	4498	34.71	35.09	34.53	35.19	1.09
sh603128	-12307	-2535	0	0	-375.80	75025	8.40	8.36	8.34	8.46	-0.71
sz000625	-29071	-12415	-2477	0	-3020.89	168222	13.05	13.13	13.04	13.22	0.08
sz300338	-2933	-241	0	0	-388.40	29514	21.81	20.71	20.48	21.81	2.83
sz300409	-1726	0	0	0	-705.20	32893	49.40	50.78	49.40	51.46	3.46
sh603026	-945	0	0	0	119.78	12947	22.69	22.99	22.65	23.19	0.31
sh603938	0	0	0	0	-12.54	16292	35.10	35.61	35.10	36.29	0.31
sz002128	-5624	1366	1842	0	1467.56	189340	10.81	10.93	10.74	10.94	1.30
sh600597	4026	3651	-3362	0	2205.54	255085	15.32	15.71	15.32	15.83	3.15
sh600688	-112631	-37338	-7377	0	-1522.33	492774	6.85	6.81	6.75	6.86	-0.58
sz002653	-7605	-2172	-2172	0	-1320.12	23055	11.40	11.15	11.14	11.47	-2.53
sh600985	305	-466	0	0	15.57	112401	15.55	15.97	15.49	16.59	3.10
sz002048	-1773	0	0	0	-1780.46	32133	21.97	22.06	21.86	22.32	-0.18
sz300702	-238	0	0	0	-1.43	21167	43.70	44.02	43.41	44.49	0.09
sh603328	235	0	0	0	-536.40	30058	13.93	14.28	13.89	14.29	2.66
sh600785	0	0	0	0	24.28	5303	21.81	21.81	21.53	21.99	0.09
sh601238	-12121	-9440	-2259	0	-1108.74	52794	24.42	24.29	24.25	24.45	-0.25
sh601233	-1284	2389	-3003	0	-1565.34	275480	25.17	26.38	24.93	26.58	6.07
sz000151	-4833	0	0	0	-284.78	30153	12.79	12.64	12.53	12.87	-0.86
sz300385	0	0	0	0	13.31	6017	23.86	23.92	23.70	24.03	-0.13
sz002636	-2585	0	0	0	78.37	24882	15.00	15.05	15.00	15.20	0.13
sz300561	-766	0	0	0	-362.93	15078	36.00	35.95	35.70	37.06	0.42
sz300563	0	0	0	0	-290.80	2945	29.70	29.65	29.55	30.13	-1.20
sh600979	-2901	11	2646	0	14.05	28124	5.24	5.24	5.20	5.25	0.38
sh600971	-1083	4508	996	0	1579.69	185350	10.48	10.69	10.45	10.72	2.00
sz002416	-627	0	0	0	-143.56	25289	9.16	9.14	9.14	9.22	0.11
sz002897	-4442	-341	1200	0	-5526.93	72419	40.46	39.54	38.75	40.88	1.10
sz002562	-7953	0	0	0	-1726.45	56634	16.72	16.55	16.41	16.88	-1.14
sz000651	-57653	-12783	-22140	0	-11927.20	606531	51.70	52.26	51.60	53.09	0.42
sh600306	-2015	0	0	0	-91.72	18125	10.48	10.37	10.26	10.48	-0.29
sz300581	0	0	0	0	40.28	3401	28.88	29.30	28.88	29.58	0.51
sz000505	-707	0	0	0	-87.11	22753	8.39	8.49	8.39	8.53	0.71
sz002768	485	0	0	0	-11.89	5252	26.47	26.18	25.96	26.54	-0.98
sz002186	-172	0	0	0	-11.77	9231	18.31	18.37	18.24	18.41	0.33
sh601100	-890	0	0	0	372.49	61984	30.78	31.46	30.60	31.98	4.10
sh600368	-13040	-1848	3503	0	-79.60	50378	5.30	5.34	5.26	5.35	0.19
sz300626	0	0	0	0	0.00	904	27.81	27.70	27.27	27.81	-0.40
sh603976	-201	0	0	0	-290.73	19121	29.25	29.15	28.92	29.70	-1.82
sh600406	7090	9644	8290	0	2516.62	204008	16.66	17.11	16.56	17.13	2.15
sh600409	43407	61711	39561	0	10592.73	537145	9.59	10.09	9.55	10.11	5.21
sh603990	-400	0	0	0	53.41	2882	36.62	36.93	36.61	37.38	-0.08
sh603991	0	0	0	0	105.66	7016	28.50	28.83	28.25	28.86	1.84
sz000928	2814	3371	4427	0	55.86	234896	6.33	6.68	6.30	6.83	5.03
sh600089	-38019	-16309	-15062	0	-1243.14	235016	9.81	9.84	9.77	9.87	0.10
sh600085	-1308	-2016	-2016	0	4056.08	89377	33.69	34.12	33.60	34.26	0.80
sz000036	-33865	-16483	-8167	0	-918.46	194597	10.05	10.10	10.01	10.25	0.10
sh601919	-3922	6916	-4728	0	987.86	334829	6.66	6.75	6.58	6.79	0.90
sh603515	-781	0	0	0	2292.17	24572	44.25	46.73	43.85	46.80	6.23
sz300400	6229	-3897	-5067	0	1241.26	55007	13.70	14.19	13.53	14.31	3.96
sh603885	-5383	-1009	0	0	-322.82	34613	14.89	14.84	14.70	14.95	-0.80
sz300027	-54891	-29277	-16635	0	-4181.86	304216	9.30	9.26	9.23	9.44	-1.07
sh603569	0	0	0	0	-90.79	4409	24.28	24.24	23.86	24.40	-0.29
sh603568	-1736	0	0	0	-311.86	15266	22.60	22.25	22.21	22.70	-1.98
sz002779	-1213	0	0	0	-131.69	11977	20.62	20.00	20.00	20.62	-2.49
sh603699	2199	0	0	0	607.20	12370	19.88	19.91	19.68	20.05	0.66
sz002173	0	0	0	0	-10.46	5347	12.24	12.22	12.21	12.42	-0.16
sz002179	-4389	0	0	0	-1033.56	42626	37.17	36.48	36.36	37.30	-1.96
sz002191	-8673	1122	0	0	-433.22	43345	8.88	8.89	8.82	8.98	0.45
sz002590	1024	0	0	0	-7.46	25592	12.82	12.89	12.75	13.09	0.47
sh603968	-1542	0	0	0	397.86	30814	18.50	19.11	18.50	19.75	4.20
sh603985	1673	0	0	0	843.57	20791	39.39	39.97	39.06	40.76	1.47
sz000937	-17726	4424	11626	0	423.39	200678	6.02	6.07	5.96	6.08	1.00
sh600327	-5344	-2000	0	0	-378.95	17311	7.43	7.42	7.38	7.44	-0.13
sh600054	-2348	-1155	-2548	0	-138.30	18371	13.84	13.89	13.77	13.93	0.36
sh600185	-32975	-10640	-3406	0	153.62	239110	6.42	6.45	6.34	6.55	0.47
sz000733	-4546	0	0	0	-1006.42	31007	13.83	13.77	13.70	13.89	-0.51
sh600619	625	1174	0	0	-180.52	28401	11.27	11.23	11.14	11.30	0.09
sh600615	-843	0	0	0	-81.83	6944	12.87	12.85	12.72	12.99	-0.16
sz000780	-4842	-1128	0	0	23.38	28086	4.95	4.97	4.92	4.99	0.20
sz000848	-6416	0	0	0	-336.72	74056	10.29	10.27	10.17	10.43	-0.58
sz300727	-2619	4281	4281	0	-5095.90	131755	36.63	34.37	32.97	36.63	-6.17
sh600545	-3986	-3245	-2245	0	-42.74	52467	9.85	9.95	9.78	10.05	1.02
sz300039	-3290	0	0	0	240.86	35789	6.43	6.47	6.39	6.51	0.31
sz300721	-563	0	0	0	-696.79	25901	38.46	37.65	37.50	38.97	-2.66
sh600908	59601	58445	17606	0	1800.90	571471	8.26	8.64	8.22	8.69	4.60
sh600303	-2762	1000	0	0	-59.51	36450	9.08	9.11	9.01	9.12	0.44
sh603768	-443	0	0	0	78.22	12245	18.16	18.35	18.10	18.48	0.82
sz300488	0	0	0	0	-73.66	3296	32.37	32.17	32.08	32.63	-0.68
sh603223	0	0	0	0	-116.94	2760	22.44	22.41	22.22	22.56	-0.04
sh603738	-200	0	0	0	-52.21	2871	23.04	23.01	22.86	23.15	0.17
sh603659	-496	0	0	0	-1284.12	26243	48.82	47.90	47.60	49.28	-2.80
sh603660	-500	0	0	0	-233.46	7873	32.91	32.85	32.68	33.26	-0.18
sz000524	0	0	0	0	-47.75	6904	11.36	11.24	11.23	11.36	-0.79
sh600694	-606	-1086	0	0	530.93	43260	36.00	36.53	35.60	37.68	-0.54
sz002094	-2950	-1108	0	0	-584.19	41032	18.72	18.63	18.60	18.89	-0.90
sh603787	514	0	0	0	-129.89	18408	14.51	14.59	14.51	14.78	-0.41
sh603165	-411	0	0	0	-41.68	17535	55.79	55.70	55.10	56.06	1.18
sh603577	1564	2956	0	0	963.93	56271	13.54	14.91	13.35	14.91	10.04
sh600886	-8721	8415	17537	0	1354.33	205020	7.19	7.23	7.15	7.24	0.56
sz000039	2176	2796	2796	0	345.13	111135	21.48	21.91	21.40	21.91	1.95
sz000582	-7099	0	0	0	-868.32	47191	10.24	10.13	10.07	10.24	-1.07
sz300335	-1589	0	0	0	-801.46	31950	16.13	16.09	16.01	16.25	-0.98
sz300336	-6687	0	0	0	-753.73	52553	11.11	11.19	11.11	11.44	0.09
sh600618	1143	0	0	0	341.34	59729	11.42	11.70	11.40	11.72	1.92
sz300726	-5990	-1214	0	0	-2024.09	64760	30.31	30.09	29.80	30.79	-1.67
sh600997	12	5140	3000	0	348.28	97228	6.18	6.26	6.15	6.27	1.13
sz002820	0	0	0	0	18.65	3254	24.77	24.58	24.43	24.77	-0.32
sh600498	-8989	-3782	0	0	-2927.08	93305	28.25	27.77	27.66	28.54	-1.91
sz000791	-14239	-7461	-4931	0	-564.17	59802	7.80	7.76	7.70	7.83	-0.64
sh600723	-1763	0	0	0	-73.60	15927	8.48	8.47	8.41	8.51	-0.47
sz002223	-7405	-1083	0	0	-356.70	57208	21.23	20.88	20.86	21.34	-1.32
sh600176	20640	29304	25885	0	15864.50	584127	16.30	16.96	16.20	17.00	2.79
sh600521	-7191	0	0	0	1012.92	76636	27.88	27.75	27.33	28.22	0.00
sz000822	18026	13592	6850	0	3494.90	264216	9.03	9.50	8.98	9.57	4.86
sh601139	-8258	-2386	2466	0	-136.95	81592	7.77	7.83	7.76	7.89	0.51
sz300641	-506	0	0	0	40.78	12839	14.45	14.60	14.36	14.68	1.04
sh600600	-1921	2586	0	0	486.31	71229	42.97	43.08	42.30	43.65	-0.25
sz000065	1032	-1052	0	0	1144.60	50698	17.51	18.15	17.40	18.30	3.60
sh600020	-33425	-22591	-20408	0	-381.07	166222	5.18	5.17	5.11	5.18	-0.19
sh603010	-531	0	0	0	142.53	11849	24.50	25.42	24.50	25.55	2.42
sz000711	7447	1012	0	0	1143.84	56324	12.55	12.85	12.50	12.92	1.98
sz000728	-24238	-10186	-3450	0	-1182.79	248210	10.95	10.99	10.88	11.15	0.00
sz000729	-31438	-9750	-3772	0	1755.06	439688	8.00	8.21	7.88	8.32	2.11
sh601900	-1986	0	0	0	-219.44	11850	11.45	11.40	11.36	11.48	-0.61
sz300532	-851	0	0	0	-75.02	10122	24.00	24.12	23.58	24.18	-0.08
