sz000902	15536	17078	14107	7062	-463.40	36647	10.46	10.33	10.21	10.55	-1.71
sz000901	-733	-1140	-1640	-1140	-848.80	36991	24.18	23.91	23.88	24.18	-1.36
sz000906	-782	-1367	-922	0	30.75	17015	7.50	7.51	7.45	7.55	0.13
sh601628	-27376	-22252	-12149	-1295	1666.40	276254	29.70	30.25	29.55	30.30	2.02
sh600990	3278	2311	0	0	-570.14	12342	58.27	58.20	57.90	58.60	0.10
sh600993	-5998	-4638	-1431	-112	1156.60	68433	21.38	21.43	21.34	21.62	-0.23
sh600995	-3275	-2355	-600	0	-720.87	36166	9.40	9.31	9.29	9.41	-1.27
sh600997	-16348	-14006	-12648	-6646	-912.21	160129	6.55	6.62	6.50	6.63	0.46
sh600999	-7736	-6671	-3800	-7604	-3400.82	219849	18.55	18.22	18.16	18.64	-1.78
sh600998	-654	173	0	0	161.60	35321	19.08	19.09	18.93	19.12	0.47
sz000698	-9175	-7635	-2655	517	-772.67	81290	6.25	6.15	6.12	6.28	-1.13
sh600048	-20003	-21712	-27219	-31229	3818.40	1462556	15.45	15.70	15.44	15.96	0.51
sh600518	-15709	-20392	-23221	-16783	10673.38	241611	21.56	21.98	21.54	22.15	1.95
sh600515	-3139	-3290	-2766	0	81.71	24425	11.73	12.00	11.73	12.04	1.35
sh600516	-497	-1368	3044	-2695	22258.00	1392354	34.18	35.21	33.52	35.29	4.33
sh600511	1635	353	-1394	-1210	-117.84	28309	28.54	28.53	28.46	28.96	-1.07
sh600510	-2582	-1470	-1000	0	8.60	17855	6.96	7.01	6.96	7.03	0.29
sh600197	3712	1732	283	0	696.96	99144	24.50	25.25	24.47	25.38	3.06
sh600196	2672	-4118	-1471	-1317	12230.50	273491	42.85	44.32	42.82	44.36	3.07
sh601111	2917	3139	6929	4471	315.30	670516	12.43	12.45	12.18	12.73	-0.40
sh601116	805	23	-1471	0	-711.90	39263	21.53	21.31	21.19	21.65	-0.88
sh601117	-40806	-33965	-25403	-24942	-3588.34	394900	7.29	7.10	7.08	7.30	-2.61
sh600420	2820	3549	6210	3002	-1434.31	54144	12.58	12.55	12.52	12.63	-0.55
sh600422	7123	7032	4424	4601	135.49	62763	9.41	9.50	9.35	9.60	0.53
sh600600	-3087	-1111	-1319	0	-2691.90	107862	41.99	42.57	41.61	43.50	1.31
sh600606	-21807	-21015	-20042	-15787	5879.20	3186029	9.49	9.67	9.36	9.71	0.62
sz000987	10	699	0	0	-16.98	16543	10.21	10.19	10.13	10.22	-0.10
sz000877	-17579	-9692	-3765	-5895	-7570.80	402635	11.55	11.19	11.13	11.55	-3.12
sh601800	13924	10994	11929	9856	-560.50	106360	13.50	13.47	13.42	13.68	-0.37
sh601801	5178	5458	3489	1613	-346.90	28412	10.89	10.80	10.76	10.93	-0.83
sz000055	3233	-318	-1001	1785	-330.00	97151	6.40	6.39	6.39	6.53	1.11
sz000050	-5067	-6192	-2264	-3864	-393.63	211712	20.42	20.52	20.07	20.57	0.54
sz300137	19878	17813	8696	2970	-2542.71	132788	22.19	21.89	21.82	22.43	-0.55
sz300138	-706	-514	0	0	-270.53	19989	12.94	12.71	12.67	12.95	-0.63
sz000550	-41	-209	810	1428	-21.89	24728	16.83	16.67	16.63	16.83	-1.19
sz300004	7083	5306	1210	0	-698.73	23904	10.29	10.22	10.20	10.35	-1.16
sz300003	-23012	-14453	-3217	-2431	-696.82	101010	25.30	25.35	24.92	25.55	0.20
sz300009	-5282	-3642	-5559	2898	-3598.19	180513	26.60	26.80	26.26	27.60	-0.67
sh600335	-671	619	-2435	-5699	246.27	40967	11.60	11.46	11.44	11.60	-1.21
sz002042	-530	-377	1442	1316	-1659.80	70489	13.16	13.34	12.97	13.37	1.91
sz002643	-11372	-8109	-2150	0	-77.77	152922	10.82	11.20	10.59	11.22	2.75
sz002238	-2430	-1619	0	0	-580.59	27852	10.40	10.27	10.21	10.40	-2.10
sz002236	-4700	-3624	759	-1392	3410.14	240953	23.52	23.99	23.15	24.10	1.83
sz002237	-15843	-14639	-12291	-7955	-688.97	89878	10.83	10.75	10.71	10.89	-1.29
sz300316	-8230	-9595	-10848	-5984	-3479.97	161145	19.90	19.89	19.49	20.22	-0.45
sz300317	2460	929	-285	-1339	-1508.02	52622	15.35	15.24	15.13	15.48	-1.30
sz002646	-334	-351	500	0	286.67	29103	15.48	15.70	15.46	15.88	1.09
sz002645	-2553	-2063	0	0	688.23	42045	19.02	19.43	18.71	20.05	6.47
sz002233	-13743	-9036	-7226	-4686	-3398.17	217415	12.71	12.46	12.35	12.75	-1.97
sz002648	8580	7203	10767	5245	-1963.69	148569	18.99	18.97	18.46	19.49	-0.21
sz002757	210	210	0	0	621.54	8118	38.57	38.00	37.00	38.57	1.14
sz002756	323	687	0	0	-1867.03	28241	25.85	25.34	25.15	25.90	-2.87
sz002753	-1268	-1309	-152	0	-386.17	22735	21.56	21.54	21.30	21.77	-1.10
sh603508	-253	0	0	0	-169.82	4876	38.56	38.82	38.52	38.99	0.28
sh603507	-1020	-451	-507	0	-607.23	31982	40.60	40.35	40.26	41.17	-1.32
sz000756	-14288	-11548	-4063	-1734	880.91	108392	13.80	14.65	13.78	14.98	6.39
sz300269	-5196	-4520	-1933	-1143	114.39	34908	12.45	12.48	12.40	12.55	-0.56
sz300267	-8116	-8091	335	685	-631.53	103058	6.71	6.68	6.65	6.72	0.15
sz300265	-2883	-2573	-2419	0	15.88	8170	9.18	9.17	9.12	9.22	-0.43
sz300262	-11818	-10749	-7938	-1501	1353.51	87985	9.21	9.41	9.16	9.45	2.51
sz002356	6752	4725	1825	-1005	-1853.30	49329	31.00	30.36	29.98	31.48	-2.44
sz002686	-7049	-4057	-1847	0	-439.85	9921	12.41	12.37	12.28	12.41	0.00
sz002682	4028	3262	1251	1146	-245.97	24538	11.57	11.47	11.34	11.57	-0.78
sz300658	-161	0	0	0	319.26	7944	29.73	30.61	29.71	31.28	2.37
sz300655	-864	-276	0	0	-61.99	9159	28.48	28.22	28.10	28.65	-0.63
sz300654	-81	-118	0	0	-572.61	11045	30.24	29.73	29.60	30.74	-2.49
sz300653	0	0	0	0	132.15	4680	33.89	34.27	33.61	34.57	1.09
sz300652	-157	-200	0	0	181.07	7454	27.73	28.09	27.61	28.20	1.04
sz300651	-501	-279	-579	-1079	-47.28	3187	33.80	33.40	33.20	33.95	0.60
sz300650	211	455	0	0	-66.98	5367	37.55	37.82	37.40	38.14	-0.03
sh600850	623	-522	-515	0	-395.90	15959	19.60	19.30	19.20	19.61	-1.03
sh603238	-269	0	0	0	-646.04	10610	22.31	22.32	22.20	22.47	-0.67
sh600987	6612	5540	4681	3116	286.76	33440	11.76	11.72	11.62	11.84	-0.93
sz300499	-43	0	0	0	50.67	2669	21.31	20.83	20.75	21.31	-1.65
sz300498	-4378	341	5181	1279	106.30	186842	26.52	26.68	26.50	27.05	-1.00
sh600856	-20656	-20187	-16859	-18865	3793.72	217177	11.73	11.74	11.61	11.96	0.17
sz300495	488	-701	0	0	315.09	32436	15.21	15.56	15.21	15.68	0.58
sh600859	14295	10525	4256	1443	-628.50	60923	21.10	21.19	20.95	21.39	-0.56
sh603233	0	0	0	0	-121.73	8647	52.83	52.36	51.90	53.14	-1.00
sz002531	-129	-5153	-4018	-2220	359.97	124471	8.00	7.92	7.88	8.18	-1.49
sz002530	-1131	-523	-500	0	5.19	5598	23.48	23.27	23.22	23.57	-1.02
sz002533	-4069	-4088	-2368	0	-24.89	18770	6.84	6.85	6.80	6.87	0.00
sh603727	-1387	-803	0	0	-242.61	29534	24.21	24.31	24.12	24.85	0.29
sh603725	-2137	-1442	0	0	180.75	18909	19.13	19.56	19.02	19.67	1.98
sh603722	149	411	0	0	61.62	35660	38.15	39.27	38.15	39.47	2.08
sh603721	-667	-46	0	0	-122.09	7539	27.33	26.99	26.88	27.33	-0.99
sh603728	-1281	-654	0	0	-872.49	18871	22.90	22.69	22.52	23.08	-1.00
sh600298	5272	3000	2752	1477	107.62	76442	32.41	32.98	32.41	33.02	1.10
sh600299	991	743	1200	0	760.58	47048	11.29	11.56	11.15	11.71	3.12
sh600293	-137	-4085	-11210	-4837	-808.64	104823	8.53	8.38	8.36	8.55	-1.30
sh600291	-11177	-7217	-2554	0	2307.80	223210	24.40	24.81	24.30	25.08	1.81
sh600297	-2606	-1409	-3	-605	1336.07	153572	7.96	8.13	7.96	8.14	2.14
sh600295	-10370	-10430	-5580	-4268	-4776.40	200135	15.89	15.60	15.50	15.89	-2.01
sz000910	-14115	-2916	1932	1832	4133.76	71945	26.00	25.68	25.34	26.30	-1.15
sz000919	2663	1359	778	1438	-86.09	14803	8.98	9.00	8.97	9.02	0.11
sz002221	-33228	-26563	-20262	-13973	2623.93	340858	13.30	13.27	13.15	13.57	0.00
sz002220	-3594	-3421	-705	0	67.82	21324	7.33	7.34	7.26	7.38	-0.68
sh603659	659	1004	500	0	-1503.17	27690	54.80	54.41	53.90	55.37	-0.98
sh603658	175	0	0	0	-136.95	4670	51.35	50.86	50.50	51.82	-0.64
sh603656	-110	0	0	0	48.75	3952	30.78	30.55	30.43	30.97	-0.91
sh600079	4442	1210	4144	2378	-1372.84	108411	18.27	18.43	18.22	18.45	0.71
sh600076	-16056	-10291	-2692	1228	-2401.23	142471	7.36	7.34	7.22	7.40	-0.27
sh600075	278	-2585	-2840	-1923	1281.74	113557	8.12	8.30	8.12	8.35	1.47
sz000681	6729	6013	1385	0	-1038.20	44941	18.78	18.24	18.14	18.95	-2.77
sh600073	-7232	-4052	324	-1707	-112.78	58315	8.37	8.36	8.32	8.43	-0.48
sz002829	-114	0	0	0	-139.02	10134	27.41	27.15	26.90	27.59	-1.27
sz002828	-1210	-1607	-1123	0	-513.80	30263	25.20	25.25	24.85	25.78	-0.28
sz002820	-44	0	0	0	-80.69	5937	25.69	25.87	25.55	25.94	0.70
sz002825	-544	-224	0	0	-179.85	8830	25.75	25.38	25.36	25.98	-1.40
sh601107	373	-2600	-3952	-8348	45.12	42194	4.24	4.22	4.21	4.24	-0.47
sh601101	-33841	-27419	-18863	-4851	-1976.36	155268	8.69	8.71	8.57	8.73	0.00
sh600459	6775	6787	3839	2490	-175.23	35934	22.70	22.71	22.46	22.82	-0.44
sh603683	-2813	-763	0	0	311.69	33225	20.35	20.50	20.31	20.83	0.34
sh601108	-11247	-6842	-2432	2730	-4913.21	248756	18.26	18.05	17.97	18.38	-1.85
sh600452	1180	588	0	0	37.48	9209	34.65	34.81	34.60	34.90	0.64
sh600674	-3153	-2092	-4281	-2789	-6185.69	564025	10.25	10.13	10.06	10.38	-4.25
sh600676	-92	29	-1773	-2258	109.07	32819	6.70	6.68	6.67	6.72	-0.45
sh603378	-4314	-2676	-517	0	-1036.64	40077	23.50	23.14	23.06	23.50	-1.74
sz000869	-1372	-2037	-942	0	-161.97	53369	39.87	40.55	39.67	40.90	1.60
sz000860	-1080	-1277	816	1000	1044.84	68892	19.40	19.57	19.36	19.78	0.82
sh601811	-1429	-1104	0	0	-103.34	12890	13.35	13.18	13.08	13.35	-0.98
sz000046	182	455	1129	566	-727.30	58765	8.06	7.94	7.90	8.14	-1.73
sz300127	-5219	-3612	-1039	0	1866.83	109999	17.51	18.20	17.33	18.76	3.94
sz300121	6474	4765	2456	0	-281.06	12406	13.88	13.58	13.58	13.92	-1.88
sz300129	-13331	-11332	-6171	-7451	-1088.08	51254	7.16	7.14	7.10	7.16	-0.28
sh600708	-13764	-9216	-3001	-1211	4295.11	240680	7.56	7.71	7.48	7.78	1.98
sh600703	-4124	-1874	-2438	-1017	13256.35	327376	25.32	25.70	24.96	25.75	2.55
sh600704	-21271	-20555	-18314	-9599	527.43	119304	7.14	7.15	7.11	7.25	-0.28
sh600705	8436	983	-836	-6455	823.62	220684	5.70	5.70	5.67	5.72	-0.18
sh600706	1296	955	0	0	-1.99	5043	19.22	19.14	19.08	19.27	-0.57
sh600763	5067	4034	1232	759	152.64	33455	34.29	34.34	34.03	34.78	-0.35
sz300015	-6805	-3739	-807	1646	3184.50	111497	33.62	33.40	33.03	34.21	-0.68
sz300014	3618	-265	-787	1688	-4140.81	140005	19.90	19.64	19.60	20.04	-1.01
sz300017	-13304	-9593	-1971	4866	-4861.90	777177	11.11	11.01	10.96	11.36	-2.74
sz300307	-2513	-2003	-1834	0	-84.61	47255	8.23	8.29	8.18	8.40	0.73
sh603099	2451	1252	0	0	-29.73	9142	12.32	12.23	12.16	12.40	-0.65
sh603536	-497	0	0	0	-383.58	7630	19.85	19.82	19.60	19.94	-0.45
sh603535	559	487	0	0	45.35	16940	25.90	26.23	25.73	26.38	0.88
sh603538	331	-200	0	0	67.37	8161	26.77	27.28	26.41	27.56	1.60
sz300271	10012	8815	4717	1000	-2239.05	47389	15.39	15.23	15.17	15.48	-0.78
sz300274	-5689	-4369	-1446	-6649	-4919.59	204831	17.47	17.24	17.11	17.55	-1.88
sz300569	-2841	-2287	-265	0	-79.04	11551	23.09	22.72	22.70	23.15	-1.60
sz002320	-2873	-936	-2288	-1500	-513.68	22339	21.17	21.41	21.16	21.60	0.61
sz002322	-182	-610	1000	1000	-416.16	17272	19.12	19.08	18.95	19.13	-0.26
sz002323	3006	-496	273	-2379	-2059.69	119527	6.98	6.85	6.82	7.00	-2.28
sh603398	1456	1331	0	0	-70.75	32054	16.58	16.92	16.45	18.17	2.42
sh603396	-587	0	0	0	153.95	18904	41.45	42.73	41.30	42.82	2.08
sh603393	-356	-663	0	0	-5.67	22209	36.90	37.42	36.76	37.67	1.03
sz300662	-834	-256	0	0	519.93	8011	24.40	24.25	24.13	24.43	0.08
sz300660	-101	0	0	0	-157.11	2950	67.15	67.11	66.86	67.50	-0.04
sz300665	-895	-308	0	0	53.77	8881	27.71	27.86	27.51	27.94	0.76
sh600843	-240	470	0	0	-130.08	12371	10.79	10.77	10.74	10.88	-0.28
sz300463	-3335	-3324	-2037	0	2015.87	28330	22.87	22.74	22.65	22.87	-0.83
sh603711	-4256	-5478	-1981	0	8717.82	133869	26.16	28.72	25.86	28.72	10.00
sh603716	-2346	-2649	-1993	-1993	-107.96	3086	51.30	50.44	50.22	51.59	-1.10
sh603717	1006	427	-1440	-319	-525.59	27707	29.00	28.74	28.33	29.13	-0.07
sz002036	-6163	-6518	-3414	-1276	-3160.20	93695	16.23	15.91	15.60	16.23	-1.49
sz002789	-128	0	0	0	-476.13	6096	40.66	40.36	40.05	40.84	-0.44
sz002038	1123	592	-215	-105	-1152.08	125535	30.92	32.06	30.00	32.09	3.02
sh603083	-433	-740	0	0	1543.53	60722	44.90	47.15	44.30	48.00	4.59
sh603081	10536	6159	1317	0	887.85	16183	27.96	27.82	27.51	28.28	-0.50
sh603086	-484	0	0	0	-39.97	5488	37.60	37.64	37.50	37.89	-0.82
sz002783	-1810	-1403	-500	0	13.55	8462	18.71	18.65	18.55	18.80	-0.32
sz300568	2085	1275	0	0	-1081.63	21559	27.50	27.34	27.17	27.70	-2.25
sh600285	745	765	547	1489	-77.16	35553	9.64	9.69	9.60	9.74	0.73
sh600284	-1154	-2723	-6581	-1161	-2.42	29691	9.73	9.64	9.62	9.77	-1.13
sh600280	12292	11725	11275	2613	-766.27	79414	8.19	8.10	8.00	8.21	-0.98
sh600282	18086	11074	8258	6243	-4715.92	684944	5.15	5.09	5.06	5.19	-1.17
sz002504	23069	18591	8884	2843	-1005.90	191105	5.18	5.12	5.09	5.25	-1.92
sh600885	2026	436	0	0	-86.27	20735	45.05	44.82	44.50	45.96	-0.53
sh603882	-354	-478	0	0	-233.87	69979	32.75	33.96	32.71	35.11	4.85
sh603883	521	481	0	0	-219.96	4698	65.90	66.17	64.90	66.26	0.29
sh603880	504	0	0	0	645.01	36585	25.00	26.47	24.86	26.49	5.84
sh603203	-106	0	0	0	-135.68	2971	39.90	39.50	39.30	39.98	-0.85
sh603887	-1859	-1586	-1336	-1336	6.32	3969	26.07	25.92	25.82	26.07	-0.19
sh603669	-325	-325	0	0	-58.26	16777	19.23	19.96	19.06	20.59	3.80
sh603667	682	716	0	0	-121.37	3237	21.92	21.78	21.76	22.15	-0.59
sh603888	176	653	18	0	-483.68	12168	23.70	23.59	23.50	23.87	-0.51
sz002258	23359	14303	12191	6715	2076.19	117106	17.90	18.11	17.89	19.07	0.06
sh603663	0	0	0	0	-80.31	5626	20.45	20.48	20.33	20.69	0.05
sh603660	1656	849	507	0	-589.34	20956	34.85	34.26	34.15	34.92	-1.92
sh603977	-182	-248	0	0	-213.24	10401	13.89	13.68	13.61	13.89	-1.51
sh600060	2495	-253	212	2126	-469.55	114829	15.79	15.92	15.65	16.06	0.89
sz000672	9221	5620	16049	22183	-490.10	650130	12.91	12.79	12.61	12.96	-3.03
sh600062	13740	11081	4854	4332	4593.79	141224	24.35	25.44	24.30	25.58	4.09
sh600064	-2604	-97	-1027	-1027	265.33	42995	14.65	14.61	14.55	14.76	-0.20
sh600067	-34879	-38278	-31843	-25859	218.40	170883	6.85	6.83	6.75	6.93	-0.44
sh600068	-26143	-21314	-21287	-19689	-9537.77	529435	8.86	8.75	8.74	8.91	-0.91
sh603869	-940	-964	-523	0	-241.52	7258	21.78	21.48	21.43	21.78	-1.42
sz002818	-438	-603	-734	0	-230.17	11294	31.30	30.91	30.78	31.30	-0.71
sh603860	-1936	-221	0	0	-97.72	11160	37.07	36.73	36.53	37.19	-0.92
sh603861	891	270	0	0	-162.11	11101	17.60	17.36	17.32	17.60	-1.42
sz002815	-424	0	0	0	-363.68	6471	30.91	30.87	30.57	30.97	0.32
sh603866	46	-204	0	0	-302.70	15613	41.70	42.39	41.29	42.50	2.64
sz002811	-1250	-845	0	0	-31.36	6887	19.59	19.65	19.53	19.68	0.46
sz300689	-1183	-715	0	0	254.09	9623	42.32	42.90	42.10	42.97	1.23
sh600449	-19920	-19995	-12445	-7989	-2226.69	132479	12.40	12.25	12.21	12.48	-1.69
sz300681	-1444	-965	0	0	222.28	6818	51.54	52.13	51.23	52.26	1.74
sz300683	65	-206	0	0	-464.99	12335	55.95	55.82	55.50	56.68	-0.43
sz300687	-476	-220	0	0	114.52	4478	47.19	47.31	46.85	47.45	0.25
sz000415	-2586	-4176	-3224	-1430	-1296.56	136448	6.00	5.99	5.94	6.02	-0.17
sz000417	1143	39	-4465	-8448	-730.02	52321	8.10	8.06	8.02	8.10	-0.62
sz000411	1122	483	0	0	-1123.31	25489	20.19	20.48	20.16	20.48	1.39
sz000413	-10422	-12228	-12482	-11845	-10306.00	536708	9.53	9.41	9.37	9.54	-1.36
sz000418	-328	-664	0	0	-2042.10	66876	65.70	72.00	65.42	72.44	9.34
sz000786	-1412	-3183	-5009	-1328	-4726.47	277745	25.60	25.36	24.89	25.61	-0.98
sh600663	-1248	-1252	0	0	-869.62	37895	20.56	20.31	20.23	20.84	-1.41
sh600661	55	287	-900	0	194.91	15303	24.97	25.02	24.70	25.57	0.97
sh600660	-5121	-6570	-3285	-1485	-4678.46	98384	29.80	29.64	29.50	29.88	-0.50
sz000789	-67115	-59608	-49283	-44097	-4197.70	963168	14.17	14.34	13.89	14.73	0.42
sh600668	-13065	-10360	-1825	0	-707.59	48675	16.67	16.49	16.39	16.67	-1.20
sh601398	5100	2100	-6521	-15673	3995.50	1671857	6.07	6.09	6.04	6.11	0.33
sz000895	-320	2389	4767	3601	-4384.51	165736	27.63	27.33	27.04	27.69	-0.98
sz000898	-34890	-32854	-32384	-30738	-2461.45	472372	6.75	6.64	6.59	6.82	-1.48
sh601390	3703	4641	-1537	-10291	-2062.36	286795	8.59	8.55	8.52	8.61	-0.70
sz000070	-1363	424	-1018	0	-146.79	26215	9.46	9.43	9.38	9.47	-0.32
sh601009	43389	28660	18332	15505	14448.30	810084	7.88	8.07	7.88	8.08	2.28
sh601006	77276	71552	56138	39851	3798.20	1172334	9.76	9.86	9.71	9.95	0.92
sh601007	3101	1461	1213	0	-167.03	11251	10.96	10.85	10.79	10.97	-1.00
sh601001	-21391	-17462	-8221	-2548	-1667.22	184280	6.64	6.68	6.58	6.72	-0.15
sz000528	-33526	-26622	-15147	-8274	-1748.81	159230	8.88	8.74	8.68	8.88	-1.80
sz000524	791	614	500	0	94.48	11274	11.43	11.58	11.43	11.66	1.31
sz000525	13910	12902	10079	2905	-675.24	58204	22.83	22.50	22.31	22.98	-2.17
sz000090	-4372	-3091	-1998	-4670	60.18	113488	10.78	10.85	10.68	11.02	0.37
sh600711	-3166	2472	6079	9238	7028.60	905676	9.12	9.37	9.10	9.66	2.29
sh600710	-2283	-1731	-414	0	11.55	28813	6.75	6.75	6.75	6.80	0.00
sh600717	-1239	-2872	-8295	-7686	-522.09	79954	10.72	10.67	10.65	10.85	-0.65
sz000096	-108	-338	0	0	6.90	7963	13.52	13.53	13.35	13.68	-0.22
sz300068	-2684	-3659	-3951	-2438	-558.97	34341	16.10	16.06	15.88	16.25	-0.06
sz300065	5316	4376	6358	4017	-445.39	25038	17.51	17.40	17.31	17.62	-1.19
sh603856	-8084	-2914	-1194	0	-612.08	67155	20.61	20.58	20.36	20.96	-0.15
sz002567	2836	6360	3999	6827	-852.75	108475	8.16	8.07	7.98	8.16	-0.86
sh603527	-1975	-2423	-591	0	59.56	36573	28.88	29.12	28.51	29.48	0.24
sz300204	-3534	-3039	-1700	0	104.74	25591	13.78	14.05	13.71	14.06	2.11
sz300207	1015	-368	180	-1197	-1132.16	73852	10.22	10.21	10.09	10.45	-0.87
sz300203	2944	1479	-140	0	-576.00	49261	36.11	35.65	35.55	36.25	-0.56
sz300208	-5422	-2507	-1744	-1244	-636.60	38887	12.06	12.08	11.97	12.23	0.17
sz300209	-1390	-912	84	0	-303.34	35635	18.41	18.33	18.22	18.68	-2.55
sz002705	473	-222	0	0	20.56	15513	12.88	12.80	12.72	12.95	-1.16
sh603416	402	0	0	0	19.98	4764	32.09	32.28	31.84	32.38	0.65
sz300518	-109	0	0	0	-138.65	1905	50.80	50.60	50.48	51.18	-0.37
sz300519	-662	-409	0	0	17.48	22446	19.82	20.52	19.82	20.97	2.86
sh600167	-1097	-672	-602	0	205.57	25616	23.86	24.41	23.86	24.85	2.13
sz002563	-1853	-2739	-875	-792	436.15	80968	8.19	8.17	8.12	8.45	-0.37
sz300510	-1064	-551	0	0	-97.81	6715	26.54	26.50	26.50	26.80	-0.90
sh603005	-14676	-13755	-11171	-1993	-895.94	32447	32.47	32.31	32.00	32.65	-0.86
sz300514	-717	-285	0	0	-141.38	8559	27.75	27.89	27.60	28.09	0.50
sz300516	0	0	0	0	-9.42	3255	45.29	45.52	44.98	45.70	0.93
sz300517	714	965	965	0	-13.45	3781	19.51	19.55	19.45	19.62	0.26
sz300512	-204	-257	0	0	-64.35	6258	17.72	17.78	17.72	17.96	-0.28
sh603380	-534	0	0	0	503.33	18459	20.25	20.57	20.06	20.61	1.58
sh603383	-176	309	0	0	70.58	4830	43.34	43.64	43.03	43.67	0.30
sh603385	4705	2639	-1126	-1126	67.58	15186	22.38	22.36	22.33	22.72	-0.45
sh603387	-289	0	0	0	-86.88	7770	58.70	59.04	58.30	59.80	0.53
sh603386	1325	995	46	0	607.24	83202	16.60	17.10	16.21	17.31	1.73
sh603388	-292	-294	0	0	-22.95	6921	17.75	17.58	17.55	17.94	-1.01
sz300677	5552	4737	2405	0	75.17	18046	59.01	59.03	58.62	59.55	-0.62
sz300670	-556	-429	0	0	90.37	12925	21.98	22.31	21.87	22.39	1.64
sz300673	0	0	0	0	60.36	3350	44.60	43.69	43.60	44.73	-2.04
sh600161	-1458	-1876	-438	0	1001.74	65783	29.40	30.06	29.24	30.15	2.11
sz300473	0	0	0	0	120.22	4309	39.25	39.56	39.03	39.60	0.79
sh600874	-75266	-61073	-45424	-27410	-12399.00	403063	15.03	14.65	14.56	15.28	-1.81
sz300470	445	407	0	0	901.98	8312	41.45	41.19	40.83	41.54	-0.63
sz300477	860	206	0	0	-1300.24	29892	22.92	22.49	22.24	23.25	-2.43
sz300476	9717	10051	6639	3349	-48.09	43114	24.80	25.45	24.65	25.56	2.62
sz300475	-1250	-603	-1	0	26.70	7057	14.27	14.34	14.27	14.40	-0.42
sh603707	-2221	-2764	-3822	-2154	1450.02	52108	27.97	29.05	27.80	29.20	3.75
sz300478	2644	2333	580	0	-7468.02	48454	45.84	42.79	41.72	46.18	-6.84
sh603701	-632	-647	0	0	-7.12	5226	19.09	19.01	18.85	19.12	-0.05
sz002791	-390	345	0	0	47.73	9294	19.07	19.08	18.91	19.14	0.05
sz002790	0	0	0	0	9.69	2359	26.69	26.80	26.69	26.93	-0.07
sz002793	-148	-2261	555	1246	-314.75	30732	17.92	17.70	17.57	17.98	-2.43
sz002792	-322	-609	0	0	-544.69	27098	35.25	35.67	34.75	35.72	0.88
sz002027	-57813	-52852	-43916	-29526	-7880.10	623736	13.52	13.44	13.12	13.52	-0.52
sz002026	7902	5003	1538	1000	-511.26	48330	8.25	8.17	8.15	8.25	-0.73
sz002025	-4502	-648	-1749	-4731	-794.24	35738	23.82	23.47	23.32	23.92	-1.01
sz002796	-1680	-961	-608	-1147	-873.56	17116	32.19	31.48	31.28	32.69	-2.90
sz002798	-120	0	0	0	458.15	5214	51.74	52.55	51.74	52.93	1.57
sz002029	3063	2502	1476	2564	-368.26	25953	8.45	8.42	8.41	8.49	-0.82
sz002028	299	357	-587	0	-642.11	25011	16.40	16.25	16.23	16.49	-0.85
sh603090	715	753	0	0	-229.11	10116	20.12	20.04	19.83	20.12	0.65
sh600271	3005	4814	5226	2540	422.92	162611	21.30	21.60	21.18	21.65	1.12
sh600278	-1537	185	211	1246	-68.50	31092	12.32	12.23	12.20	12.38	-1.45
sz002247	-610	228	-1082	2265	-459.72	24365	12.87	12.85	12.70	12.95	-0.62
sz002245	1703	5206	5807	-807	-231.31	201432	10.28	10.45	10.13	10.47	1.75
sz002244	-43093	-35974	-23079	-19069	803.87	449411	8.30	8.33	8.17	8.52	0.60
sh603890	-3840	-2054	-1879	-1716	-1297.85	74691	41.48	41.05	40.42	41.77	-1.82
sh603679	-313	-89	0	0	355.25	16866	25.34	26.15	25.00	26.68	3.61
sz000662	-553	-1549	0	0	-425.36	11480	14.95	14.86	14.79	14.97	-0.54
sh600016	559	4724	4983	7237	-2776.90	670078	8.71	8.68	8.66	8.78	-0.46
sz000666	-3945	-3709	-868	1000	111.82	36948	19.79	19.76	19.52	19.85	0.00
sz000665	3328	2496	1297	0	-142.25	14989	10.18	10.13	10.12	10.18	-0.59
sz000669	-9515	-6760	-2938	-1793	999.18	45050	14.23	14.34	14.13	14.48	0.91
sh600018	-28098	-27965	-17597	-11159	-5843.75	419593	7.13	7.06	7.01	7.15	-1.67
sz002801	772	798	0	0	3.47	3867	35.99	35.97	35.68	36.25	-0.91
sz002800	184	0	0	0	-269.23	5013	30.81	30.66	30.66	31.15	-0.97
sz002803	-315	0	0	0	-264.73	2503	43.96	43.51	43.50	44.33	-2.00
sz002802	-412	-634	0	0	17.32	9606	29.18	28.75	28.50	29.24	-1.47
sz002805	-87	0	0	0	62.27	8697	29.88	29.67	29.61	30.48	0.24
sh600381	-4688	-2925	-1385	0	-191.99	29696	10.50	10.59	10.49	10.76	0.38
sz002807	-2656	-3095	-3737	-2336	-494.44	121973	8.27	8.28	8.24	8.40	0.00
sh600383	-32380	-32841	-25400	-15531	8471.40	798328	15.31	15.83	15.30	15.95	2.39
sz002809	12180	6630	2152	896	-860.33	25556	33.33	33.06	33.00	33.90	-1.90
sh600388	56270	48437	20348	13399	-4262.58	137700	16.70	16.72	16.49	16.75	0.54
sh600389	-1682	-1785	-1143	-1011	-643.11	31117	19.00	18.77	18.70	19.13	-1.88
sz300698	-1193	-1252	-797	0	268.60	27765	24.29	24.56	24.21	24.76	1.19
sh600477	-7176	-6225	-3100	-7924	-1782.68	137690	11.15	10.96	10.89	11.17	-1.97
sh600475	-347	-478	0	0	-139.01	36524	14.69	14.77	14.68	15.00	1.79
sz300693	-410	0	0	0	-109.63	17992	35.41	35.68	35.21	36.41	0.03
sz300690	-223	0	0	0	203.06	6479	56.96	57.54	56.66	57.62	0.97
sz300697	-5905	-4330	-2814	-2777	-181.82	84597	24.80	25.42	24.28	25.96	1.68
sh600658	466	57	-3245	-2745	-183.73	22725	11.10	11.14	11.03	11.20	0.00
sz000402	-466	-4034	-6954	521	-7337.26	347088	11.79	11.71	11.66	12.00	-1.18
sz000400	-10793	1461	4407	-899	-2459.70	78729	13.41	13.29	13.29	13.46	-0.75
sh600120	-1102	-639	0	0	-80.80	20992	24.69	24.76	24.59	24.79	0.16
sh600121	-22679	-22021	-13337	-5592	-169.03	59234	6.46	6.43	6.40	6.47	-1.08
sh600122	-4364	1723	7320	10441	-409.71	153046	9.55	9.49	9.39	9.60	-1.45
sh600125	-25809	-21215	-15288	-6708	-3218.50	542645	11.44	11.41	11.39	11.80	-1.38
sh600126	-979	2119	3099	1215	-308.43	45564	7.03	7.04	6.98	7.09	-0.28
sh600655	21984	16524	-2533	-2558	5188.94	170581	11.33	11.58	11.31	11.66	1.76
sh600498	15272	12994	5252	437	-1064.32	124704	29.26	29.58	28.99	29.62	0.99
sz000796	-3085	-771	487	0	-914.60	46809	14.11	14.02	13.99	14.28	-1.06
sz000791	-15812	-11450	-13028	-12327	-752.48	83021	8.05	8.04	7.99	8.09	-0.74
sh600491	-451	-1537	-3543	-4929	-437.65	52948	9.60	9.67	9.60	9.76	0.00
sz000798	2055	1132	507	0	-140.83	12570	8.61	8.58	8.50	8.61	-0.23
sz000883	4427	4488	3041	-1491	-197.94	82470	4.80	4.78	4.76	4.82	-0.42
sz000881	-3723	-1877	-1980	-1165	265.85	42336	13.28	13.40	13.13	13.41	-0.15
sz000887	21761	19147	10818	2345	954.86	57325	18.36	18.54	18.24	18.69	1.20
sz000888	2332	555	-533	-179	-357.45	32802	11.12	10.92	10.90	11.12	-1.89
sz000060	-17157	-15450	-12029	-8136	3091.30	470090	11.71	11.57	11.51	11.76	0.17
sh601019	-20594	-16254	-8776	-3321	-904.56	117818	12.68	12.69	12.65	12.77	-0.08
sz000062	2413	2073	-982	-1089	27.95	12635	23.83	23.79	23.73	24.00	-0.13
sz000069	-18354	-19435	-4763	-3404	2405.59	581285	9.53	9.50	9.36	9.79	0.11
sz000531	-3111	-3311	-3614	-2920	-78.74	14744	8.09	8.07	8.06	8.14	-0.25
sh601636	-5386	-10964	-15489	-17240	930.37	812019	7.56	7.45	7.30	7.74	-1.19
sz000089	-3228	315	1807	1255	554.68	111630	8.81	8.79	8.70	8.88	-0.57
sh601633	29037	25008	15299	8001	-4571.54	163955	12.79	12.80	12.61	12.90	0.00
sh600729	787	276	771	0	41.86	21681	25.10	25.28	25.02	25.32	0.32
sh600727	1501	-2429	-1866	3966	-1091.40	107937	8.85	8.82	8.64	8.93	-1.23
sh600723	-952	-89	349	0	-137.66	13229	8.42	8.37	8.35	8.42	-0.83
sh600720	-8248	-5505	-2096	5881	-2450.34	409937	11.78	11.66	11.51	11.78	-0.60
sz300073	-839	-1381	-1417	-1251	-3420.27	72069	25.70	25.06	24.92	25.93	-1.96
sz300070	-14100	-8931	-16577	-20139	-2958.20	149881	17.71	17.51	17.45	17.71	-1.07
sz000333	-14766	-15660	-6237	-3203	35005.50	448054	57.80	59.48	57.24	59.95	3.16
sh600872	10254	5973	779	-1833	-336.91	42193	25.84	26.28	25.63	26.60	1.35
sh600873	6879	10019	17825	1946	-334.84	118442	5.49	5.46	5.43	5.53	-0.91
sh601137	5498	4294	1077	-1010	-59.57	64153	12.05	12.12	12.01	12.49	2.19
sz002412	-5063	-4128	-2245	-2595	-10.86	5130	16.59	16.69	16.39	16.69	0.60
sz002410	3081	2637	2228	255	-909.16	47970	20.80	20.47	20.42	20.89	-1.49
sz002140	5650	4086	940	1112	699.88	48090	11.23	11.38	11.07	11.38	1.34
sz002022	-798	-344	121	2827	59.86	42334	13.95	14.03	13.91	14.15	0.57
sz002795	841	867	0	0	331.25	29198	15.80	16.20	15.63	16.61	2.99
sh603098	1392	1194	-759	0	-2.41	10116	18.05	18.01	17.93	18.20	0.45
sh603879	164	1655	1354	0	-251.23	17749	20.42	20.25	19.82	20.62	-1.36
sh603096	336	0	0	0	-648.82	8716	61.30	61.54	60.85	62.09	-0.11
sz300212	4899	2042	1343	1022	-363.72	32127	27.97	27.72	27.68	28.28	-1.49
sz300219	361	523	201	0	196.54	24725	11.85	11.85	11.73	11.95	0.00
sz002385	25420	25979	21307	21027	-2562.62	332708	6.54	6.57	6.48	6.68	-0.45
sz002493	-40291	-34602	-22728	-10710	-254.59	241557	16.19	15.90	15.74	16.65	-1.91
sz002491	-7068	-5794	-5728	-4270	-626.88	46402	12.77	12.68	12.58	12.90	-1.48
sh603466	-1781	-684	0	0	813.85	20982	51.39	52.34	51.00	53.22	1.34
sz002499	-2304	-1488	0	0	-360.75	5778	20.02	19.80	19.79	20.05	-1.00
sz300509	-698	67	0	0	117.04	14633	25.89	26.60	25.76	26.67	3.02
sz002301	-712	-967	0	0	70.15	16767	17.75	17.62	17.50	17.77	-0.40
sz002657	-36	-277	-1674	-2532	-1364.46	64936	24.17	23.93	23.80	24.28	-2.05
sz300503	-6481	-4512	-501	0	102.54	9039	12.90	12.90	12.81	12.95	0.31
sz300502	942	-200	-1404	0	39.17	43490	25.40	25.96	25.13	26.10	1.80
sz300507	-175	0	0	0	-284.03	6022	27.08	26.74	26.60	27.08	-1.33
sz300506	1544	736	-180	0	-459.08	16641	23.07	22.57	22.56	23.20	-2.17
sz300505	-106	-493	0	0	-336.54	9114	31.00	30.81	30.64	31.05	-0.68
sh600867	990	3122	3326	2037	3814.41	154230	23.52	24.49	23.30	24.50	3.46
sz300446	-1005	-1814	-531	0	-42.25	5230	22.51	22.44	22.38	22.67	-0.36
sz300447	-60	-429	0	0	-186.06	8468	19.00	19.17	18.98	19.20	0.52
sh603260	-3265	-879	74	74	-8674.72	117379	60.97	61.16	60.50	62.25	-1.07
sz300445	303	164	0	0	-89.56	6497	15.80	15.75	15.68	15.95	-0.32
sh603266	-380	0	0	0	-30.19	5959	25.98	26.10	25.85	26.32	0.15
sz300443	-131	219	0	0	28.11	7395	16.42	16.44	16.38	16.52	0.24
sh603268	2533	1575	0	0	-42.92	3946	27.60	27.92	27.41	28.40	0.76
sh603269	1884	992	1100	0	171.86	14596	25.30	25.43	24.99	25.49	0.83
sh603060	329	287	0	0	3.13	6877	22.00	22.13	21.95	22.19	0.23
sz002014	-3258	-1610	0	0	96.30	14643	11.79	11.80	11.69	11.83	-0.25
sh603063	-367	-229	0	0	236.60	46090	17.75	18.48	17.75	18.54	3.41
sh603066	-4768	-3804	-3798	-2297	-63.44	17298	13.18	13.13	13.04	13.33	-0.38
sh603067	1285	783	0	0	-59.63	8731	13.07	13.05	13.00	13.19	-0.61
sz002019	-15145	-15051	-7335	-6619	981.06	267215	21.81	22.47	21.56	22.73	2.88
sh603288	-1652	-827	-756	0	2776.08	34455	53.88	55.78	53.80	55.87	3.39
sh603289	-10235	-5696	-3731	-1030	528.80	65506	18.57	18.83	18.48	19.20	1.07
sh600261	458	-604	496	2842	75.42	45335	5.59	5.61	5.55	5.63	0.00
sh600260	9670	4635	1555	1059	-246.11	29737	29.93	29.95	29.84	30.24	0.10
sh600266	6953	1915	-1593	1054	140.23	170514	13.90	13.92	13.69	14.11	0.14
sh600269	14160	11913	5222	9662	-910.38	89927	5.22	5.21	5.19	5.24	-0.19
sh603283	-142	0	0	0	585.48	2272	25.76	25.76	25.76	25.76	9.99
sh603286	25	0	0	0	-94.58	5087	38.35	38.19	38.01	38.50	-0.62
sz002273	8614	8238	5777	-3513	1903.38	90103	23.35	23.88	23.29	23.88	2.27
sz002271	260	-124	-2532	-1624	2260.87	40446	42.27	42.91	42.14	43.15	1.20
sz002277	-11871	-8246	-9788	-6275	137.54	58984	5.90	5.92	5.90	5.93	0.17
sz002275	-286	-499	-1462	-1462	4.92	9940	16.49	16.45	16.38	16.49	-0.24
sh603605	-4007	-2553	0	0	496.53	97031	28.57	29.60	28.35	29.88	3.61
sh603607	-863	-45	0	0	-2817.53	57772	40.23	43.50	39.85	43.85	7.81
sz002472	-1216	-1073	-1568	0	65.99	22009	9.82	9.83	9.80	9.88	0.10
sh603608	3206	1754	1000	0	88.96	17805	11.26	11.30	11.20	11.33	0.18
sh603609	5972	5105	7519	3700	-149.39	22642	9.24	9.10	9.05	9.24	-0.33
sz002477	91501	87366	71418	55515	-6446.69	711090	4.70	4.67	4.62	4.82	-0.64
sh600007	-4695	-1324	-100	0	484.51	41547	17.28	17.93	16.96	18.00	3.82
sz000657	-145	784	694	1200	288.13	40373	12.67	12.81	12.63	12.84	0.63
sh600004	-7312	-7755	-3097	5827	3138.94	211860	14.46	15.02	14.37	15.03	3.59
sz000650	32225	31365	29669	27312	-385.33	60344	5.39	5.40	5.37	5.46	-0.18
sh600000	-15408	-19565	-20276	-15824	1357.29	262154	12.68	12.70	12.66	12.74	0.16
sz002588	-9278	-9059	-6600	-5461	-645.98	35564	6.89	6.83	6.82	6.91	-0.73
sh600009	-8479	-3735	-3195	-1097	-359.83	82117	43.05	43.76	43.03	43.82	1.70
sz002875	254	0	0	0	46.23	22623	26.81	27.66	26.81	29.14	2.86
sh600395	-43868	-42157	-32192	-20445	-166.33	152042	7.33	7.30	7.20	7.34	-0.41
sh603179	323	-254	0	0	27.65	7225	37.05	37.37	36.90	37.59	0.19
sh603848	-16624	-13072	-1036	300	493.35	188922	22.00	23.36	21.79	23.73	4.66
sz002878	-49	-213	0	0	-23.18	6492	35.80	36.11	35.71	36.36	0.61
sz002879	3857	1010	-2194	0	2523.34	43155	59.03	59.50	58.74	61.38	-0.67
sh600398	-6036	-4754	744	8	-965.86	61400	9.96	9.97	9.91	10.02	-0.40
sh600461	382	41	548	1000	-137.77	25851	6.36	6.38	6.36	6.39	-0.16
sh600463	6765	4746	3978	3029	-89.73	20123	11.90	11.84	11.72	11.93	-0.42
sh603110	-5225	-2450	0	0	-278.51	24489	26.40	26.01	25.84	26.47	-0.84
sh603113	-7034	-5180	-1843	0	-1586.19	56885	23.90	23.82	23.62	24.08	-1.45
sh603116	-4265	-4123	-2540	0	39.27	12164	15.57	15.63	15.54	15.75	0.32
sh600138	2644	3729	1904	27	3547.87	175390	21.86	21.97	21.75	22.27	0.50
sh600649	1387	355	384	-4360	-24.40	165031	9.31	9.34	9.24	9.45	0.11
sh600133	919	1697	4832	7656	-1282.78	227702	9.87	9.94	9.76	10.19	0.20
sh600132	-1853	-1603	-1007	0	-115.53	90321	21.96	22.86	21.71	23.01	4.86
sh600137	-2956	-1323	-581	0	-326.94	16172	24.74	24.55	24.45	24.82	-0.65
sh600640	3599	1021	0	0	18.96	16273	14.59	14.70	14.49	14.77	0.07
sh600643	8659	6362	848	1011	585.87	170477	11.40	11.35	11.31	11.66	-0.79
sh600642	14637	12624	10750	3007	-522.35	131783	5.98	5.95	5.92	5.98	-0.67
sz002908	-5646	-4084	-1292	-1292	-189.67	108818	29.70	30.28	28.92	30.99	2.02
sz002909	-11773	-6832	-4201	-2557	1086.12	93580	21.68	22.60	21.55	22.96	3.96
sz002900	-1097	-1076	0	0	168.42	83568	30.00	30.46	29.75	31.94	0.86
sz002901	-2834	-1307	0	0	966.73	76988	35.89	38.06	35.55	38.29	6.08
sz002902	-3392	-2169	-861	0	1709.46	74402	39.62	41.71	39.51	42.00	4.48
sh600487	12125	7978	5939	4525	3416.70	276701	40.70	41.57	40.33	41.79	1.44
sh600486	-314	-143	994	0	-622.44	27299	55.49	55.78	54.31	56.60	0.20
sz002906	2368	1715	699	-1281	17863.50	281419	27.58	27.58	26.90	27.58	10.01
sz002907	6917	1473	-865	2072	7072.97	134929	28.15	29.16	27.31	29.16	10.00
sh601021	705	-902	82	0	-5004.08	86711	38.60	37.68	36.96	38.89	-3.56
sh603500	-1574	-480	0	0	901.44	33087	25.19	26.04	25.12	26.27	3.42
sz002242	5095	4038	4109	0	-685.18	33673	17.32	17.36	17.19	17.46	0.23
sh601601	-26029	-27758	-19571	-13255	-17031.80	414088	39.00	38.93	38.68	39.49	0.21
sh601607	6341	6568	1837	3550	4303.06	196114	24.98	25.53	24.71	25.56	2.49
sz000501	2988	1247	-1179	-1814	832.94	98323	16.92	17.46	16.87	17.48	3.44
sh600737	18974	13095	7823	4916	-1050.35	87497	8.24	8.16	8.13	8.25	-0.73
sh600736	2789	3114	5167	2282	105.58	70626	6.32	6.39	6.29	6.43	0.47
sh600739	-1725	-1210	-737	0	-780.68	61501	17.93	17.81	17.69	17.95	-0.67
sz300042	-150	0	0	0	-213.48	2257	31.65	31.69	31.51	32.00	-0.94
sz300043	11255	10037	2955	3375	50.09	102670	6.27	6.22	6.20	6.35	-0.80
sz300041	10448	8085	129	2018	-169.99	17590	10.32	10.28	10.23	10.34	0.00
sz300046	860	1865	-187	-565	-1338.80	39974	21.90	21.66	21.42	22.00	-1.55
sh600015	-608	-4929	-5635	-8356	325.75	155573	9.18	9.19	9.16	9.26	0.00
sh600012	-6635	-5882	-3402	-1000	154.78	17601	11.48	11.45	11.33	11.49	0.35
sz300194	-6725	-4277	-2041	-50	-310.92	33926	6.02	5.93	5.90	6.04	-1.50
sz300195	1203	599	0	0	98.18	6700	14.10	14.22	14.06	14.23	0.42
sz300196	7567	5192	5960	7263	-1245.63	32559	14.15	13.99	13.80	14.36	-2.03
sz300197	13677	15367	12295	8621	-115.60	116675	11.56	11.53	11.43	11.58	0.26
sz300190	3090	4184	3595	0	-178.24	24767	11.99	11.91	11.89	12.01	-0.92
sh603878	-1235	-546	0	0	-31.87	11919	17.03	17.10	16.97	17.14	-0.06
sh600380	3044	2369	4614	314	1598.99	527633	12.09	12.63	12.06	12.75	4.47
sh600382	2821	1076	413	-1000	-695.95	40480	13.30	13.07	13.05	13.33	-1.58
sz300221	7363	5539	1084	-1288	1065.66	57605	16.55	16.82	16.51	16.87	1.69
sz300227	-180	-629	0	0	-93.01	18065	21.42	21.57	21.00	21.64	0.56
sz002482	6493	6335	5993	4413	-375.85	138592	8.26	8.60	8.26	8.66	3.24
sh603477	26625	24225	19363	19918	-2045.77	175306	18.10	17.90	17.79	18.45	-2.66
sz002317	-30526	-29563	-21581	-12978	-878.50	50205	12.39	12.39	12.31	12.46	0.16
sz002311	-1421	-2222	1077	0	1743.04	60284	22.37	22.93	22.20	23.15	3.76
sz002310	23793	24610	21128	12064	-5561.43	140824	20.04	19.93	19.86	20.05	-0.40
sz002313	-1575	-2571	-2092	-1010	327.94	81093	31.90	32.75	31.87	33.88	2.31
sz300536	-15423	-17587	-17829	-20795	-1802.57	98440	20.60	20.23	19.75	20.83	-4.40
sz300537	-386	-241	0	0	-311.97	8311	15.14	15.11	15.02	15.26	-1.44
sz002649	-25976	-22426	-17812	-12971	-3716.25	153079	12.01	11.79	11.73	12.03	-2.56
sz300535	-286	-286	0	0	148.92	5072	36.67	36.84	36.52	36.90	0.44
sz300532	62	0	0	0	-149.68	11455	24.43	24.15	24.01	24.43	-1.23
sz300533	14	0	0	0	121.02	5043	49.80	50.40	49.71	50.83	1.00
sz300530	180	0	0	0	11.86	1022	36.36	36.49	36.21	36.57	0.47
sh600826	1992	805	558	0	688.80	42300	13.35	13.58	13.32	13.87	1.19
sz300450	2789	2365	-924	0	-2260.98	32536	63.80	61.85	60.75	64.09	-2.60
sh600816	1293	947	4427	1218	852.21	157123	13.15	13.37	13.12	13.44	1.91
sz300452	-1630	-1104	0	0	-101.23	6047	29.44	29.29	29.15	29.67	-0.03
sz300457	873	1008	-59	0	-702.94	18533	26.55	26.38	26.26	26.69	-0.45
sz002009	-8410	-7721	-5744	-3393	164.62	29982	16.85	16.86	16.58	17.03	0.06
sz002008	16078	10842	3056	-1069	19360.50	302508	50.52	53.45	50.18	53.50	6.09
sh603277	-495	-1004	0	0	349.43	41091	18.39	18.79	18.35	18.85	2.34
sz002001	11442	13683	11015	252	-11238.70	301508	41.12	40.49	40.25	42.88	-2.08
sz002003	12497	9105	529	-4322	-554.87	61662	12.69	12.43	12.41	12.69	-2.51
sz002002	3639	5008	-483	-1344	-610.66	119454	7.45	7.38	7.36	7.45	-1.60
sh603278	-4397	-2157	-508	0	-2170.84	107424	23.77	24.00	23.71	24.67	-0.79
sz002007	3958	6660	4729	2314	-335.26	42217	28.49	28.66	28.40	28.77	0.67
sh603076	3845	2999	1000	0	329.60	36991	37.56	38.63	36.88	38.88	3.93
sh603299	-1725	-1302	-1622	-1000	-1283.44	79650	10.39	10.18	10.17	10.39	-0.97
sz002050	-3730	3764	2132	-621	4162.60	359769	19.85	20.76	19.66	20.91	5.01
sh600479	-844	-1254	0	0	-45.23	16073	13.98	13.95	13.88	14.16	-0.36
sh600926	8639	5264	-3703	-9558	-196.69	120600	11.82	11.85	11.81	11.98	-0.25
sz002267	-17108	-14043	-12825	-11905	310.27	126986	8.52	8.57	8.46	8.65	0.71
sz002262	4622	982	-734	0	429.51	99850	14.85	15.18	14.85	15.34	1.88
sh603617	5046	4349	2300	0	979.73	23264	24.68	24.99	24.36	25.11	0.97
sz002468	-32	-213	0	0	-93.33	14038	24.81	24.85	24.76	25.17	0.04
sz002466	22659	19926	12422	6490	-4621.10	172578	58.10	57.73	57.21	59.00	-0.64
sh603619	-5730	-3678	-1852	0	-4762.68	204884	46.50	45.27	44.35	49.31	-0.85
sz002464	1411	935	1100	1100	1780.75	33235	29.10	30.45	29.10	30.66	4.64
sz002867	-670	-652	0	0	-17.92	13915	28.80	28.68	28.60	28.93	-0.52
sz002866	-173	0	0	0	-41.79	5061	36.40	35.60	35.60	36.59	-2.44
sz002865	-273	891	541	0	21.98	14243	22.50	22.25	21.96	22.60	0.36
sz002864	1162	832	-971	-1048	2172.53	131268	35.21	38.31	33.71	38.31	9.99
sz002862	111	0	0	0	62.79	3493	28.56	28.70	28.32	29.30	0.49
sz002860	-123	0	0	0	81.79	16910	41.93	42.75	41.93	43.87	2.30
sh603858	-51	-165	0	0	-231.14	39594	52.16	52.41	51.75	52.76	0.54
sz002869	98	0	0	0	-358.75	13891	31.44	30.73	30.13	31.44	-2.91
sz002868	0	0	0	0	13.89	8155	24.46	24.60	24.40	24.85	0.57
sh603108	-721	-1057	-373	0	-547.33	40793	12.80	12.68	12.59	13.02	-1.93
sh603103	507	-153	0	0	-585.00	26614	28.82	28.81	28.60	29.19	-0.69
sh603101	-192	0	0	0	-154.82	9641	13.49	13.52	13.39	13.55	0.30
sh603100	1487	742	1000	1000	25.01	11996	10.14	10.12	10.07	10.14	0.10
sh603106	2664	1677	0	0	-251.88	33910	23.60	23.80	23.60	24.09	-0.21
sh600109	11367	10176	3844	2980	-3542.78	159305	9.87	9.76	9.74	9.87	-1.01
sh600106	5080	4402	3687	2325	111.63	160405	4.51	4.60	4.48	4.71	2.22
sh600101	-4900	-4678	-2820	164	-272.46	28337	9.40	9.40	9.35	9.45	-0.53
sz002911	-15774	-14319	-12835	-7522	8145.47	250421	26.85	30.01	26.81	30.01	10.01
sz002910	-9773	-7230	-2776	-2432	752.76	231822	22.00	23.64	21.70	24.33	6.78
sh600499	-11539	-10877	-7549	-1594	-2771.56	249061	11.79	11.48	11.47	11.80	-2.55
sh600038	3361	2518	2012	0	-3955.07	58621	46.34	46.03	45.76	46.98	-0.65
sh600033	5681	1679	-4997	-5519	-681.65	95875	3.69	3.69	3.68	3.70	-0.27
sh600030	-166	1214	4678	2944	9345.50	1439193	19.55	19.44	19.28	19.87	-0.51
sh600031	-30426	-29304	-23621	-17632	-22687.90	1359931	9.83	9.75	9.62	9.95	-1.32
sh600036	9206	7664	1036	5934	-13722.40	398677	29.52	29.77	29.35	29.91	1.02
sh600746	-1444	-1039	603	0	4.80	19206	8.31	8.37	8.31	8.43	0.24
sh600741	-24011	-15825	-4838	-2691	-2231.87	168216	28.86	27.95	27.85	28.98	-2.20
sh600742	2907	1506	-1216	0	-893.35	34129	17.56	17.37	17.23	17.56	-1.14
sh600743	42286	35308	23901	11875	588.10	409074	4.01	4.17	4.01	4.36	2.21
sz000429	-4316	-3258	-3399	-1000	344.16	47657	8.20	8.25	8.15	8.27	0.24
sz000423	8751	5584	2978	1755	3947.41	92432	62.80	64.25	62.37	64.38	2.34
sz300055	-744	-2446	-5093	-6017	-4043.32	129016	21.30	21.18	21.13	21.55	-0.84
sz300054	-15288	-15812	-8244	-3622	2887.12	176917	11.68	12.22	11.52	12.25	4.71
sz002127	-19609	-14847	-2718	5637	2478.92	133389	12.62	12.55	12.36	12.66	-0.55
sz300183	-1947	-1567	-2612	-1000	-854.40	32287	19.15	18.95	18.85	19.15	-1.04
sz300180	1374	737	1560	0	86.71	9090	24.77	24.70	24.55	24.98	-0.16
sz300237	843	194	1840	1340	0.84	17567	16.69	16.36	16.27	16.69	-1.98
sz300236	5066	5908	2994	1001	-260.94	25962	33.78	33.75	33.40	33.96	-0.21
sz300231	8672	5770	3912	-851	25.70	135852	11.30	11.40	11.16	11.45	0.80
sz300230	-312	45	101	0	31.16	15923	13.38	13.39	13.24	13.48	0.45
sz300233	-320	-601	0	0	55.55	12296	19.05	18.74	18.55	19.05	-0.69
sz300494	1316	333	-3481	-2000	-760.55	43637	18.33	18.44	18.13	18.90	0.38
sz002537	-1547	273	1682	506	4546.03	199115	10.68	11.56	10.51	11.66	7.24
sz002675	-1626	-596	-956	0	-933.81	40255	11.55	11.59	11.47	11.64	0.78
sz002672	11044	8768	5687	5854	1661.34	38286	16.69	16.66	16.56	16.84	-0.24
sz002673	-2921	-827	960	-230	-2493.34	165491	12.76	12.65	12.60	12.81	-0.78
sz002670	4770	4248	967	-3828	-3478.46	107429	19.81	19.73	19.61	20.13	-1.79
sh603331	1275	504	0	0	73.62	32198	19.60	20.38	19.43	20.63	3.56
sh600482	-1090	-1938	-1500	-1500	-947.67	29604	24.83	24.78	24.71	25.10	-0.08
sh603488	154	218	1946	0	-74.87	11930	17.81	17.95	17.70	17.98	0.39
sz300428	1839	1092	-339	61	44.87	27542	20.15	20.35	20.00	20.39	0.39
sz300429	-240	-34	0	0	-355.94	15574	23.88	23.60	23.53	23.88	-0.84
sh600809	1934	724	32	0	4464.50	104191	57.28	59.16	57.01	59.45	3.14
sh600808	-42324	-44365	-41839	-46042	-4218.05	689266	4.35	4.31	4.27	4.37	-0.92
sh600804	263	-2948	-7811	-3986	-253.30	30306	17.70	17.68	17.58	17.77	0.00
sh600803	-4785	-9273	-10547	-9384	-6760.10	177692	16.01	15.41	15.40	16.07	-4.17
sz002581	-380	-1133	-500	0	253.48	17483	18.79	19.02	18.69	19.28	1.22
sh600801	-15378	-13452	-7243	-380	-6852.10	441778	15.56	15.18	14.96	15.65	-3.31
sz002078	8586	9260	8598	-2678	-4221.47	341843	10.15	9.99	9.91	10.32	-0.79
sz002071	20121	24951	25468	16662	631.78	42342	9.60	9.66	9.50	9.66	0.31
sh603042	95	179	-289	0	-740.67	21246	27.94	28.19	27.62	28.40	0.68
sh603043	195	564	805	0	-302.72	14339	19.80	19.72	19.58	19.93	-0.70
sh603041	-94	0	0	0	-323.85	8185	22.78	22.55	22.40	22.87	-1.05
sh603599	-1281	-404	0	0	148.68	43133	20.60	20.11	19.90	20.60	-2.76
sh603916	-13755	-11091	-4110	-160	-2458.66	105855	18.10	17.74	17.66	18.20	-2.95
sh603917	-6394	-6896	-2945	-2843	-1979.88	105985	28.20	28.66	27.86	29.86	0.56
sh603809	-757	-33	0	0	166.57	57881	36.58	36.78	36.44	37.98	1.13
sh600933	-6569	-2443	2093	1156	-6881.86	432429	16.60	16.91	16.50	17.80	3.93
sz002292	-237	-1661	-1465	-2225	111.67	129535	14.41	14.62	14.31	14.95	0.83
sz002293	-7062	-3588	-3431	-1469	68.64	59662	14.30	14.81	14.26	14.81	3.42
sz002294	-11281	-10037	-5813	-1647	-3014.97	95374	41.98	42.00	41.48	42.29	0.99
sz002100	1271	917	-358	0	-186.32	27482	8.36	8.37	8.35	8.48	-0.24
sz002101	1145	527	0	0	-306.05	18641	20.51	20.61	20.51	20.72	0.10
sz002456	-2514	-2536	-1368	394	-5335.80	343458	20.14	20.33	19.89	20.35	0.99
sz002454	1728	620	3603	-228	-58.15	24029	12.15	12.06	12.01	12.22	-1.15
sz002450	26	1777	1561	5213	-3145.82	204621	22.64	22.41	22.41	22.79	-0.66
sz002859	470	-618	78	0	-1552.94	19203	34.83	34.24	34.18	35.10	-1.61
sz002852	-409	-306	0	0	-53.11	12936	33.32	33.89	33.00	33.90	1.77
sz002853	658	123	134	1443	177.03	13762	32.14	32.45	31.81	32.45	0.19
sz002850	248	68	0	0	-341.65	5603	62.87	62.43	62.13	63.01	-0.53
sz002856	25662	28690	26113	27181	12463.50	121146	47.68	47.99	45.00	48.45	0.65
sz002857	-404	-800	-800	0	12.59	8263	28.20	28.69	28.16	28.78	-0.21
sh601992	-104553	-84063	-43670	-12317	-10044.84	987887	6.15	6.06	6.04	6.20	-2.26
sh603825	-308	-540	0	0	-51.08	7502	30.40	30.47	30.15	30.95	1.06
sh603826	-7418	-4591	-1925	0	-11.85	30148	15.34	15.04	15.00	15.36	-1.96
sh601998	27840	19478	-1665	-3473	1456.90	527920	6.53	6.48	6.47	6.59	-0.92
sh601999	-2172	-1245	-223	0	172.88	29566	7.62	7.69	7.61	7.76	0.92
sh603829	-2094	-2225	0	0	279.74	48115	18.30	18.27	18.04	18.48	0.22
sh603139	377	0	0	0	310.53	26624	25.51	26.70	25.30	26.75	4.66
sh603136	-508	0	0	0	1104.92	14559	41.11	42.74	41.11	42.87	3.19
sh600240	7051	4797	2016	716	-68.78	114255	9.12	9.26	9.11	9.38	0.87
sh603133	-165	-298	0	0	-213.32	17794	33.75	33.21	33.02	33.88	-1.89
sh603131	-3482	-2687	-1480	0	-8.42	14611	21.40	21.05	20.75	21.40	-1.50
sh600113	-1402	-1751	1439	0	-395.18	35148	10.64	10.61	10.56	10.81	-1.12
sh601199	3812	2775	346	2964	428.81	51883	5.73	5.76	5.68	5.82	0.70
sh600115	-14701	-15342	-4407	-374	8581.00	1437427	8.39	8.51	8.31	8.72	1.07
sh600114	679	1087	515	0	981.05	61081	15.67	15.63	15.59	15.91	-0.38
sh600118	2945	2302	0	0	-482.03	47652	25.60	25.58	25.45	25.74	-0.16
sz000988	14321	11307	10735	4036	4932.71	193412	16.75	17.32	16.67	17.33	2.61
sh600029	12664	9983	9563	6727	10972.20	1667562	11.64	11.83	11.48	11.98	1.98
sh600028	-110226	-110069	-102065	-95366	-3766.80	2713787	7.07	7.00	6.93	7.11	-0.71
sz000635	-1615	-1343	-772	502	78.94	36130	16.82	16.54	16.45	16.85	-1.61
sh600026	-10626	-5743	-696	199	-688.74	103092	6.32	6.27	6.23	6.32	-0.79
sz000631	-6145	-6337	-8317	-7132	4957.70	343507	4.56	5.01	4.55	5.01	10.11
sh600023	28680	26039	23346	24144	930.58	159077	5.45	5.45	5.42	5.48	0.00
sz000985	-1095	-606	-567	0	-572.32	10877	20.71	20.66	20.48	20.88	0.24
sz000567	6540	4757	1009	0	-1077.96	20150	24.22	23.95	23.71	24.35	-1.24
sh601377	7961	11094	11314	-576	-3378.28	311294	7.51	7.47	7.45	7.54	-0.53
sz000568	-6050	-6367	-3191	-1314	11965.80	131161	68.40	70.30	68.20	71.06	2.70
sh600757	-17779	-17294	-17615	-15100	-949.44	57273	7.11	7.07	7.03	7.11	-0.42
sh600755	11945	7305	7918	2054	3041.36	450177	10.66	10.65	10.56	10.86	0.19
sh600754	13580	9753	3977	1992	-1486.83	42722	33.66	33.28	32.98	34.25	-2.55
sh600750	-164	-1256	-200	0	-75.70	32982	26.84	26.89	26.63	27.05	0.07
sh603197	-669	-222	0	0	-42.79	9168	55.55	54.88	54.00	55.88	-1.93
sz002778	1442	920	-97	0	-110.81	10548	25.75	25.12	25.02	26.00	-2.26
sh601579	3147	3206	387	0	-93.87	18551	12.16	12.18	12.10	12.29	0.16
sz002222	5276	5272	5508	1144	3343.70	100505	18.24	18.64	18.00	18.68	2.87
sh603567	1153	1230	500	0	102.06	12453	14.70	14.75	14.57	14.96	0.75
sz002677	3245	3009	2116	1291	344.65	27163	17.70	17.65	17.56	17.81	-0.45
sz300522	82	-32	0	0	-183.74	6687	20.72	20.62	20.49	20.72	-0.48
sz002063	-6041	-4572	-3552	-1207	5071.23	206337	10.84	11.38	10.83	11.68	3.64
sz300527	-331	0	0	0	187.57	9115	23.89	23.54	23.50	23.89	-1.47
sz300526	424	39	-522	0	53.44	11884	18.76	18.60	18.42	18.76	-0.96
sz000338	-21212	-26494	-28485	-24313	-7217.50	942817	8.98	8.87	8.76	8.99	-0.67
sz300088	-12347	-12861	-19298	-10531	439.41	312143	7.90	7.92	7.78	7.99	0.13
sh600170	-7772	-9785	-17103	-22441	-134.32	282695	3.82	3.84	3.81	3.85	0.52
sz300082	9217	7703	3863	1039	-453.74	28371	6.96	6.93	6.84	6.96	-0.14
sz000685	2955	2108	677	-1218	-236.82	38391	10.49	10.41	10.37	10.50	-0.57
sz000686	2556	2122	-1068	-5007	-1684.19	142031	8.98	8.96	8.91	9.02	-0.44
sz002669	-6481	-6363	-5773	0	152.05	14241	23.98	24.04	23.42	24.08	0.08
sz002668	-1784	-1474	-144	0	537.07	13632	19.18	19.49	19.10	19.55	1.62
sh603456	-1908	-1563	-463	0	166.26	11066	15.25	15.27	15.18	15.31	0.13
sz002661	494	682	0	0	7.75	11514	14.50	14.52	14.35	14.55	0.14
sz002664	600	-273	0	0	-972.51	20414	27.48	27.00	26.88	27.57	-1.39
sz300554	-427	-300	0	0	-294.49	5156	61.75	61.28	61.01	61.98	-1.38
sz300557	-345	-345	0	0	51.86	1961	37.07	37.36	37.06	37.53	0.16
sz300550	165	0	0	0	31.29	2882	31.05	30.83	30.70	31.25	-1.19
sz300553	0	0	0	0	163.30	1531	40.70	40.98	40.70	41.36	0.69
sz300558	-356	-82	0	0	1710.81	25937	60.00	63.00	59.63	63.40	4.43
sz300559	0	0	0	0	21.89	821	38.28	38.30	38.09	38.56	0.29
sh603555	-5064	-4004	-1304	0	17.47	25656	18.48	18.31	18.09	18.48	-0.92
sh603708	1873	914	1036	0	459.54	63534	21.22	21.52	21.14	22.00	1.18
sh600831	5360	4671	3178	2526	-53.87	14088	8.30	8.25	8.23	8.30	-0.72
sz300439	-815	343	0	0	79.38	10379	19.01	19.28	18.95	19.35	1.21
sh600835	-2540	175	-59	-3092	-437.20	103679	24.86	24.98	24.65	25.14	0.12
sz002597	-14538	-11667	-2253	-1589	-1567.13	103456	26.65	26.39	26.13	26.66	-0.98
sz002595	-992	-1411	605	0	-32.39	3799	19.19	19.11	19.06	19.19	-0.10
sz002594	2016	1299	-3970	-7491	893.36	94309	65.20	65.42	64.70	66.18	0.32
sz300433	25947	21741	7091	1928	-226.36	132513	30.90	30.52	30.22	31.50	2.38
sz300430	-399	-819	-606	0	-314.25	6734	19.90	19.69	19.66	20.19	-1.10
sz002068	-6196	-9531	-4875	-902	1016.01	156204	10.41	10.51	10.30	10.78	0.29
sz002067	-16197	-18734	-23177	-15027	-941.53	163522	6.12	6.10	6.08	6.18	-0.33
sz002065	-26925	-22988	-13105	-3677	-852.86	230146	8.31	8.31	8.26	8.37	0.12
sh603055	1739	51	886	0	847.03	94736	16.94	17.26	16.71	17.66	1.77
sz002061	32034	34204	25415	15920	1236.27	125227	16.42	16.37	16.18	16.58	-0.79
sh603586	-1147	-571	0	0	-110.91	9568	24.90	24.61	24.48	24.90	-1.16
sh603585	67	224	0	0	629.09	12993	32.12	32.81	32.03	33.28	2.18
sh603580	-210	-210	0	0	-2.38	6313	30.59	30.74	30.40	30.83	0.13
sh603589	-2694	-3100	-3689	-2490	2006.97	89176	45.50	47.80	45.25	48.18	5.17
sh603903	3927	1327	601	0	478.22	14491	38.67	39.71	38.67	39.98	2.06
sh603900	-2328	-1136	0	0	-485.86	26311	32.51	32.08	31.60	32.82	-1.44
sh603906	-1289	-22	0	0	-10.10	7624	15.44	15.37	15.34	15.49	-0.39
sh603909	734	200	0	0	-3.21	1386	31.86	31.75	31.56	32.32	-0.03
sh603557	3400	3695	1604	1000	84.83	20780	15.26	15.53	15.25	15.68	1.30
sz002502	-14574	-12800	-798	2038	-215.21	27820	8.78	8.72	8.71	8.82	-0.57
sz002283	4664	5401	5059	2646	-1289.54	73192	5.81	5.75	5.72	5.83	-1.54
sz300722	-1207	4	721	0	-1343.75	62435	36.75	37.41	36.16	38.20	0.32
sz300720	-641	343	0	0	252.22	26256	31.18	31.78	31.10	32.08	1.31
sz002287	336	0	0	0	311.92	27154	34.63	37.00	34.63	38.00	6.66
sh600900	19829	12148	10872	11331	-3024.90	265528	16.00	16.13	15.98	16.23	0.94
sh603637	4255	3110	0	0	124.74	6409	24.60	24.31	24.03	24.60	0.12
sh603630	165	0	0	0	-42.76	6607	27.60	27.70	27.51	27.86	0.36
sh603633	-1159	-943	-699	0	-47.45	6519	17.76	17.90	17.73	17.96	0.79
sz002441	2126	3109	998	1007	-10.76	22499	10.22	10.16	10.11	10.27	-0.10
sz002440	-10083	-11778	-6138	-3286	-4013.49	123432	20.21	19.85	19.71	20.24	-2.31
sz002111	-667	-89	0	0	-184.84	10803	14.62	14.60	14.58	14.67	-0.48
sz002110	9118	9046	6761	6787	-7275.50	480863	24.66	24.46	23.78	24.79	-0.73
sz002117	-758	-1497	717	2348	-437.83	15407	19.00	18.68	18.59	19.00	-1.74
sz002449	-1592	-239	584	1302	-2123.50	53965	18.16	18.02	17.85	18.16	-0.61
sz002448	2604	2420	2647	0	-156.08	33049	9.19	9.19	9.15	9.28	-0.65
sz002119	2409	2301	3005	3005	-136.19	10394	19.15	19.21	19.11	19.35	-0.72
sz002589	-227	-458	304	31	2578.05	152569	13.19	13.54	13.17	13.70	2.58
sh600340	6327	8708	4044	-519	4996.50	524291	37.50	38.07	37.45	38.50	0.45
sz300497	-161	126	0	0	-555.11	19995	36.56	37.02	36.52	37.65	1.37
sh600345	-21073	-19072	-19850	-14560	-1946.88	105710	31.57	31.70	31.02	31.95	-0.44
sh600346	37695	32640	30423	25298	-3906.33	316564	14.64	14.40	14.19	15.36	-1.77
sh601985	-31427	-22833	-21234	-19221	-1263.30	140340	7.41	7.40	7.37	7.42	-0.13
sh601988	16451	10633	-9497	-10891	-5624.90	2013494	4.01	3.96	3.95	4.01	-1.25
sz000960	-30696	-28618	-12724	-2221	-935.30	230495	13.54	13.62	13.39	13.68	0.81
sz000963	10615	5005	2200	0	-2623.85	39795	57.27	57.19	56.41	57.80	0.00
sh603127	-495	-228	0	0	95.56	16260	57.73	58.98	56.80	59.76	2.18
sh603129	150	-200	0	0	156.39	23398	26.38	27.16	26.22	27.28	2.96
sh603128	28194	25283	18124	13789	-2943.37	222090	9.06	8.86	8.84	9.08	-3.49
sh600236	-7351	-7415	-5645	-5576	-27.03	47262	5.77	5.74	5.73	5.82	-0.17
sh600230	11821	4401	1589	0	-6218.95	111793	48.00	48.22	47.45	48.70	-0.14
sh600231	4015	4306	10404	6821	-2308.66	325008	5.30	5.25	5.21	5.34	-1.32
sh600233	6893	4982	2880	0	-264.23	22685	17.36	17.19	17.15	17.43	-0.98
sh600160	-19982	-15751	-2551	5935	-2523.38	265179	11.43	11.19	11.18	11.43	-2.01
sh601188	1169	1038	1629	44	-230.35	21671	4.23	4.17	4.16	4.24	-1.42
sh600690	-3366	-3415	-764	4869	4640.10	824381	19.85	20.22	19.70	20.45	1.97
sh601186	-3042	-9764	-11400	-7929	-4284.07	240239	11.61	11.55	11.51	11.63	-0.60
sh600168	-4335	-2367	-1164	1993	-17.88	15971	8.46	8.45	8.44	8.49	-0.47
sh603369	-28357	-22739	-16649	-16536	2520.33	227185	15.69	16.23	15.61	16.77	3.18
sh600580	15356	14037	10800	9144	-531.03	103387	8.61	8.61	8.51	8.69	-0.12
sh600581	7350	2862	-553	-2308	-4948.06	369425	15.00	14.70	14.51	15.10	-1.87
sz000999	1164	2373	3370	0	-417.10	38223	26.57	26.55	26.43	26.69	-0.19
sh600585	25615	18254	11296	7587	-7566.60	524712	34.05	33.38	33.15	34.18	-1.74
sz000627	17829	13044	13341	6571	792.75	222539	8.19	8.32	8.15	8.35	1.84
sz000626	-1141	-1251	-1361	0	7.23	28980	13.77	13.61	13.60	13.93	-1.09
sz000625	23658	26329	22212	12672	522.95	145908	13.09	13.07	13.00	13.14	-0.31
sz000623	-12425	-8704	-6932	-3685	-1112.70	88140	22.62	22.62	22.58	22.83	-0.31
sz000990	-3664	-1673	0	0	-1753.88	71471	17.32	17.79	17.30	17.81	2.71
sz000620	-1797	-658	-1595	0	735.44	59984	6.44	6.50	6.35	6.50	0.15
sh600768	-1003	-355	-550	0	-100.87	12458	14.75	14.58	14.48	14.78	-1.29
sh601366	-4068	-1940	-1512	0	-308.14	24656	10.49	10.45	10.40	10.56	-0.48
sh601368	319	-74	9	0	-378.65	18113	9.03	8.98	8.96	9.05	-0.55
sh600761	-6496	-6074	-3777	-3338	-685.41	69581	10.98	10.85	10.73	10.98	-1.18
sh600569	-25038	-22726	-19115	-8458	-270.21	714329	5.12	5.09	5.05	5.21	-0.97
sz300338	-313	-49	0	0	-283.87	7812	20.31	20.35	20.24	20.57	0.10
sh600562	4921	3968	1300	0	-493.35	15069	24.09	23.88	23.83	24.09	-0.75
sh600563	1415	2094	500	0	-573.54	23505	50.56	49.82	49.80	50.79	-2.26
sh600565	68771	58782	47867	43632	-384.28	352716	4.49	4.50	4.45	4.57	0.00
sh600566	15280	12773	4965	1110	172.47	33977	40.31	40.58	40.02	41.00	-0.15
sh600567	-12220	-13642	-7317	-12165	-484.38	916022	4.73	4.73	4.65	4.90	0.00
sz001979	15000	11033	6675	37	-2380.90	329057	22.00	22.16	21.78	22.42	0.14
sh601966	2589	4646	1847	-2536	-329.65	53414	18.18	17.95	17.91	18.36	-1.54
sh601965	8161	5563	1402	0	126.70	26060	8.80	8.78	8.71	8.88	-0.23
sh601567	-3046	-2054	-487	0	-94.49	13638	9.78	9.70	9.70	9.79	-0.61
sh601566	-1029	-1530	-501	0	-2283.55	44283	14.43	14.22	14.18	14.47	-1.52
sz002615	-3933	-3567	-3609	-1001	387.84	32761	9.74	9.66	9.66	9.93	-1.93
sz002617	-6949	-5435	-3385	-551	508.79	25326	15.81	15.99	15.78	16.16	0.76
sz002612	-1187	-1538	178	0	-207.67	12609	11.93	11.72	11.70	11.93	-1.10
sz300547	-124	0	0	0	317.81	3760	48.70	49.68	48.63	49.90	1.99
sz300546	1198	592	0	0	19.16	3774	21.06	21.05	20.94	21.19	0.00
sz300545	1	0	0	0	-318.42	4988	60.90	61.15	60.50	62.80	0.74
sz300543	-188	-373	617	0	-187.41	12229	29.48	29.45	29.12	29.53	-0.51
sz300549	-189	-200	0	0	-37.84	6087	21.29	21.23	21.05	21.51	0.33
sz300548	245	225	0	0	21.05	6343	48.13	48.18	47.61	48.68	0.06
sz000049	2604	1552	-95	0	-1034.38	31387	41.50	40.80	40.60	41.60	-1.66
sz300403	-799	-986	0	0	-1282.39	33439	16.00	15.77	15.66	16.08	-2.65
sh600827	578	1478	1794	2243	628.66	48214	13.53	13.58	13.49	13.73	0.67
sz300407	-4964	-3289	943	1061	-1355.13	105946	13.20	13.21	13.12	13.49	-2.00
sh600823	-23715	-18832	-11280	-10526	-6150.70	2483209	6.23	6.37	6.18	6.66	3.58
sz300408	-1252	-3327	-5445	-3359	-3053.36	146569	21.58	21.74	21.58	22.19	0.74
sz300409	4131	2289	927	0	300.26	53840	57.60	56.48	55.81	58.38	-3.35
sh600828	-3589	-4377	-6458	-2582	-319.34	31377	6.36	6.29	6.28	6.36	-1.26
sz002051	-1914	-1088	147	0	-1221.63	40313	18.80	18.82	18.77	19.12	-0.32
sz002056	-26064	-20764	-17783	-14035	1226.93	340206	10.82	10.89	10.61	11.06	0.37
sz002057	-2149	-1507	0	0	-607.84	40882	12.99	12.84	12.64	13.08	-1.08
sz002726	-3212	-1882	-616	0	-2374.88	57480	12.42	12.18	12.15	12.46	-3.18
sz002728	-1170	-638	0	0	-122.25	16486	18.08	18.61	17.95	18.62	3.22
sh603025	-185	0	0	0	-163.90	9388	30.79	30.20	30.15	30.90	-1.95
sh603026	793	44	0	0	-103.75	14821	24.92	25.03	24.87	25.35	-0.36
sh603027	7121	6423	2975	2359	451.23	14125	19.21	19.51	19.20	19.60	1.35
sz002627	-286	-200	0	0	-83.54	4808	18.26	18.26	18.21	18.32	-0.22
sz002626	3265	3478	427	0	1365.78	110352	20.15	20.55	19.90	21.30	1.23
sh601818	56934	52551	39627	33281	2312.02	1033748	4.12	4.10	4.08	4.13	-0.73
sh603936	-3709	-2428	0	0	-456.95	15725	24.99	24.49	24.45	24.99	-2.47
sh603933	309	-201	0	0	-635.80	10162	52.80	52.47	52.00	52.80	-0.62
sh603938	-911	-1175	0	0	-2026.95	21964	39.99	38.98	38.71	40.30	-3.44
sh600917	-17523	-12638	-5606	-3133	220.40	302700	11.14	11.48	11.02	11.65	2.41
sz300716	-6678	-3815	-1602	-1602	-1655.30	122506	28.50	29.09	27.51	30.20	2.90
sz300715	95	-576	0	0	-431.86	15027	33.80	33.80	33.51	34.19	-0.18
sz300712	-1177	-793	-605	0	232.28	43248	24.11	24.58	23.88	25.10	1.95
sz300718	-627	-503	0	0	95.32	21736	39.96	40.15	39.71	40.49	0.43
sz002434	8966	4253	3922	7744	-145.08	81530	10.11	10.04	10.01	10.15	-1.08
sz002435	-155	167	0	0	-219.66	9183	17.39	17.33	17.14	17.48	-0.12
sz002123	-16894	-11285	-10141	-2573	-479.06	41283	10.38	10.25	10.18	10.38	-0.97
sh603336	1683	1989	0	0	-304.79	20077	23.60	23.11	22.92	23.60	-2.12
sh603339	-320	114	0	0	-492.08	14632	24.10	23.78	23.69	24.14	-1.69
sz002128	11456	11472	2564	1181	-914.94	318260	11.75	11.69	11.55	11.88	-0.60
sh600352	38025	32593	26203	15317	-1720.78	560548	12.39	12.38	12.22	12.49	-0.48
sh603808	-1151	-869	1003	0	-753.35	32926	21.88	21.80	21.38	22.07	-0.73
sh600350	-8663	-11299	-17285	-16199	325.90	75892	6.17	6.15	6.14	6.18	-0.32
sh600356	58	186	-40	0	-349.58	20241	8.51	8.47	8.41	8.59	-0.94
sh600354	2831	1369	-6	3518	-1957.98	113273	7.48	7.32	7.29	7.48	-2.14
sh603803	-616	46	0	0	-122.39	9151	18.18	17.96	17.90	18.19	-0.50
sh603801	-2051	-1169	0	0	839.51	12525	54.26	55.91	54.26	56.27	2.55
sh603806	-919	-45	0	0	172.17	6285	35.00	35.32	34.83	35.43	0.11
sz002108	14508	16748	14652	8697	-1279.79	91863	12.07	11.93	11.92	12.15	-1.08
sz002548	2649	1808	736	0	-530.80	19672	11.09	10.98	10.91	11.14	-1.52
sh603157	-4494	-2079	42	0	-228.87	59332	17.25	17.21	17.03	17.65	-1.21
sh600229	-7399	-5980	-3278	0	-132.14	17675	7.79	7.75	7.73	7.81	-0.64
sz002540	-11479	-9405	-4515	-2593	-1475.99	75032	7.71	7.68	7.57	7.80	-0.78
sz002541	210	147	-451	0	-176.61	13267	14.11	14.14	14.06	14.16	0.28
sz002543	-10990	-8884	-5356	-2496	-2065.75	37127	21.78	21.82	21.50	22.18	-0.14
sh603158	-121	0	0	0	0.00	2232	18.50	18.45	18.22	18.50	0.22
sh603159	6	0	0	0	-149.34	6114	25.32	25.30	25.11	25.50	-0.75
sh600177	-14611	-14239	-6246	-2866	1341.37	168198	9.58	9.62	9.55	9.73	0.21
sh600176	12524	12021	10157	12270	-11833.20	555793	18.17	17.54	17.33	18.17	-3.47
sz000408	30268	24905	18710	5349	-1805.85	127368	19.06	19.30	18.70	19.30	0.94
sh600173	-1705	-1887	-903	2195	1734.95	290969	6.27	6.75	6.23	6.85	6.64
sh600171	-10708	-8447	-8251	-7163	-4986.38	303802	15.92	15.78	15.55	15.95	-1.80
sz000761	-59515	-46577	-41581	-31618	-1506.92	161886	5.43	5.38	5.35	5.45	-0.92
sh600179	-10822	-9552	-5023	-3000	-1143.51	131224	25.88	27.30	25.88	27.35	4.44
sh601886	24933	21427	17839	6306	-208.91	55269	8.88	8.90	8.85	8.97	0.23
sz000612	-9261	-5612	-3074	793	-509.02	64467	9.32	9.21	9.12	9.34	-1.29
sh600594	2292	1378	216	0	2154.76	117250	10.53	10.69	10.50	10.72	1.52
sh600597	-20581	-17967	-11165	-10463	1368.02	145799	15.17	15.44	15.11	15.52	1.71
sh600596	-4587	-4762	-231	1104	858.20	831133	12.30	11.95	11.80	12.34	2.84
sh600593	1769	-392	0	0	-96.42	6299	27.90	27.83	27.76	28.06	-0.96
sz000967	-4084	-2870	-7344	-6019	-721.55	49586	9.60	9.47	9.45	9.66	-1.25
sh600598	4004	-3965	-12755	-12372	-4632.79	186916	11.02	10.82	10.78	11.04	-1.64
sh600779	1360	595	1349	0	3883.75	91318	46.90	47.88	46.40	48.55	2.09
sh601311	378	2139	4503	1864	-934.57	26111	13.37	13.22	13.18	13.37	-0.97
sh600572	1744	3411	3806	2000	-438.44	104437	7.20	7.22	7.16	7.27	0.56
sh600688	-7851	-9524	-7083	-7280	-173.61	429109	6.97	6.93	6.92	7.10	-1.56
sh600681	-1744	-393	143	0	620.44	33107	14.03	14.06	13.86	14.09	0.57
sh601952	-3383	-3910	-1541	-71	-1652.09	81064	13.24	13.21	13.19	13.38	-0.53
sh600684	-6992	-5477	-3884	-2377	13507.50	921305	6.47	7.17	6.42	7.17	9.97
sh600687	17431	18362	7598	1452	-1316.91	78689	11.67	11.51	11.48	11.67	-1.03
sh601225	-2416	-2166	-1717	1014	-6644.70	1184116	9.18	9.30	9.11	9.39	-1.06
sh601555	-6108	-4231	-4420	-706	-1606.05	131847	9.89	9.81	9.80	9.93	-1.21
sh601799	457	0	0	0	248.01	4463	53.10	52.50	52.18	53.42	-1.72
sz000548	-7020	-5811	-5532	-2169	-109.61	35593	6.55	6.63	6.52	6.64	1.22
sz000813	-24954	-20349	-16466	-9282	-349.71	82423	8.83	8.99	8.65	9.05	1.81
sz000544	-1941	-794	42	0	-611.49	19088	15.18	15.10	14.93	15.18	-0.53
sz300393	104	66	0	0	-138.76	6121	35.58	35.42	35.22	35.77	-0.42
sz300396	4057	1496	-381	-1021	22.55	14745	45.50	45.38	44.60	45.50	0.18
sz300395	-3443	-2161	-2130	-2300	-335.40	16905	16.36	16.32	16.13	16.56	-0.06
sz300158	-7994	-9742	-2944	-1705	756.51	40223	14.08	14.30	14.05	14.33	1.35
sz000541	-2199	-2632	-884	4235	-294.76	69489	9.35	9.35	9.31	9.40	-0.43
sz002714	2181	1281	-759	0	-2203.90	100238	60.00	59.61	58.15	60.00	0.68
sh600986	-2406	-1839	-1105	0	-33.80	14633	11.05	10.98	10.95	11.07	-0.63
sz002653	973	317	518	0	19.28	19809	11.54	11.81	11.44	11.85	2.25
sz300572	0	0	0	0	112.22	1465	60.16	61.29	60.16	62.79	0.43
sz300573	-198	0	0	0	16.69	8005	24.55	24.92	24.55	25.30	1.22
sz300570	-1827	-2559	-3157	-2451	-708.96	75480	21.20	21.67	21.01	21.95	1.17
sz300571	195	0	0	0	-179.89	5332	47.05	46.98	46.30	47.05	-0.09
sz002603	-3940	-2359	-1856	0	-46.54	80088	15.56	15.59	15.42	15.62	0.71
sz002602	45	23	0	0	10.31	18030	35.20	34.85	34.74	35.73	-1.78
sz002601	9254	2194	372	-511	3350.68	208528	17.38	17.45	17.21	17.58	0.35
sz300378	148	-319	0	0	282.34	21274	14.66	14.80	14.59	14.80	0.68
sh600985	-16693	-11241	-9155	-2839	-3247.58	121666	16.20	15.99	15.50	16.20	-1.96
sz300371	3639	2926	1487	2722	-70.73	7339	19.71	19.48	19.32	19.71	-1.02
sz300374	4625	5174	5449	5374	-434.50	40566	16.63	16.21	16.00	16.76	-1.58
sz300501	0	0	0	0	-33.49	1902	35.43	35.18	35.15	35.58	-0.68
sh601198	8175	2938	-46	0	-2112.49	68857	14.66	14.51	14.43	14.80	-0.96
sz002733	1659	834	-712	0	346.49	21705	17.46	17.50	17.33	17.59	0.23
sz002732	-640	-258	0	0	342.47	14864	27.36	28.14	27.36	28.24	2.51
sz002731	505	215	0	0	72.71	5817	18.31	18.31	18.24	18.38	0.22
sz002043	-4876	-3424	-8788	-8444	923.31	90159	12.77	12.64	12.51	12.78	-0.47
sh603033	-195	0	0	0	-20.09	2891	18.97	18.77	18.70	18.97	-0.48
sz002048	1631	999	2975	2094	-1015.29	56196	24.59	24.92	24.41	24.98	1.34
sh603031	-161	-185	0	0	43.22	5086	24.50	24.56	24.40	24.87	0.53
sh600969	322	816	0	0	325.82	13891	12.62	12.62	12.56	12.66	-0.08
sz300701	-222	669	0	0	445.57	33063	37.40	38.48	37.30	39.73	4.08
sh600966	-18734	-19263	-14047	-5495	-1512.87	231183	6.33	6.24	6.23	6.42	-1.42
sz300705	542	-280	0	0	424.26	70718	29.60	30.69	29.51	32.50	1.69
sz300707	126	-462	0	0	-859.74	16637	47.61	47.13	46.83	47.94	-0.88
sz002139	-887	1186	-3209	-2730	-119.46	58374	11.46	11.47	11.38	11.54	0.09
sz002138	2986	3801	1856	3014	1057.99	40624	17.33	17.08	16.90	17.33	-0.29
sz002136	-738	734	-29	1006	-1049.39	42831	14.88	14.77	14.66	14.93	-1.47
sh603323	35177	31698	22055	19490	-955.64	139610	8.60	8.56	8.48	8.72	-0.81
sh603321	-3457	-1550	-1073	0	-375.13	31731	12.08	11.97	11.92	12.15	-1.32
sh603320	-934	-220	0	0	-246.04	48755	26.46	28.01	26.27	28.20	7.19
sh603496	0	0	0	0	92.98	5940	33.14	33.44	33.13	33.48	0.36
sh603499	-735	-333	0	0	-102.56	18640	24.06	24.42	24.01	24.43	0.99
sh603328	11784	10221	5449	6559	262.61	57913	14.87	15.24	14.80	15.29	2.35
sh600367	817	-58	82	0	1036.10	62859	11.50	11.61	11.45	11.68	0.35
sh603819	-365	-230	0	0	-209.28	28413	17.14	17.57	17.14	17.83	3.17
sh603818	5784	4784	4061	1828	-44.15	14998	14.58	14.37	14.32	14.65	-1.30
sz002080	-4167	-2419	-2775	1021	-2455.31	80875	26.64	25.96	25.51	26.77	-3.17
sh603816	428	209	0	0	703.47	18813	61.00	61.05	60.54	62.18	0.07
sh603811	623	631	651	0	1910.76	31358	31.64	32.66	31.62	34.79	2.45
sh603813	-406	0	0	0	30.30	19285	29.67	30.29	29.46	30.33	1.44
sh603928	-997	-1178	0	0	241.18	22028	15.30	15.37	15.29	15.67	0.65
sh600211	-329	-200	0	0	124.15	12641	33.76	34.92	33.61	35.30	3.37
sh603920	-11391	-10228	-5124	-35	-919.78	43588	19.08	18.93	18.86	19.18	-1.66
sz002551	6935	4938	2447	946	23.44	72578	9.31	9.38	9.30	9.60	0.75
sh603922	-393	-470	-507	0	-455.74	42136	28.62	28.83	28.31	29.23	-0.55
sz002557	1440	1524	4438	3000	-551.05	17723	16.05	15.99	15.93	16.13	-0.31
sh603926	-601	-210	0	0	67.77	9020	26.90	26.95	26.70	27.50	0.34
sh601163	-3206	-3293	0	0	317.09	58358	20.54	20.81	20.51	21.25	1.27
sh601166	-19785	-20164	-14123	-5451	-2272.40	635895	17.24	17.18	17.15	17.25	-0.23
sz000605	15533	10405	10474	10312	-312.99	22965	19.06	19.11	19.01	19.36	-0.10
sz000601	795	843	-152	-142	363.83	63516	7.28	7.42	7.28	7.48	1.50
sz000975	11469	9547	6169	861	-646.80	62999	14.10	13.94	13.88	14.11	-0.64
sz000609	-1420	-94	0	0	-169.42	28048	11.42	11.37	11.30	11.52	-1.39
sz000608	1569	1627	1023	1194	103.47	80662	6.72	6.97	6.66	7.05	3.41
sh600782	-29756	-30349	-27210	-25355	-1391.66	747372	7.15	7.16	7.05	7.33	0.28
sh600783	-628	959	2429	0	-156.75	19528	15.00	15.00	14.93	15.18	0.07
sh600787	-9663	-7079	-2918	-3739	1845.49	310040	11.32	11.58	11.30	11.60	2.30
sh600549	-6055	-920	227	1059	-15915.79	485399	27.15	27.11	26.58	27.73	0.59
sh600547	-26568	-16896	-9059	-5787	-5646.25	146491	32.20	31.89	31.85	32.28	-1.51
sz002735	-114	0	0	0	-186.34	3162	33.68	33.01	33.01	33.74	-1.93
sh601098	926	980	-1072	-250	624.70	69442	13.87	14.04	13.79	14.06	1.37
sz000779	-240	-268	0	0	127.18	8570	13.68	13.79	13.68	13.95	0.00
sz000778	1084	2021	2497	11819	-3196.86	273365	5.58	5.49	5.48	5.62	-1.44
sh601766	-7685	-6627	-7973	-3365	-34219.00	1720000	12.21	12.20	12.07	12.33	-0.73
sh600141	-17645	-16592	-12684	-11454	536.02	140698	18.98	19.00	18.75	19.26	-0.47
sz000639	531	1289	1291	1291	617.44	23994	18.90	19.32	18.90	19.40	1.68
sh601238	6821	338	16	-1000	-6450.59	110499	25.02	24.51	24.32	25.10	-2.04
sh600180	-141	-464	-639	0	109.03	22821	10.64	10.81	10.51	10.83	1.60
sh601233	17187	13414	4135	0	-2367.07	260405	27.84	27.54	26.96	28.95	-2.44
sh601231	-11661	-9268	-3229	1207	-6598.54	223627	14.55	14.35	14.14	14.70	-1.71
sz000151	-3890	-4491	-1116	0	-254.68	37438	12.79	12.84	12.79	13.05	0.23
sh601788	11386	9407	3969	6305	-684.44	70032	14.00	13.90	13.85	14.06	-0.71
sz000983	26410	25915	21232	16610	668.42	534304	10.85	10.83	10.68	11.05	-0.09
sz000980	2883	3477	3069	927	-455.91	152438	12.12	12.25	12.02	12.41	0.57
sz002408	-7676	-8660	-5763	-5092	-483.91	169807	12.12	12.76	12.12	12.78	4.42
sz000981	-21371	-21431	-18809	-14119	-219.12	22329	8.90	8.90	8.86	8.98	0.00
sh600020	-54838	-55629	-61736	-60467	-879.35	122979	5.09	5.04	5.03	5.10	-0.98
sz000559	-15946	-12748	-2679	-2392	2750.46	265106	10.15	10.24	10.07	10.39	1.99
sz002155	-36203	-29773	-18071	-7535	-2970.45	135130	9.70	9.59	9.55	9.73	-1.74
sz000553	-12144	-10487	-7300	-1988	-1777.98	62412	16.80	16.50	16.48	16.85	-2.37
sz300385	-130	243	0	0	-74.65	4309	24.96	24.88	24.78	25.07	-0.32
sz300387	-917	-979	0	0	1977.38	21275	17.97	17.97	17.97	17.97	9.98
sz002153	-5969	-5815	-4028	0	-445.21	67619	25.55	25.89	25.13	25.94	0.62
sz300388	596	195	200	0	-304.88	30243	22.86	23.00	22.62	23.10	0.88
sh603648	0	0	0	0	-3119.58	109603	22.00	21.50	21.45	22.12	-3.46
sh600338	0	0	0	0	1357.29	53821	42.87	43.24	42.72	43.93	1.91
sz002831	0	0	0	0	456.48	14988	58.10	58.01	57.46	58.60	-1.68
sh600195	0	0	0	0	-153.66	21665	19.95	19.86	19.72	20.07	-0.70
sz002536	0	0	0	0	-1170.41	31976	14.62	14.52	14.44	14.70	-1.29
sh603726	0	0	0	0	-17.15	6448	30.85	31.39	30.73	31.50	1.45
sz000915	0	0	0	0	849.98	40176	30.95	31.70	30.95	31.82	2.42
sh603685	0	0	0	0	342.30	62609	34.18	35.85	34.01	36.28	4.43
sz002827	0	0	0	0	-247.45	16845	18.64	18.49	18.41	18.75	-1.60
sz300453	0	0	0	0	-34.47	6004	16.45	16.70	16.45	16.80	1.52
sz000042	0	0	0	0	21.00	31672	19.40	19.07	19.00	19.56	-2.31
sz000040	0	0	0	0	-399.61	20238	14.11	13.90	13.85	14.11	-1.49
sh600701	0	0	0	0	-3147.53	112600	9.83	9.66	9.63	9.83	-1.93
sz002324	0	0	0	0	155.55	3990	23.33	23.80	23.30	23.80	1.02
sz300669	0	0	0	0	7.63	6538	24.20	24.40	24.10	24.40	0.83
sh600845	0	0	0	0	-1821.84	36367	18.98	18.73	18.54	19.15	-1.21
sh603665	0	0	0	0	109.03	11031	33.50	34.73	33.50	34.89	2.33
sz300688	0	0	0	0	-1089.64	10828	53.05	52.98	52.46	53.80	-0.17
sh601000	0	0	0	0	-3047.13	213514	4.96	4.89	4.86	4.98	-1.81
sh603258	0	0	0	0	166.18	9546	32.54	32.91	32.38	33.14	1.07
sz002241	0	0	0	0	-6009.75	262630	16.81	16.94	16.73	16.99	0.65
sh600019	0	0	0	0	-6426.10	1025350	9.29	9.10	9.01	9.29	-2.05
sh600123	0	0	0	0	-1338.07	221494	9.76	9.81	9.69	9.82	-0.20
sz002496	0	0	0	0	-231.24	297618	6.09	5.94	5.89	6.09	-1.66
sh603602	0	0	0	0	-175.65	28434	50.70	51.00	49.60	51.93	-0.02
sh600648	0	0	0	0	88.79	22868	18.99	18.83	18.68	18.99	-0.79
sh600480	0	0	0	0	-275.09	75535	16.30	16.46	16.30	16.70	0.61
sh601020	0	0	0	0	-1369.23	34678	20.80	20.60	20.50	20.98	-1.48
sh600208	0	0	0	0	-6471.19	917966	5.55	5.29	5.25	5.59	-3.82
sz002561	0	0	0	0	-363.09	22793	12.06	12.01	11.98	12.11	-0.25
sh601288	0	0	0	0	-3834.50	2526695	3.85	3.83	3.82	3.88	-0.78
sh601515	0	0	0	0	245.03	20080	9.93	9.99	9.93	10.03	0.10
sz300222	0	0	0	0	891.85	59328	20.18	20.46	20.08	20.68	1.44
sz002315	0	0	0	0	9.92	6971	21.91	21.92	21.77	21.99	-0.36
sh600820	0	0	0	0	162.04	127939	8.62	8.52	8.50	8.62	-1.05
sz002462	0	0	0	0	-457.73	20908	28.05	28.00	27.78	28.76	-0.71
sz002861	0	0	0	0	-600.76	18254	27.37	27.05	26.88	27.45	-2.42
sh600037	0	0	0	0	-561.96	32777	13.06	12.98	12.96	13.09	-0.69
sh600745	0	0	0	0	-920.38	51007	32.52	33.25	32.12	33.50	1.40
sz300182	0	0	0	0	2534.47	328318	9.28	9.30	9.14	9.47	2.88
sz000701	0	0	0	0	-732.25	29166	10.21	10.09	10.02	10.21	-1.27
sz300521	0	0	0	0	77.79	13575	15.40	15.50	15.26	15.65	-0.06
sz002126	0	0	0	0	-1124.45	79722	9.70	9.53	9.47	9.70	-2.16
sh603912	0	0	0	0	725.79	74653	26.49	27.16	26.05	27.38	3.00
sh603919	0	0	0	0	-8.84	31323	18.46	18.81	18.46	19.27	1.29
sh601997	0	0	0	0	1387.76	110512	14.05	14.05	13.95	14.09	0.00
