sh600340	-8377	-6117	-4472	-2277	-4895.95	93182	31.00	30.81	30.70	31.16
sz300497	-344	0	0	0	-351.58	4919	33.82	33.51	33.44	34.00
sz000157	-48656	-38949	-28395	-25684	-1276.29	174083	4.28	4.25	4.24	4.28
sz002845	-1633	-260	0	0	-495.07	23526	29.30	28.97	28.85	29.75
sz002847	-468	0	0	0	-224.80	8410	26.10	25.73	25.54	26.10
sz002846	-4500	-3046	-2605	-2105	-803.80	49268	17.79	17.30	17.26	17.94
sz300281	948	281	500	0	414.49	9287	12.31	12.43	12.16	12.50
sz300282	561	352	0	0	136.45	8880	16.99	17.07	16.93	17.09
sh601985	-8150	-8071	-9147	-3255	-1265.30	96381	7.25	7.26	7.25	7.28
sz000090	-4701	-5302	-5740	-5037	-624.89	34164	10.05	9.99	9.98	10.12
sh601988	-46790	-48918	-49283	-38735	1352.28	665921	3.91	3.90	3.89	3.91
sh603839	623	1495	1177	0	457.21	16353	23.31	23.60	23.30	23.83
sz300289	-977	-647	886	0	157.22	23502	9.70	9.70	9.63	9.83
sz000902	17675	15349	11790	7031	1422.28	57640	9.23	9.46	9.22	9.54
sz002536	-3416	-2800	-777	0	-271.33	17861	13.75	13.72	13.63	13.86
sh603320	-295	0	0	0	-61.27	9911	25.39	24.96	24.91	25.59
sh600168	-3262	-4178	-882	0	-205.29	30277	8.29	8.35	8.24	8.38
sh601588	-3107	-2272	-2630	-174	-272.03	32826	5.48	5.49	5.45	5.51
sh600518	-3825	-5044	-2468	574	-2211.66	99069	21.77	21.79	21.67	21.98
sh603648	2857	2979	1040	1136	-802.20	68325	18.81	18.79	18.70	19.39
sh600993	85	-893	-857	-1006	92.84	45220	20.77	20.91	20.67	21.03
sh600995	-4451	-5193	-3366	-2606	-389.53	24251	9.00	9.14	9.00	9.20
sz000096	2024	1126	299	0	-199.94	21732	13.76	14.14	13.70	14.20
sh600997	1103	4959	5481	2075	1044.77	145489	6.04	6.14	6.02	6.18
sh603129	-135	-135	0	0	8.35	5593	25.12	25.17	24.95	25.35
sh600998	3586	2635	799	1301	-269.91	24327	18.81	18.96	18.75	18.97
sz002233	1334	1711	690	1069	286.21	62099	11.50	11.59	11.47	11.69
sh600233	-823	-750	-1380	0	-22.02	14371	16.79	16.80	16.77	16.95
sh600048	-532	1184	8871	5901	5443.70	990558	13.00	13.08	12.94	13.16
sh601188	-3698	-2287	-886	0	-42.98	12029	4.08	4.07	4.05	4.09
sh600690	-17596	-17386	-5982	-8690	-8470.39	332636	19.29	19.29	19.06	19.60
sh600516	15162	9608	6649	8789	16499.60	1456858	25.98	26.92	25.88	27.58
sh600511	5715	6586	2350	0	2736.79	66897	26.73	27.33	26.61	27.69
sh600510	-3756	-3634	-1392	0	-106.26	10788	6.66	6.59	6.59	6.68
sz002620	-991	-472	0	0	-47.14	13440	9.62	9.64	9.59	9.77
sz300597	-5829	-8079	-1510	1903	-4099.96	134270	20.55	21.00	20.36	21.19
sz300599	-948	-710	-710	0	74.70	6585	11.80	11.76	11.70	11.93
sh600379	-413	-400	0	0	19.41	5215	10.30	10.18	10.15	10.35
sz300214	-16158	-9090	-7313	-6651	-341.26	116674	5.21	5.20	5.18	5.26
sh603369	-5982	-4181	-686	-1360	-656.92	57546	14.86	14.68	14.58	14.86
sh600629	-692	210	0	0	-297.69	7841	15.48	15.30	15.26	15.54
sh600196	-10745	-8481	-2363	-2051	4578.60	217369	46.57	46.70	46.32	47.54
sh600094	2715	2863	2057	3500	141.63	12866	6.99	6.98	6.93	7.01
sh601111	7428	6077	1146	2748	-2564.59	445759	12.30	12.28	11.97	12.46
sh601116	-4465	-2385	-1112	0	-978.07	59816	22.03	21.69	21.62	22.29
sz000626	349	-517	-1072	0	31.05	45359	13.66	13.74	13.58	13.98
sh603757	0	0	0	0	57.73	4906	57.90	57.46	57.03	58.00
sh600589	-1478	-1870	-1841	-140	-254.60	20442	6.09	6.07	6.00	6.12
sh603167	10367	10804	9320	0	1235.88	71469	11.56	11.86	11.52	11.92
sz002896	227	-415	0	0	807.62	14514	42.24	42.70	42.15	43.58
sh600600	8539	2776	-2638	0	-845.51	127598	35.75	38.79	35.59	39.50
sh600603	-1040	30	-700	0	-158.02	15577	6.75	6.75	6.72	6.80
sz002496	-13683	-12889	-10491	-3018	-362.57	84917	5.26	5.20	5.15	5.26
sh600606	-41013	-37530	-36540	-22608	-1798.62	292474	7.10	7.06	7.05	7.12
sh603466	-542	-469	0	0	-582.39	17684	50.85	50.90	50.38	51.61
sz002499	920	1042	-881	0	-410.14	15228	19.60	19.40	19.21	19.73
sh600565	51697	44703	34071	23188	784.70	246943	3.91	3.96	3.89	3.97
sh600567	7674	11721	-1662	3628	624.30	595549	4.32	4.39	4.31	4.43
sz002889	-1072	-525	0	0	-340.39	10327	26.32	26.05	26.03	26.47
sz000878	-11404	-9433	-1740	-1688	-231.88	155445	13.00	12.92	12.85	13.10
sz002301	702	-531	-1196	-1696	477.21	19280	18.06	18.08	17.83	18.20
sz002658	-2044	-1476	-521	0	87.68	22291	13.43	13.37	13.25	13.44
sz300502	-2424	-1107	519	0	-1182.22	34900	31.54	30.06	29.88	31.56
sz002891	-769	-759	0	0	203.33	4799	35.40	35.35	35.01	35.58
sz000877	733	-619	516	-1180	376.17	132204	10.22	10.27	10.21	10.47
sh600626	-4063	-2648	-1480	0	-304.04	20329	7.76	7.75	7.70	7.83
sz000055	2206	2868	4043	3026	127.52	29396	5.99	6.02	5.98	6.04
sz002081	4841	5588	3738	2948	784.85	169916	14.86	15.06	14.79	15.25
sz300130	-3628	-2115	-1443	1000	-726.44	47450	25.53	24.78	24.45	26.00
sz300136	-9285	-6571	-1076	-162	-8120.10	109189	54.22	52.60	52.53	55.40
sz002087	-16237	-14212	-8278	-4900	-448.39	68966	6.05	6.02	6.00	6.08
sz002088	77	511	0	0	-55.49	11996	13.12	13.11	13.08	13.35
sh600883	-3286	-2691	-2603	-1003	-75.70	16352	9.75	9.62	9.54	9.75
sh601100	-103	-434	0	0	-857.65	37572	27.35	27.85	27.20	28.20
sh600693	-11576	-9335	-4397	-1000	-620.87	31215	10.52	10.37	10.33	10.59
sh600093	-28228	-25246	-16832	-11417	-3270.72	96660	11.00	10.80	10.64	11.10
sh600306	-15982	-11119	-4190	-3149	-1360.57	59591	11.24	10.96	10.83	11.28
sh600867	4510	3859	1025	0	837.30	71021	23.90	23.99	23.82	24.27
sh603309	1954	2099	2099	2099	48.07	6027	18.36	18.26	18.08	18.50
sh603266	12	0	0	0	-51.48	2836	25.30	25.23	25.11	25.36
sz002043	1744	-1095	2186	583	-672.50	80269	11.93	11.97	11.82	11.98
sz002155	-7727	-7424	-6941	-3287	-204.44	62642	9.11	9.12	9.07	9.21
sh603269	3959	3664	1953	1253	-28.25	8814	22.88	22.87	22.70	23.23
sh600122	1383	5738	16282	19638	3376.95	120125	9.74	9.84	9.67	9.95
sz002016	-26359	-26496	-17951	-10308	-2819.56	113457	10.17	9.92	9.84	10.34
sh603063	-397	-298	0	0	-51.58	10748	17.50	17.56	17.40	17.84
sz002394	-1095	-785	0	0	-220.25	11681	12.18	12.18	12.16	12.24
sh600303	-5947	-4607	-1000	-1000	-374.13	26485	9.11	9.13	9.11	9.21
sz002390	-8598	-7048	-3123	876	-570.83	72324	8.18	8.18	8.12	8.25
sz002393	-295	-709	-657	0	-65.57	5845	31.81	31.85	31.75	32.04
sz002019	7222	5612	3098	1741	790.90	185965	21.89	22.29	21.89	22.83
sh603289	5272	2192	0	0	488.66	58688	17.27	17.77	17.23	17.94
sh600260	-1648	-701	-469	0	-327.91	31121	29.43	29.06	28.88	29.43
sh600266	-23166	-20054	-13124	-5231	-56.39	154857	13.39	13.03	12.85	13.39
sh600269	-4638	-3663	-4717	-6752	-318.21	44258	5.05	5.05	5.03	5.07
sz002482	-12042	-9208	-7351	-4397	-674.53	41404	8.05	7.94	7.93	8.12
sh600138	8071	5433	1671	1036	1033.89	40941	19.40	19.64	19.33	19.72
sz300001	-1058	-294	-183	0	-625.19	21434	13.47	13.39	13.32	13.48
sz000301	-11176	-11180	-8646	-4149	-495.60	58963	5.29	5.30	5.27	5.33
sz300611	401	325	0	0	-14.31	7709	14.37	14.29	14.28	14.60
sz002279	-25023	-18560	-7754	-5113	-1843.47	100340	11.07	10.66	10.60	11.10
sz300615	-2536	-1413	-2412	-1816	-1318.47	21499	32.95	32.26	31.90	33.14
sz300619	89	-216	0	0	144.15	16814	43.69	44.32	43.35	45.44
sz002271	9324	7843	2098	0	1525.12	63129	37.60	38.54	37.47	39.08
sh600337	-11575	-9766	-1040	0	-446.42	41534	6.12	5.92	5.91	6.12
sh603605	3149	963	1014	0	-73.51	38394	26.68	26.89	26.46	27.28
sz002572	-1876	-1954	-1162	0	1628.22	41983	37.20	36.79	36.40	37.36
sh603600	101	0	0	0	0.00	4038	14.19	14.17	14.08	14.29
sh603601	-395	-334	-140	0	-98.48	10456	13.52	13.46	13.32	13.63
sh603603	-320	-237	0	0	36.28	16540	35.33	35.28	35.01	35.57
sz000429	10831	8481	5982	3624	994.89	49834	7.99	8.14	7.99	8.16
sz002472	-8522	-8655	-7452	-2610	-1024.02	28952	9.99	9.91	9.79	10.02
sh603767	-596	220	0	0	-66.35	10640	14.85	14.70	14.68	14.96
sh600007	647	820	0	0	-29.47	4082	17.02	16.93	16.90	17.17
sz000657	-488	1026	0	0	30.90	15432	12.09	12.09	12.01	12.30
sh603127	835	302	0	0	360.39	14430	50.53	52.61	50.15	53.20
sh600419	-176	-301	0	0	76.18	3013	46.50	46.57	46.35	47.19
sh603178	692	477	0	0	16.82	4908	14.13	14.11	13.83	14.25
sz002875	120	0	0	0	43.14	2457	26.29	26.23	26.19	26.43
sh600395	-6561	-6880	-8388	-6560	-342.78	84120	6.69	6.69	6.66	6.78
sz002877	1122	594	829	0	184.04	15800	22.99	23.17	22.75	23.64
sh600392	7447	6443	4863	-901	6087.74	499065	15.30	15.92	15.30	16.40
sz002872	-349	136	0	0	-347.79	7160	29.80	29.92	29.80	30.19
sz002878	-147	0	0	0	-119.10	6171	35.00	34.55	34.51	35.44
sh603012	-6074	-5030	-1740	0	-201.03	21615	7.67	7.50	7.43	7.75
sz000959	-6390	-5417	-3013	-569	172.63	41174	5.90	5.89	5.87	5.93
sh600098	37066	35506	24216	13993	1984.05	148368	6.98	7.11	6.96	7.15
sz300094	-1604	-2451	-1350	-2000	-119.76	36719	6.92	6.88	6.84	6.96
sz300097	-4937	-2898	-1324	0	-1731.52	30548	32.72	32.32	31.69	32.76
sz002909	-1924	-774	-631	0	-937.28	28281	19.83	19.26	19.00	20.18
sz000951	-2961	-1854	-1679	-1072	1337.95	64594	16.42	16.55	16.42	16.90
sz300098	7367	5851	4284	764	610.35	105240	13.51	13.57	13.35	13.68
sz000952	-795	128	-22	0	129.24	23644	14.51	14.63	14.40	14.70
sh600090	4165	4912	4834	0	415.42	34261	8.01	8.09	7.88	8.11
sz000957	-5126	-3661	-753	0	-512.54	21406	10.72	10.61	10.58	10.72
sh600231	13003	13112	21946	17615	184.50	285710	5.25	5.24	5.18	5.31
sh603118	-4349	-2348	-526	0	-193.62	24695	8.83	8.74	8.71	8.86
sz002888	-82	-200	0	0	21.06	3144	27.20	27.22	27.00	27.40
sh600308	-16761	-2046	404	-138	77.66	68863	6.55	6.53	6.48	6.57
sh600463	-2374	-2094	-561	0	-304.70	9394	11.46	11.16	11.05	11.46
sz002881	101	0	0	0	-230.73	15710	30.99	31.00	30.63	31.35
sz002880	0	0	0	0	120.18	4582	53.19	53.62	52.74	53.97
sz002883	-489	-334	0	0	-65.79	4966	42.11	42.45	42.11	43.28
sh603113	-144	-336	0	0	-189.85	13250	21.81	21.89	21.81	22.15
sz002885	0	0	0	0	43.53	5131	33.00	33.42	32.82	33.82
sz002884	-116	0	0	0	102.18	3818	50.87	51.30	50.87	51.75
sz002886	-2417	-1189	-651	0	-786.71	32366	39.76	39.29	39.00	40.09
sz000002	-13525	-10665	-5488	-5930	3410.90	342206	29.60	29.85	29.57	30.20
sz002873	-315	-200	0	0	64.27	4146	39.54	39.41	39.05	39.87
sz300535	-794	0	0	0	-125.22	5715	35.86	36.04	35.66	36.39
sh600926	-18891	-18663	-12553	-3505	-2494.35	94726	11.20	11.09	11.08	11.20
sh600648	-3147	-2643	-1780	0	-352.74	10775	17.94	17.80	17.73	17.94
sh600133	-11211	-10321	-5681	-2420	-764.04	41584	9.03	8.99	8.96	9.06
sh600644	-6708	-3638	2267	880	94.91	89922	7.35	7.33	7.17	7.40
sh600131	-3595	-984	-1017	-1017	-123.82	16149	7.28	7.13	7.12	7.28
sh600136	-17873	-14428	-4207	-1039	-2039.35	105024	14.36	13.40	13.05	14.36
sh600642	70576	64334	53606	50974	2687.58	324517	5.84	5.97	5.82	6.00
sh603507	678	245	0	0	514.67	31428	37.99	38.90	37.70	39.88
sz002757	-668	-437	0	0	-427.05	3908	36.84	36.26	36.19	37.13
sh600167	644	209	0	0	-46.78	11095	27.00	26.90	26.55	27.03
sz002619	1444	3254	6034	4979	508.99	56934	6.42	6.41	6.36	6.45
sh600522	-5883	-4030	-507	-3066	-1537.28	385901	14.83	14.87	14.81	15.05
sh603508	-502	-400	0	0	-308.19	6546	39.19	39.06	38.93	39.25
sh600483	-1914	-996	0	0	-50.27	9386	7.56	7.50	7.50	7.57
sz002901	1146	-620	-105	1438	-1247.55	51879	35.40	35.88	35.40	38.08
sz002902	-5218	-2317	-806	0	-2514.82	48485	40.13	39.49	39.30	40.78
sh600577	-1896	407	455	552	54.89	31219	3.82	3.82	3.81	3.84
sh600487	-5973	-5139	-1715	1075	-7354.24	190268	43.14	42.67	42.51	43.28
sh600486	870	936	0	0	-447.20	10244	49.06	48.79	48.61	49.27
sz000756	-14830	-13403	-8054	-3554	-1370.08	56190	14.38	13.91	13.85	14.40
sz300545	0	0	0	0	-117.88	2908	69.00	69.44	68.03	69.90
sz300632	36	0	0	0	54.53	5208	21.31	21.25	21.18	21.51
sz300543	-1165	-469	0	0	-192.00	13529	31.07	30.99	30.79	31.38
sz300269	-4633	-3509	-292	1267	-593.13	44027	12.55	12.59	12.47	12.72
sz002611	411	915	-906	0	197.59	34761	12.56	12.85	12.56	12.98
sz300118	5782	4873	5324	2515	850.97	44035	12.25	12.47	12.22	12.58
sz000715	1220	1087	0	0	144.90	4616	9.44	9.54	9.44	9.58
sh603500	493	300	0	0	40.25	10959	24.99	24.62	24.50	25.08
sh601928	6356	6965	8687	5169	927.38	42339	8.19	8.26	8.15	8.34
sh603183	-287	-222	0	0	-48.81	16414	37.10	36.66	36.60	38.25
sz000758	9969	11099	11366	7826	276.03	95518	6.29	6.34	6.28	6.44
sz000049	-710	-227	529	0	-460.09	20668	40.75	40.69	40.53	41.09
sz000507	11185	9701	970	-1845	1737.86	94576	9.87	9.97	9.82	9.98
sh601607	10386	8544	1844	-2453	3500.29	122045	24.47	24.82	24.41	25.07
sz000501	-7828	-5207	-3274	0	-1111.37	42098	16.19	16.16	16.12	16.38
sh600638	537	799	0	0	115.54	4728	15.35	15.38	15.26	15.45
sz300401	-3526	-4025	-532	0	-181.78	24096	44.40	44.64	43.50	44.91
sh600737	-5255	-3524	-2976	-1259	-342.22	51107	8.07	8.05	8.03	8.11
sh600736	-6544	-5719	-5256	-3989	-318.02	27831	6.12	6.12	6.07	6.15
sh600828	2996	-225	-1109	0	-157.65	27107	6.20	6.24	6.17	6.30
sh603345	193	253	0	0	68.61	7616	23.41	23.53	23.34	23.62
sz002721	27399	25454	23149	23354	2230.82	133858	15.75	16.21	15.48	16.38
sz002050	-1515	344	-9975	-10290	6525.06	338081	19.20	19.35	18.88	19.39
sz002724	-4335	-2755	-1336	0	-116.97	14449	9.62	9.59	9.56	9.79
sz002057	-21	-114	-596	0	-79.68	20346	12.95	13.05	12.86	13.18
sh600415	-28864	-25518	-19424	-4000	-929.95	111558	5.94	5.90	5.89	5.95
sh601669	-8862	-8398	-6459	-6823	-861.21	69473	7.27	7.26	7.25	7.31
sh603026	80	-20	0	0	18.80	14991	24.56	24.69	24.44	25.14
sh601666	21856	17074	9912	9541	785.14	338358	6.01	6.13	6.01	6.18
sh600684	-3550	-2074	-1822	-1626	-23.53	23129	5.98	5.96	5.92	5.99
sz002684	8912	9060	4431	1000	-239.15	23959	17.70	17.62	17.61	17.85
sz002682	4030	2358	1655	1121	149.67	22783	10.82	10.97	10.82	11.09
sz000826	-7366	-5624	-1100	1004	-2670.70	46521	34.89	34.46	34.41	34.99
sz000828	-3120	-1822	-100	0	24.46	17826	11.33	11.33	11.22	11.36
sh601326	-10645	-12816	-11097	-10731	476.20	120287	5.52	5.58	5.51	5.66
sh601288	-110981	-115898	-114753	-115400	-7021.00	1542766	3.70	3.67	3.66	3.71
sh600969	-967	-623	0	0	-62.01	6784	12.50	12.50	12.46	12.54
sz300043	-1146	-774	-1150	0	-105.73	28828	6.40	6.43	6.37	6.47
sz300041	-6609	-5412	-2694	-1650	-387.37	25834	10.02	9.97	9.94	10.08
sz300046	-14341	-7151	-3288	-1103	-4003.20	100045	23.11	22.92	22.45	23.41
sz300160	-7723	-6058	-456	1144	-318.23	31973	7.77	7.63	7.60	7.80
sh603939	361	313	0	0	-654.45	10575	45.00	43.69	43.63	45.95
sz300658	0	0	0	0	-66.83	3691	29.89	29.79	29.56	30.22
sz300655	274	0	0	0	393.09	8373	28.30	28.61	28.30	29.31
sz300654	-3329	-2646	-1147	0	-941.12	21239	30.66	29.46	29.42	30.66
sz300653	116	0	0	0	-25.83	3243	34.60	34.95	34.60	35.36
sz300652	-118	0	0	0	71.29	4046	26.70	26.61	26.50	26.87
sz300651	30	77	0	0	-2.21	2694	33.47	33.39	32.88	33.50
sz300650	-201	-201	0	0	162.60	5788	34.54	35.35	34.22	35.46
sh603238	13	0	0	0	80.93	6270	22.48	22.51	22.41	22.73
sz002900	-1284	-546	0	0	-210.20	14437	27.03	26.78	26.74	27.20
sz300669	0	0	0	0	0.00	2673	23.59	23.62	23.57	23.81
sh600854	12638	9106	4544	-235	450.02	65170	5.20	5.33	5.17	5.35
sh603233	460	0	0	0	279.83	9588	50.00	50.37	49.60	50.44
sh603232	0	0	0	0	104.67	2033	48.23	48.19	47.87	48.49
sz300493	-13529	-9107	-3121	-1263	-1863.57	72638	15.43	14.90	14.80	15.59
sz002126	-3521	-2653	-59	-616	550.98	42282	9.51	9.52	9.49	9.65
sz002127	-4356	-1282	1044	0	18.45	53958	12.65	12.53	12.51	12.94
sh603725	-2354	-863	0	0	-473.82	26820	20.10	19.81	19.60	20.62
sz002431	-27233	-23686	-17680	-12448	-3032.97	114487	8.57	8.44	8.43	8.62
sh603721	595	0	0	0	168.74	8674	26.53	26.58	26.26	26.95
sz002121	-4642	-4339	-1143	0	-323.08	26408	8.99	8.93	8.91	9.03
sh603303	254	-200	0	0	-89.40	11048	13.63	13.72	13.63	13.80
sh603728	-747	727	0	0	210.37	18422	23.06	23.25	22.92	23.45
sh600352	27338	29429	24957	30046	-3920.10	823130	12.00	12.16	11.94	12.23
sh600298	17	-810	-583	0	-576.79	56603	34.88	34.69	34.60	35.48
sh600299	-6687	-6328	-3108	0	-1062.34	27346	10.31	10.22	10.15	10.35
sh600356	-2365	-2055	-1570	-1000	-46.86	12114	8.25	8.28	8.25	8.34
sh600293	914	2364	4300	3345	573.40	32121	7.86	7.90	7.79	7.91
sz000786	-4200	-3478	-3384	-1936	-2890.90	391436	22.16	22.77	22.15	23.26
sh603801	-326	-200	0	0	-295.85	7183	54.08	54.30	53.75	54.79
sz000153	-5316	-4409	-3915	-2362	-394.84	23030	7.97	7.82	7.82	7.97
sh600297	-21822	-4517	-2529	1561	970.51	200302	7.76	7.80	7.72	7.91
sh600295	-5877	-5591	-1530	2698	-2241.56	237473	14.60	14.58	14.28	14.90
sz300463	-2517	-384	-636	0	17.00	16890	23.81	23.56	23.55	23.92
sz002581	-1299	-615	-232	0	-772.52	13451	18.34	18.04	18.00	18.38
sz300195	-445	-109	-4	0	99.22	7620	14.03	14.02	13.81	14.03
sz300197	-23257	-16668	-12361	-6114	-2076.49	129199	11.89	11.72	11.70	11.98
sz000910	2905	3486	3025	1019	822.21	32384	23.37	23.23	23.20	24.15
sh600213	-379	-313	0	0	-1.79	14240	9.72	9.69	9.67	9.85
sz000919	-880	-777	-664	0	-150.36	9029	8.77	8.75	8.70	8.80
sz300199	2030	3648	294	319	297.81	44460	16.40	16.54	16.39	16.65
sz002221	7608	3463	2376	573	-3668.30	497977	12.23	12.77	12.20	12.91
sh603157	-400	225	0	0	-71.98	14630	15.47	15.38	15.34	15.57
sh603305	1608	871	0	0	173.41	17657	37.82	37.79	37.20	38.45
sh603158	165	0	0	0	6.49	2478	18.97	18.83	18.61	18.97
sh603159	-300	-300	0	0	-13.96	6695	25.94	25.47	25.35	25.94
sh600221	-41544	-27895	-18121	-7564	-984.49	292807	3.13	3.13	3.12	3.15
sh600848	-5040	-3353	0	0	-751.28	28394	23.21	22.98	22.90	23.39
sh600173	-1897	-1182	-529	0	-137.44	17145	5.84	5.83	5.80	5.92
sz002807	-28249	-25137	-16756	-6866	-1314.95	118892	8.00	7.95	7.94	8.03
sh600079	4149	4166	4269	1430	-696.65	60570	18.08	18.16	18.01	18.25
sz000685	8130	6564	4549	1938	-210.87	39225	10.22	10.26	10.17	10.32
sh600073	-7685	-6459	-2364	-885	-712.68	43176	8.30	8.20	8.19	8.33
sh601888	-6889	-3808	-827	-2134	828.30	53884	43.99	43.60	43.35	44.27
sz300450	4067	1718	-589	0	1920.03	44945	59.70	61.80	59.50	62.90
sh601882	248	-610	-1310	0	-334.10	24408	10.10	10.07	10.01	10.25
sz300341	-1581	-682	-639	0	-43.55	7158	6.90	6.84	6.80	6.90
sz300343	-608	-1030	-893	0	181.01	20775	12.37	12.40	12.27	12.43
sz300347	-1	212	0	0	-400.36	11933	33.85	33.44	33.39	34.32
sz002105	-1474	-686	0	0	36.50	10813	6.38	6.38	6.36	6.42
sh603963	-167	0	0	0	83.10	6887	24.80	25.04	24.66	25.30
sz000960	1156	1654	5239	-3	632.39	104681	12.31	12.29	12.22	12.49
sz000961	-230	-539	-415	5136	25.20	54512	6.05	6.05	6.05	6.08
sh601107	8054	8461	6625	5937	80.59	45042	4.08	4.12	4.06	4.14
sh600581	-2771	-3701	-5966	-1803	-236.99	272033	13.75	13.67	13.58	13.93
sh600459	-122	1045	0	0	-478.88	21497	21.54	21.56	21.46	21.83
sh600586	2768	2665	7497	8022	183.46	79474	4.47	4.53	4.46	4.54
sh600452	-768	1	0	0	-123.92	12976	37.00	36.54	36.05	37.52
sh600779	-7838	-5970	-432	1233	-11413.97	113621	48.60	46.49	46.25	48.80
sh601311	6051	6232	3210	2000	201.94	28715	12.94	12.93	12.87	13.00
sh603496	-104	0	0	0	-81.30	6716	34.40	34.43	34.24	34.83
sh600674	-797	-854	1836	2649	1293.52	136442	10.19	10.19	10.13	10.28
sh601086	-14634	-10411	-1692	-3300	-625.00	106808	7.64	7.58	7.54	7.78
sz002769	-2435	-1824	-811	0	-159.74	9063	14.41	14.35	14.27	14.50
sh600673	2534	2790	5129	6743	418.10	84327	6.84	6.84	6.72	6.85
sh603378	-4117	-5858	-4494	-4494	-585.42	89408	22.23	23.26	22.11	23.43
sz002766	-9480	-7118	-1652	0	-1426.91	39656	14.20	13.60	13.41	14.20
sh600439	12190	11269	6889	1084	-114.14	50474	5.60	5.59	5.57	5.61
sh601088	14188	12010	9554	3047	4785.44	232103	22.65	23.13	22.64	23.23
sz002763	-1280	-745	0	0	-190.58	6838	14.07	13.90	13.90	14.07
sz002643	-3330	-1207	669	1000	-69.01	39643	11.42	11.30	11.24	11.45
sz002317	-8815	-8651	-7988	-2564	-898.60	60642	12.86	12.84	12.75	12.91
sz002164	-3676	-2957	-1728	0	-262.13	18590	8.95	8.86	8.85	8.96
sz002645	-535	-68	0	0	-286.94	8641	18.34	18.33	18.26	18.54
sz300539	1369	1311	0	0	33.77	4911	10.72	10.73	10.65	10.79
sz300536	-6397	-3497	581	0	-1382.10	43768	16.65	16.45	16.28	16.81
sz300537	-3181	-1692	0	0	-91.66	12611	15.20	15.30	15.20	15.65
sz002648	31316	26740	11695	8804	3884.83	165641	15.29	15.88	15.22	16.18
sz002527	-3306	-1994	-540	0	-147.21	16085	10.04	10.00	9.97	10.11
sh603989	109	250	0	0	-145.14	4927	36.95	36.96	36.60	37.09
sh603578	-543	-206	0	0	-229.87	9086	31.31	31.73	31.31	32.09
sh600688	21155	16348	16235	13512	673.62	126792	6.30	6.38	6.30	6.43
sh603197	102	0	0	0	101.68	5306	53.09	53.22	53.05	54.20
sh601811	-2049	-1418	0	0	-265.24	11715	13.10	13.09	13.06	13.23
sh600681	2102	7	2441	1014	-919.83	138106	13.97	14.53	13.81	15.00
sh601996	-18348	-16754	-14272	-10865	-122.65	58877	5.04	4.98	4.96	5.04
sz000042	137	0	0	0	24.64	3795	16.28	16.48	16.20	16.64
sh600887	-15780	-13324	-9223	-5880	-11788.70	358512	33.20	33.16	32.88	33.70
sz002002	1529	831	-1365	-1006	-701.72	38629	6.93	6.93	6.88	6.98
sh600823	-23531	-25073	-30116	-31922	-1223.20	99059	4.86	4.83	4.81	4.91
sh601225	-12313	-11906	-7913	-15220	-4052.17	472659	7.97	7.96	7.93	8.04
sh600708	-11308	-10937	-9373	-4106	-36.93	47102	6.73	6.71	6.68	6.80
sh601799	240	240	0	0	181.33	5377	50.13	49.73	49.08	50.89
sh603688	2709	2157	859	2739	310.77	26964	15.80	15.91	15.58	16.15
sh600814	-3690	-3561	-1069	0	-234.13	29819	8.90	8.92	8.82	8.95
sh600701	-4956	-2890	-48	1041	-142.27	43907	10.27	10.28	10.18	10.40
sz300452	530	200	0	0	-72.75	12276	26.48	26.51	25.54	26.59
sz300457	-3233	-3311	-1176	0	-588.10	26539	27.58	27.66	27.42	28.27
sz002008	-7314	-7195	-3126	-2343	-57.50	160687	53.81	54.17	53.60	54.36
sh603277	-4058	-1598	-955	-1500	-524.97	60096	18.48	18.25	18.22	19.01
sz002166	-3343	-2213	-1026	0	-266.57	17258	10.12	10.12	10.07	10.18
sh603803	-1247	-769	0	0	18.94	10447	18.02	17.80	17.77	18.19
sz002001	16881	13682	8350	-318	15115.50	316686	36.92	39.31	36.92	40.00
sz002169	-14376	-12031	-9053	-7620	-459.43	48985	5.11	5.03	5.00	5.16
sh600635	15205	13378	8645	6479	332.44	564206	4.77	4.95	4.75	5.08
sz000818	-14604	-12681	-11371	-10550	-339.06	60804	12.16	12.08	11.90	12.23
sz000548	-8376	-7604	-4461	-2592	-291.06	25413	6.38	6.35	6.34	6.44
sz002363	-969	-951	0	0	-359.14	12203	8.79	8.69	8.65	8.79
sh603076	200	200	0	0	-12.05	8790	33.20	33.14	33.10	33.70
sz002367	-5064	-4455	-1401	0	-152.58	15925	8.48	8.46	8.44	8.55
sh603299	-10088	-6076	-2075	-721	-1180.90	55085	10.00	9.65	9.62	10.06
sz002042	6985	8069	15139	4053	441.39	85026	13.00	12.97	12.78	13.00
sz300394	-1657	-808	0	0	-466.58	9902	22.80	22.50	22.38	23.09
sh600251	-11211	-7378	-4508	-1144	-382.93	44982	7.72	7.63	7.61	7.75
sz300017	-32698	-27533	-21233	-17881	-7364.96	446654	9.37	9.07	9.06	9.46
sh600371	-1965	-1044	0	0	-38.15	9353	10.40	10.37	10.33	10.50
sh603813	-984	0	0	0	-289.09	13276	28.01	27.92	27.83	28.66
sz002725	-545	-698	0	0	-89.97	4651	14.15	14.05	14.05	14.30
sz300626	-176	0	0	0	44.66	1215	27.98	27.91	27.53	28.38
sz300627	-132	0	0	0	-145.47	3685	44.38	44.38	44.02	44.71
sz300625	-957	-533	0	0	-179.72	7771	24.92	24.58	24.58	24.92
sz300620	-564	0	0	0	-465.74	8458	39.18	39.22	38.97	39.70
sz002493	16381	11403	7575	-556	1455.89	238293	14.86	15.24	14.65	15.60
sz300058	-7059	-8221	-6955	-7219	-501.53	70788	6.03	6.06	6.02	6.13
sz002262	-5559	-4436	-2155	0	-315.63	47292	14.63	14.60	14.55	14.86
sh603617	2442	1378	929	0	731.76	13543	23.35	23.79	23.17	23.96
sh600886	3803	4062	-6366	-4511	-192.83	147068	7.42	7.47	7.41	7.48
sh603615	-1011	0	0	0	193.45	8745	13.70	13.81	13.50	14.00
sh603976	-277	0	0	0	31.11	4848	26.02	26.19	26.02	26.57
sz002501	-20096	-16510	-6343	-140	-1304.30	65955	9.96	9.80	9.77	10.00
sh603758	78	-200	0	0	-44.42	11541	13.31	13.31	13.25	13.46
sz002463	-16837	-9877	2639	6525	11.46	308068	5.79	5.78	5.74	5.86
sz002462	-665	-286	0	0	-172.64	7254	27.81	27.53	27.52	28.15
sz002461	4217	4733	3684	1020	-155.88	51151	11.61	11.73	11.25	12.10
sh603619	8308	5583	674	0	2441.49	111330	33.00	35.58	32.81	36.55
sz002446	-16346	-11018	-4904	-1907	-1374.31	78293	11.00	10.59	10.59	11.00
sh603776	-305	0	0	0	-460.88	18953	61.03	61.12	60.52	62.31
sh600409	3721	7371	6755	1054	2663.70	237851	9.35	9.49	9.28	9.58
sh600791	-8762	-5712	-4469	0	-131.77	38056	7.01	6.93	6.93	7.05
sh603021	787	1624	539	0	83.29	13248	10.17	10.23	10.00	10.38
sz002867	-309	0	0	0	-167.64	6044	27.38	26.92	26.88	27.38
sz002866	-1893	-1146	-535	0	369.02	11538	36.69	36.41	36.32	36.98
sh600790	-13258	-12666	-7813	-5584	-95.91	32685	5.99	5.94	5.93	5.99
sz002863	50066	42380	31906	30129	-13054.31	219015	14.09	14.09	14.09	14.98
sz002862	-190	-200	0	0	-1.03	2109	27.67	27.52	27.49	27.88
sz002861	-352	-230	0	0	-93.45	5427	25.85	25.66	25.54	26.08
sz002860	1649	668	619	0	968.22	19037	39.58	41.80	39.49	42.78
sz300305	-468	-346	0	0	-22.95	7430	7.61	7.57	7.52	7.64
sh603991	0	0	0	0	13.18	1924	27.38	27.44	27.11	27.78
sz300303	-10224	-9855	-8363	-3300	-354.76	38910	3.78	3.73	3.72	3.79
sz002868	0	0	0	0	-27.72	1848	23.30	23.21	23.21	23.50
sz000928	-693	-844	-326	-1789	-59.47	36515	5.85	5.84	5.81	5.90
sh600089	-9761	-6531	-3199	-4651	2961.69	470883	9.75	9.89	9.72	10.01
sz000921	-11572	-11999	-4864	-1001	-4580.75	116184	14.42	14.35	14.31	14.69
sh600081	-334	-304	-506	0	-112.74	8078	11.80	11.78	11.72	11.84
sz000923	-860	-949	-663	0	-475.05	20042	22.71	22.39	22.38	22.83
sh603103	-115	200	0	0	-123.93	15275	26.14	26.13	26.02	26.55
sz002716	-3410	-2562	-707	2015	-817.07	28971	18.92	18.81	18.76	19.01
sh603106	-3871	-2662	-938	0	-1220.50	50826	24.00	23.81	23.66	24.43
sh600988	-16988	-16759	-11496	-3938	-627.25	151547	5.96	5.92	5.88	6.02
sz000030	-493	81	1249	-1006	27.23	20486	7.86	7.94	7.86	7.95
sh603005	-5208	-3795	-738	54	-2683.70	51132	37.24	36.16	35.86	37.52
sz002300	-1382	-2500	-2865	-2323	103.75	47882	8.88	8.93	8.80	8.94
sh600101	1321	568	0	0	-24.24	15080	9.03	9.07	8.98	9.16
sz300578	-134	0	0	0	-25.91	2816	36.61	35.43	35.38	36.61
sz002609	-607	-241	0	0	-24.78	3598	14.95	14.92	14.85	14.95
sh603535	-535	-548	0	0	-161.86	14672	25.30	25.10	25.03	25.44
sh603538	-334	-7	0	0	-377.52	10041	27.73	27.26	27.20	27.86
sz002910	-1264	-2126	-1484	-1484	-10.54	51650	17.37	17.44	17.36	17.92
sz002603	-978	-876	-200	0	-89.02	11804	15.60	15.66	15.53	15.68
sz002602	2875	2996	3201	1074	-104.40	22152	33.88	34.20	33.69	34.88
sz002601	-19415	-17833	-10382	-4401	-4396.60	108023	15.25	15.12	15.06	15.33
sz000797	3352	5513	5570	-131	962.58	67664	11.51	11.60	11.41	11.79
sz000796	-1243	-318	-500	0	45.57	18754	13.47	13.45	13.36	13.65
sz300371	-1671	-441	0	0	-154.32	11768	19.02	18.75	18.63	19.14
sz300373	2956	-2802	-1024	-1224	1039.56	110526	29.29	29.40	28.81	29.65
sz000722	-1501	-654	0	0	-21.42	8315	8.73	8.76	8.73	8.83
sz000723	-4170	-2532	6282	8854	-869.93	84347	7.16	7.10	7.01	7.16
sh600039	-6947	-5396	-5429	-4863	-164.61	34700	4.02	4.00	4.00	4.03
sh600033	-19427	-16992	-10766	-4615	-101.02	57339	3.60	3.61	3.60	3.62
sz000729	93699	94100	78864	72118	9692.15	533247	6.57	6.97	6.50	6.99
sh600037	4798	5844	4643	2601	-174.83	44153	12.83	12.85	12.76	12.89
sh600035	-318	696	2114	1516	-17.60	22871	5.34	5.35	5.29	5.36
sz000513	-3273	-1700	-3427	-2278	1889.78	76130	69.90	69.16	69.08	71.50
sh601595	-810	-380	0	0	-129.42	6883	18.76	18.60	18.59	18.76
sz000517	-1214	-1835	495	570	95.92	35610	3.38	3.40	3.36	3.41
sh603937	-5838	-4223	-3360	-2953	-1869.13	156225	22.70	22.77	22.52	24.05
sh601611	31306	32434	32735	24798	3659.32	216898	10.46	10.91	10.38	11.06
sz002661	-119	-220	0	0	-41.96	4634	14.29	14.30	14.26	14.36
sh600746	-2271	-1557	0	0	-116.58	13505	8.19	8.13	8.11	8.19
sz002731	-184	-49	0	0	-20.74	4861	19.64	19.55	19.34	19.67
sz002730	-5050	-1355	-1500	-1500	281.06	60510	13.38	13.62	13.27	13.80
sz002041	-4690	-2690	-677	0	-333.39	20987	12.33	12.18	12.15	12.40
sz002905	-591	-611	0	0	-294.38	7212	33.80	33.56	33.53	34.02
sz002320	9472	8343	4705	2201	477.19	55296	20.73	21.46	20.73	21.50
sh603031	322	260	0	0	18.61	4473	23.26	23.55	23.15	23.70
sh603881	-8177	-3756	-1208	63	-6509.31	109484	50.00	47.93	47.52	50.48
sz000425	13382	13797	10777	9609	-2713.04	689380	4.05	4.04	4.01	4.06
sh601689	-313	-387	0	0	-453.01	15130	25.20	25.24	25.20	25.59
sz000421	20525	14839	5697	978	382.79	112615	6.24	6.55	6.19	6.65
sz300054	-29681	-23792	-10507	-2829	-2409.23	175194	12.58	12.40	12.37	12.65
sz300057	-1992	-758	596	0	81.19	11667	10.13	10.14	10.00	10.18
sz300051	-6837	-5355	-2411	-1076	-244.48	28388	9.90	9.74	9.73	9.92
sz300119	-499	287	-500	0	24.63	6950	11.56	11.57	11.56	11.75
sh603399	-3240	-4176	-3603	-2100	671.63	46425	14.42	14.47	14.42	14.89
sh600521	-10427	-10033	-8473	-3791	-4119.26	103521	30.03	29.70	29.36	30.23
sz300059	-38573	-35666	-26553	-14020	-9424.22	386904	12.86	12.90	12.82	13.06
sh603393	9965	4322	0	0	681.71	113705	39.99	42.29	39.26	43.31
sz300113	-17252	-18040	-10961	-8572	-7351.50	170717	18.80	18.16	18.15	18.90
sz300662	-122	0	0	0	177.85	5360	24.64	24.75	24.58	25.44
sh601500	-3457	-2105	0	0	-73.76	26328	10.05	9.98	9.95	10.16
sz300258	-5079	-1570	1357	1357	-1112.50	36518	14.58	14.40	14.06	14.58
sz300667	-320	0	0	0	-144.82	6918	39.30	39.02	38.79	39.45
sz300665	-591	-741	-554	0	4.58	14637	28.00	27.71	27.71	28.43
sz300701	-741	-308	0	0	-609.52	13005	36.00	35.42	35.35	36.78
sz300703	-238	0	0	0	41.08	3942	31.09	30.96	30.85	31.29
sz300702	0	0	0	0	120.03	4793	38.95	38.90	38.69	39.15
sz300705	-745	-10	0	0	150.54	13482	23.94	24.14	23.77	24.49
sz300707	209	270	0	0	-359.04	19757	43.30	44.11	43.00	45.43
sh600963	-15551	-14035	-10269	-6653	-967.17	63732	6.65	6.64	6.60	6.69
sz002139	-1519	-1490	-1782	0	-294.35	54268	11.84	11.96	11.84	12.02
sh600841	-5161	-1938	-1398	0	-486.82	22176	12.40	12.18	12.15	12.48
sh600219	51662	49258	40435	11359	-201.98	374784	3.50	3.52	3.49	3.54
sz300464	-3952	-1832	0	0	-44.55	36744	12.20	12.03	11.78	12.20
sh600846	-19386	-15911	-16356	-13115	-1159.42	163372	9.61	9.49	9.43	9.64
sh600845	46	452	73	0	-10.61	40221	18.25	18.22	17.92	18.30
sz300621	-104	0	0	0	36.50	2696	19.02	18.80	18.75	19.10
sh603717	-1867	-515	0	0	-379.94	17262	27.20	27.28	26.91	27.36
sz002427	-2491	-1546	-109	131	-619.75	38582	34.16	33.80	33.34	34.16
sh603321	733	-6	0	0	-27.87	15426	10.95	10.93	10.91	11.13
sh603089	-74	0	0	0	-167.85	9594	23.43	23.24	23.21	23.57
sh603326	-899	-346	0	0	-193.16	8561	19.29	19.19	19.03	19.36
sz002789	-266	0	0	0	-168.74	4155	39.90	39.69	39.65	40.17
sh603081	-168	576	562	0	194.05	26475	27.95	27.28	26.68	28.14
sh603086	-535	0	0	0	-388.04	6111	37.29	36.99	36.87	37.50
sz002783	-402	-294	0	0	28.18	6155	17.81	17.96	17.80	18.05
sz002429	-44563	-37737	-24265	-18490	-438.17	279151	3.81	3.82	3.78	3.85
sz002781	-144	0	0	0	-30.54	2995	23.98	23.86	23.81	24.12
sh600367	-1529	-682	-773	1102	-390.65	33982	10.99	11.05	10.93	11.22
sh600362	-9321	-8859	-4590	-1562	1595.07	274634	17.99	18.01	17.78	18.18
sh600284	-1951	-1655	-1277	0	-324.39	15311	9.30	9.25	9.24	9.30
sh603817	1467	212	0	0	208.61	34268	12.28	12.49	12.21	12.57
sh603811	198	0	0	0	-185.60	7209	29.33	28.72	28.59	29.45
sh600283	3102	1247	-60	0	-177.90	68255	12.82	12.84	12.72	13.03
sh600282	-53295	-36445	-18822	-18610	2891.04	516046	4.84	4.83	4.79	4.89
sz300023	-3356	-1780	-1191	0	-323.00	19846	11.08	10.91	10.88	11.21
sh603200	-651	-205	0	0	-68.34	12802	40.16	39.94	39.55	40.25
sz300180	1435	1703	503	0	172.59	6719	24.25	24.33	24.13	24.50
sh603517	-495	-209	0	0	-26.43	5829	40.97	40.35	40.18	41.70
sh603882	1093	0	0	0	153.96	28840	29.10	30.00	29.10	30.50
sh603883	189	0	0	0	-141.37	6910	62.00	61.03	60.78	62.44
sh603880	170	0	0	0	73.95	7470	24.06	24.12	24.01	24.80
sz002558	-1431	-1521	-523	0	-1034.62	16825	36.68	36.18	36.11	36.84
sh600216	27802	25645	15291	4129	613.50	158852	12.87	13.29	12.80	13.42
sh600217	-2102	1206	-462	704	328.75	70904	7.09	7.09	6.99	7.16
sh603885	7273	5820	3268	-1000	3203.52	78404	14.80	14.92	14.61	15.07
sh603920	-1082	-500	0	0	-65.06	14980	17.58	17.48	17.47	17.83
sh603665	0	0	0	0	0.14	2632	30.20	30.71	30.20	30.97
sz002557	2953	2713	3036	800	-523.08	40495	16.08	15.88	15.80	16.26
sz000709	-9875	-5491	-2912	-6636	-926.68	358891	3.88	3.87	3.86	3.91
sz000671	-25401	-25768	-13969	-4188	1404.50	322523	7.39	7.41	7.34	7.53
sz000672	-2171	-6269	-3534	633	-910.18	161840	9.67	9.71	9.62	9.82
sh600064	-267	511	0	0	222.56	12277	14.10	14.00	13.99	14.13
sz000676	-1415	-603	0	0	-145.44	16853	11.46	11.33	11.30	11.46
sh601898	-13145	-12427	-10338	-11611	-564.65	76942	5.66	5.66	5.65	5.71
sh603860	349	-26	0	0	145.30	3857	33.31	33.53	33.30	34.16
sz002815	204	0	0	0	-324.64	13031	30.79	30.92	30.35	31.29
sz300231	-26421	-20750	-17552	-15204	-2868.61	440915	12.75	12.42	12.32	12.92
sh603866	-147	0	0	0	-21.60	2413	39.44	39.22	38.94	39.50
sz000700	-10007	-8348	-6909	-2394	-20.68	27902	5.62	5.58	5.57	5.63
sz300338	343	242	0	0	314.00	9023	21.89	21.76	21.23	21.89
sz300688	-994	-348	0	0	-496.87	14308	54.84	55.00	54.30	55.80
sz300689	-116	-233	0	0	0.95	17961	41.87	42.93	41.87	44.37
sz000601	-752	-503	270	0	19.94	9412	7.14	7.14	7.12	7.19
sz300681	-146	0	0	0	-406.65	5255	55.08	54.80	54.72	56.24
sz000608	-1835	-3584	-3158	-1145	-379.23	30938	6.33	6.44	6.33	6.47
sz300686	-218	0	0	0	-33.72	4946	21.70	21.73	21.62	21.96
sz300687	-161	0	0	0	-181.91	4656	45.89	45.22	45.01	46.17
sz000415	-32627	-28153	-28603	-28622	355.46	120447	5.69	5.71	5.66	5.71
sh600782	-67755	-62005	-46987	-44906	8073.13	935258	6.28	6.42	6.27	6.57
sz000417	-870	224	286	0	119.42	22398	8.02	8.07	8.02	8.09
sh600787	6288	1529	-4771	-2996	-1655.10	153196	11.13	11.25	11.01	11.33
sh601718	-3892	-2503	-2025	805	321.67	66885	6.71	6.73	6.66	6.78
sh600667	19002	18698	18134	15764	-4549.98	1013563	9.20	9.24	9.08	9.33
sh603568	-488	0	0	0	44.52	12470	21.10	21.15	20.86	21.25
sh600665	-9716	-8452	-5390	-4555	-106.19	31661	4.30	4.27	4.25	4.31
sz000780	-5502	-5518	-2182	-112	-17.49	20431	4.99	4.98	4.96	4.99
sh600661	11470	9426	2547	2547	2140.28	54050	23.82	25.45	23.82	26.00
sh600547	-1932	-2964	-1213	0	91.53	59402	29.77	29.87	29.65	30.05
sz300521	-1799	-729	0	0	-440.89	18045	17.46	17.08	17.02	17.69
sz000999	-667	-458	-280	320	-134.62	22244	25.75	25.84	25.67	25.89
sz002675	3663	1193	-2057	-1115	392.16	51590	12.10	11.99	11.80	12.28
sh601398	-72538	-67324	-62750	-56342	821.50	1186604	5.97	5.92	5.92	5.98
sz000895	-510	1047	-6	3522	2066.00	68631	27.30	27.40	27.22	27.57
sh603331	-93	200	0	0	91.21	7318	18.57	18.61	18.24	18.68
sz000899	-3217	-2028	-951	0	5.87	9486	5.80	5.76	5.75	5.82
sz002124	-4511	-3211	-1132	0	-472.40	15999	8.53	8.48	8.42	8.58
sz002678	-876	-241	0	0	-86.29	4231	11.10	11.06	11.02	11.17
sz000779	-3027	-2838	-1205	0	-364.10	11493	14.13	13.94	13.80	14.26
sz000778	-9583	-11694	-8686	-178	-726.91	131748	5.27	5.27	5.23	5.29
sz300233	-1467	-2422	-1414	1000	-398.89	17731	19.70	19.47	19.25	19.72
sh600529	-3550	-729	177	0	393.70	30119	20.69	20.71	20.48	20.85
sh601006	793	3629	2460	6425	623.05	348192	8.82	8.90	8.81	8.96
sh601001	-5242	-2174	-4941	-3526	-431.42	91486	5.85	5.90	5.82	5.96
sh603335	-1994	-1190	0	0	64.72	15614	10.62	10.70	10.62	10.77
sz000529	-489	-682	0	0	127.29	10658	6.96	6.99	6.95	7.01
sh601238	36471	32837	27879	19289	-1184.23	99140	24.17	24.58	24.15	24.69
sz000521	-5649	-4127	-2432	-1100	223.09	24468	5.11	5.10	5.08	5.12
sz000524	-1729	-1068	0	0	-92.25	9627	11.55	11.52	11.52	11.67
sz000525	-535	684	-334	0	258.23	34073	20.39	20.56	20.26	20.68
sz000151	-4047	-3132	-596	0	-536.98	19653	12.55	12.25	12.23	12.65
sh601789	-2088	-1090	-3262	75	-81.51	26993	4.50	4.52	4.48	4.55
sz002795	121	0	0	0	-3.76	5804	15.20	15.25	15.17	15.45
sz300428	-2843	-1657	0	0	-721.03	27240	19.07	18.89	18.81	19.27
sz300429	-5074	-5898	-3505	-1003	-2183.80	30467	23.90	23.20	23.00	24.44
sh600809	-13913	-11382	-8682	-4863	-2187.64	69114	57.33	56.14	55.95	57.73
sh603698	151	0	0	0	101.65	5620	19.81	19.79	19.64	19.85
sz300425	-16240	-13872	-4919	-2423	-1328.83	78366	10.88	10.77	10.63	10.88
sh600804	9104	6283	6658	10431	-1500.61	113946	16.85	17.05	16.70	17.19
sh600717	-7942	-7950	-5625	-2563	-633.81	41313	10.31	10.29	10.25	10.36
sz300421	-347	0	0	0	-19.24	4007	18.88	19.08	18.84	19.10
sz002582	4070	4585	4278	1672	532.58	54050	11.31	11.66	11.23	11.89
sz002627	-600	-600	-600	0	2.75	3304	18.10	18.17	18.03	18.18
sz002079	-21069	-18624	-15013	-11595	-6373.00	336306	9.73	9.69	9.60	9.96
sz300296	10759	7072	1378	-733	-738.21	108935	20.39	20.80	20.39	21.20
sh603367	-1056	-678	-239	0	-283.71	32155	17.81	17.98	17.81	18.16
sh603363	-1830	-1357	-608	0	-133.46	28173	12.47	12.53	12.47	12.79
sz300038	22567	16090	14363	15160	-1683.60	225372	48.10	49.59	47.89	50.76
sz000631	-15008	-11726	-11320	-5611	-347.27	49023	4.03	4.02	4.01	4.06
sz002370	-287	-178	0	0	-152.74	10830	14.76	14.73	14.60	14.93
sh603043	-67	0	0	0	11.19	9247	18.80	18.87	18.71	19.03
sz002129	-18382	-22415	-22670	-21878	-33587.50	3023986	12.00	11.58	11.58	12.20
sz000807	-21318	-20493	-19792	-17081	2572.62	548388	8.60	8.60	8.53	8.78
sh603599	-1123	-769	0	0	-35.30	21524	19.04	18.86	18.82	19.25
sz000553	-1881	-1286	449	0	-270.78	33777	15.66	15.66	15.62	15.94
sz000552	-12966	-12532	-13213	-8544	159.85	76110	3.44	3.46	3.41	3.47
sz002406	-3094	-390	0	0	99.20	16564	7.10	7.10	7.10	7.15
sh603997	6274	4596	0	0	382.77	24187	11.60	11.52	11.50	11.64
sh603917	-128	0	0	0	-822.18	44114	24.50	24.66	24.25	25.09
sh600569	-3679	-1851	8080	4056	1058.47	581578	4.70	4.74	4.68	4.82
sz300065	-2081	-1754	0	0	-1096.44	26541	19.16	18.84	18.74	19.33
sz300438	727	221	0	0	197.47	13383	29.42	29.60	29.30	29.95
sh603808	831	-450	-1158	0	408.19	13481	22.12	22.60	22.12	22.69
sz300063	-9666	-9368	-4827	-3897	-118.42	38795	5.58	5.53	5.52	5.59
sz300639	987	590	0	0	-420.29	34725	69.00	69.88	68.88	71.25
sh603809	424	0	0	0	51.24	19217	33.40	33.64	33.23	34.20
sz300144	-6155	-3690	468	0	-1484.28	58403	18.69	18.45	18.41	18.86
sz002402	-51357	-44615	-34846	-28559	-3880.75	181556	10.50	10.11	10.10	10.58
sz300635	3922	3034	600	0	422.53	24498	18.56	18.82	18.43	19.33
sz300637	-148	226	0	0	14.70	3571	20.45	20.43	20.27	20.62
sz002290	-247	24	0	0	-74.65	5348	13.22	13.10	13.07	13.27
sz002298	-823	-1146	285	-1127	-684.44	24817	9.20	9.13	9.11	9.21
sh603626	-4068	-634	-269	0	-1180.03	30478	29.80	28.90	28.80	29.80
sz002100	-6927	-6914	-2708	0	-352.09	20622	8.10	8.08	8.07	8.14
sz002101	1888	962	1090	1306	-381.69	17020	21.32	21.40	20.80	21.45
sz002515	-15389	-14025	-8313	-3626	-806.79	33731	8.57	8.36	8.33	8.57
sh603966	-856	0	0	0	-42.74	6956	15.80	15.76	15.54	15.93
sz002513	-1433	-1059	-859	0	25.62	7608	10.10	10.12	10.09	10.26
sz002869	-139	0	0	0	49.78	3634	30.78	30.62	30.52	30.95
sz002106	-10940	-9865	-6819	-4179	-930.12	106099	10.46	10.41	10.38	10.54
sz002107	-116	-405	0	0	-149.83	5753	11.81	11.84	11.72	11.94
sz002455	-12715	-11191	-4246	-1030	-1117.19	79256	9.80	9.51	9.46	9.98
sz002450	2928	2581	1233	-3586	-4957.31	266180	22.95	22.86	22.71	23.27
sz002518	-2157	-1158	0	0	246.26	21161	17.05	16.95	16.81	17.19
sh600436	153	131	0	0	469.98	22280	64.30	64.45	64.07	64.80
sz002859	633	215	0	0	452.81	12525	33.96	34.18	33.61	34.47
sz002852	-301	0	0	0	-252.19	4931	33.30	32.92	32.88	33.30
sz002853	298	341	0	0	-827.13	19296	31.69	31.18	31.12	32.09
sz002851	-1048	0	0	0	-503.95	5369	35.18	34.55	34.50	35.41
sz002856	5833	8752	7136	9257	8746.15	101112	46.20	46.30	44.20	46.99
sz002857	-250	-250	0	0	122.24	1927	27.01	27.21	27.01	27.40
sz002855	355	355	0	0	-0.77	3718	12.43	12.49	12.40	12.55
sh603825	-170	0	0	0	-110.10	3799	29.19	29.09	28.83	29.39
sh601991	3374	-6018	-4071	4255	-891.20	119989	4.22	4.19	4.18	4.23
sz000666	-464	-107	0	0	842.17	15185	20.50	20.41	20.33	20.54
sh601997	-13376	-14170	-12652	-8636	-2556.47	86552	13.57	13.55	13.51	13.66
sh603822	-116	0	0	0	-114.38	5425	34.98	34.44	34.32	34.98
sz002876	-471	0	0	0	-828.25	5845	60.70	60.51	60.00	61.62
sh603980	-1240	-1171	-667	0	-118.79	15772	20.13	20.02	20.01	20.22
sh603985	-109	0	0	0	-17.44	1911	36.20	36.38	36.20	36.61
sz000937	-12115	-9541	-4311	-1417	-265.88	149842	5.68	5.68	5.64	5.74
sz000936	-34307	-36001	-30089	-22507	-3141.23	241795	7.11	6.81	6.81	7.11
sz000858	-12318	-11965	-8927	-6142	-38860.90	351801	81.98	80.58	80.00	82.50
sh603360	-25	250	0	0	-125.76	3848	20.97	20.98	20.90	21.20
sh603138	-5126	-955	286	-672	-1780.37	96310	47.41	46.17	46.03	48.60
sh603139	0	0	0	0	-24.18	2939	24.10	24.12	24.05	24.40
sh603136	-154	0	0	0	3.70	6626	41.31	40.70	40.66	41.40
sh600982	23824	18635	12520	9639	337.31	137213	4.32	4.48	4.31	4.55
sz002206	-2818	296	-437	1	922.46	75556	6.04	6.01	5.93	6.11
sh600980	1164	-25	0	0	169.37	15899	14.60	14.95	14.60	14.99
sh600509	23069	20719	9429	7481	374.94	146262	6.78	7.02	6.73	7.10
sh600115	-45032	-41173	-34487	-32105	-1935.70	818155	8.03	7.95	7.89	8.24
sh600502	-40665	-29925	-18593	-8616	573.82	146161	6.93	6.91	6.88	7.00
sh600051	4271	4979	3588	2810	436.98	22790	9.36	9.51	9.36	9.65
sz000488	1697	-451	-512	-1714	-2860.17	107952	16.31	16.38	16.22	16.46
sh603926	-377	-220	0	0	75.27	5913	25.91	26.08	25.76	26.13
sh603527	-79	0	0	0	29.17	17567	25.80	25.81	25.66	26.51
sz002637	-9092	-7203	-4558	-3700	446.68	17594	11.16	11.24	10.99	11.24
sz002635	-9405	-6650	-3441	0	-3180.19	64595	29.10	28.50	28.34	29.79
sz300200	-2466	-1831	-963	0	-58.12	9089	10.12	10.04	10.02	10.18
sz002695	-3106	-1534	-566	0	-377.56	22552	17.30	17.12	17.10	17.30
sh603311	29	0	0	0	57.90	3385	15.80	15.68	15.66	15.80
sz300365	0	0	0	0	63.49	2020	31.60	31.74	31.60	32.10
sh600029	260	-930	-1621	-4979	1437.76	485943	11.64	11.69	11.48	11.89
sz000732	-1251	-1272	-1131	-1131	-5.27	15294	16.71	16.78	16.60	16.82
sh601127	168	880	0	0	-37.52	19880	20.70	20.51	20.39	20.78
sz000635	-2488	-1850	-845	0	-248.44	17133	14.95	14.74	14.70	15.10
sz000980	-4995	-3805	-2421	0	-1094.45	55879	11.29	11.32	11.15	11.43
sh600325	-7585	-7225	-2379	1213	-1308.00	94771	7.15	7.09	7.09	7.16
sh600021	1724	1881	1143	1089	-30.01	22039	9.21	9.21	9.18	9.26
sh600020	-3723	-3765	-5206	-6391	-206.72	64147	4.78	4.79	4.76	4.81
sh600188	-11353	-5309	-4003	-1198	1069.16	169896	14.22	14.21	14.14	14.45
sz000985	-177	-248	0	0	240.73	16703	19.57	20.58	19.45	20.65
sh600893	-2018	-1557	295	0	-1234.98	28065	28.23	28.04	27.90	28.23
sz000567	1995	1724	1098	0	14.58	14616	21.86	22.07	21.53	22.09
sz000568	-23553	-18847	-7737	-6738	-7486.40	137224	68.30	66.12	65.93	68.49
sh600757	-1150	95	2333	-2357	213.83	57634	6.82	6.85	6.80	6.91
sh600755	-3729	-1755	-77	1332	40.24	89309	9.72	9.72	9.67	9.78
sh603797	-1448	-1008	-540	0	-327.60	27797	19.91	19.80	19.62	20.00
sh600758	-3898	-4650	1651	-1039	-244.98	78703	7.45	7.45	7.42	7.59
sz002742	670	1614	2049	2904	-82.36	50282	21.25	20.98	20.45	21.59
sz002707	-3459	-1801	577	0	-1008.37	28476	10.72	10.62	10.59	10.77
sz002705	-1104	-793	500	0	343.71	17086	12.58	12.51	12.40	12.65
sh603848	3698	-1707	-508	0	-1285.29	138718	19.64	19.96	19.37	20.46
sh603557	1700	1431	602	0	73.81	17065	14.48	14.69	14.46	14.88
sz300511	-399	0	0	0	227.17	7635	22.00	22.45	22.00	23.20
sz002701	10901	7525	5535	5594	619.57	51431	6.17	6.23	6.16	6.24
sz300514	-978	-410	0	0	-312.06	12090	28.36	28.05	27.78	28.49
sz002332	-6048	-5027	-3966	-1011	-682.82	46734	8.59	8.55	8.53	8.68
sz000597	-1718	-2887	-3252	398	-394.28	79917	11.91	12.04	11.86	12.15
sz002709	3438	2593	1063	0	1519.10	39931	44.62	45.62	44.50	46.57
sz000021	-24295	-22412	-11048	-7742	-842.91	170251	9.91	9.77	9.72	9.96
sh600552	169	1663	1168	-2142	-538.29	56104	7.89	7.63	7.60	7.90
sh600507	-931	868	-180	5655	1207.46	281424	13.42	13.38	13.20	13.65
sz000027	30296	26733	19912	14475	905.51	116910	6.07	6.15	6.04	6.21
sh603380	9	0	0	0	-68.11	8185	19.84	19.82	19.77	20.09
sh603385	-2609	-1618	0	0	-422.09	14331	22.10	21.88	21.83	22.18
sh603387	-583	-302	0	0	-1730.74	14728	59.76	59.24	58.98	60.18
sh603386	695	126	0	0	40.18	16267	14.28	14.39	14.25	14.66
sh603388	2460	1107	701	0	194.48	35374	18.01	18.72	17.66	18.85
sz002092	-11331	-9737	-11467	-8560	-519.15	142957	13.13	13.16	13.11	13.32
sz300102	10397	7224	3109	-1414	-4603.40	620670	10.61	10.66	10.47	10.79
sz002091	-8045	-8162	-6325	-3020	-1479.96	51485	8.90	8.76	8.73	8.90
sz300677	174	461	0	0	429.14	18024	51.61	52.15	51.41	53.48
sz300670	496	471	0	0	169.98	5775	21.51	21.61	21.39	22.10
sh600978	6962	8298	5340	1200	52.14	54280	8.66	8.73	8.64	8.75
sz300166	-37882	-29917	-23614	-11543	-3861.78	176743	13.29	12.64	12.51	13.30
sz000596	-6516	-5998	-1301	0	-5652.44	40516	68.83	67.98	66.38	69.80
sh600970	-4644	-7920	-9152	-11773	838.17	271642	8.90	9.05	8.89	9.18
sh600874	10410	7815	-420	779	2002.35	369426	12.99	13.10	12.74	13.26
sz300470	-246	0	0	0	-9.83	3694	38.26	38.60	38.05	38.64
sz300477	144	1487	3197	2849	-85.71	23426	21.85	22.15	21.81	22.22
sh600873	-46218	-42019	-33692	-24611	-1831.75	155236	5.33	5.26	5.26	5.34
sz002145	-36665	-36537	-22749	-6988	-1588.48	121018	5.94	5.88	5.86	5.99
sz002416	474	1324	1254	0	-137.05	18635	9.57	9.59	9.54	9.69
sz002143	-11295	-9077	-15675	-13002	-73.95	53341	13.10	13.20	13.10	13.30
sh603316	348	242	0	0	42.20	8735	13.40	13.52	13.25	13.64
sz002790	-604	-203	0	0	-181.75	4146	27.30	27.00	26.95	27.41
sz002388	-3927	-2579	-835	0	-119.96	17865	7.87	7.76	7.74	7.88
sh603099	-369	0	0	0	25.23	3908	11.99	11.88	11.88	11.99
sz002026	-2742	-1624	0	0	98.71	14649	8.35	8.35	8.31	8.41
sz002796	-231	0	0	0	-106.67	4769	29.21	29.01	28.95	29.98
sz002798	711	141	0	0	579.26	9881	51.30	53.80	51.30	53.83
sz002741	-1399	-1141	-552	0	-63.20	6712	15.22	15.29	15.15	15.29
sz002384	-1173	-1307	0	0	2414.10	51902	29.50	29.69	29.30	30.72
sh603922	-525	0	0	0	-271.87	13142	26.85	26.68	26.26	27.19
sh600270	-9827	-5692	437	-1846	-2299.82	48194	17.29	17.09	16.86	17.29
sz002897	-3606	-1980	-486	-486	-1439.86	34227	38.40	37.74	37.53	39.08
sz002895	-8855	-5751	-5254	-4615	-3747.67	76876	26.20	25.18	24.98	26.99
sz002892	716	427	0	0	226.60	8701	35.80	35.93	35.60	36.50
sz002893	1728	-941	-941	-1451	140.18	79874	26.20	27.95	26.05	28.50
sz002890	103	0	0	0	-223.99	4887	32.73	32.26	32.20	32.82
sh600277	4831	4704	5170	4929	106.83	51119	6.32	6.37	6.32	6.42
sh600279	-3946	-3425	-2585	-1293	-145.49	18107	5.83	5.82	5.81	5.84
sz002898	728	767	567	0	101.13	10888	17.99	18.24	17.94	18.55
sz002899	51	0	0	0	-39.19	4969	26.24	26.35	26.24	26.71
sz300033	-667	-1225	-512	0	-258.10	22274	50.72	50.70	50.56	51.15
sz300031	-2443	-2045	-2045	-2045	179.65	10987	15.52	15.70	15.47	15.70
sz300525	0	0	0	0	-37.81	1679	43.57	43.00	42.71	43.57
sz002810	2600	1954	850	0	-100.76	7685	22.50	22.92	22.50	23.15
sz000039	-33181	-30557	-28895	-15682	-5005.74	192096	22.05	21.72	21.67	22.10
sz000023	-13740	-10428	-6706	-5263	-2125.07	59583	24.48	23.75	23.36	24.70
sz300600	176	0	0	0	-43.62	1910	42.64	42.21	42.00	42.86
sz300602	-41	0	0	0	-23.86	2737	51.45	51.80	51.41	52.20
sh603179	-432	0	0	0	-327.43	5251	36.91	36.55	36.50	37.00
sz300605	182	314	0	0	-160.77	5199	26.77	26.31	26.31	26.89
sz300607	666	896	896	0	-380.29	6736	65.00	65.55	65.00	66.39
sz300609	11	-282	0	0	-158.87	9248	37.15	36.64	36.61	37.48
sh601699	-13560	-12819	-7789	-4865	-7132.40	862446	10.86	10.93	10.76	11.25
sh600535	2138	2187	1384	2112	2399.21	34305	36.12	36.38	36.01	37.05
sz002245	-32434	-32551	-29996	-20063	-4846.04	311264	11.21	11.08	11.04	11.29
sh603896	-1186	-876	0	0	-834.78	32015	54.85	55.36	54.70	57.57
sz002242	-1641	-527	0	0	15.40	15403	17.22	17.12	17.11	17.26
sh603677	-60	500	0	0	191.09	11905	23.83	24.75	23.83	25.06
sz300241	1990	836	1579	0	780.53	33342	18.14	18.31	17.85	18.42
sz002567	-12561	-9816	-6155	-3324	-589.80	45771	7.19	7.21	7.14	7.27
sh603898	-787	-524	0	0	-17.82	10204	28.68	28.77	28.63	29.06
sz002668	699	1156	1200	1200	90.91	7118	18.92	18.88	18.70	18.92
sh603777	104	0	0	0	-35.28	7077	27.00	26.60	26.47	27.00
sh600017	2637	1745	420	300	-57.16	43153	3.88	3.89	3.87	3.90
sh600011	-20914	-19959	-12536	-9934	-541.29	73653	6.48	6.41	6.37	6.52
sh600018	-13	2447	395	-126	1517.95	227580	6.77	6.82	6.74	6.85
sh600019	12706	13413	8765	5213	-2017.44	461114	8.45	8.43	8.37	8.50
sz002277	-24561	-22473	-14451	-10983	63.10	68429	5.99	5.94	5.93	5.99
sh603879	-734	-297	0	0	-149.72	16063	18.00	17.56	17.42	18.07
sh600380	12666	-795	1938	-288	600.70	229580	10.88	11.03	10.86	11.19
sh600382	276	47	560	-1100	46.37	12291	12.75	12.74	12.68	12.77
sh600383	-27487	-21757	-18120	-23075	-99.16	187786	11.64	11.48	11.41	11.78
sh600172	-11266	-10241	-11184	-8957	503.77	135662	8.35	8.60	8.35	8.63
sz300327	-333	-2469	-3334	-3882	191.55	68650	31.18	32.04	31.13	32.15
sz300088	-36791	-34462	-39456	-35204	-3264.31	436242	8.42	8.34	8.31	8.51
sh600895	-303	-1637	-849	0	-200.41	22266	14.45	14.48	14.38	14.61
sz300081	-4176	-4592	-3911	-2656	-442.58	28448	10.26	10.16	10.10	10.31
sz002714	-7940	-6369	-2251	-1376	-184.75	43959	54.51	54.65	53.65	55.28
sz300698	-1682	-1386	-1255	-1255	-650.99	66147	26.05	26.70	25.87	27.47
sz002097	-2210	683	1491	2001	279.58	30271	7.32	7.22	7.21	7.34
sz300693	16	210	0	0	-17.08	9941	32.61	32.99	32.31	33.46
sz300692	-7371	-5638	-2631	-1216	-6667.68	90429	42.45	41.73	41.68	43.24
sz300643	-1974	-947	-353	0	463.28	56415	13.13	13.28	12.96	13.69
sz300697	36	-811	0	0	277.91	35817	20.80	21.10	20.50	21.58
sh600377	-5145	-5859	-1661	-462	-280.31	22865	9.85	9.86	9.82	9.89
sh600891	-771	12	646	0	-175.29	16045	7.70	7.73	7.66	7.74
sh600793	-147	315	0	0	-105.19	6261	22.90	22.52	22.50	22.90
sz000012	19449	15743	8078	4241	624.44	176061	8.19	8.26	8.19	8.36
sz000404	-12141	-11098	-9462	-6086	-724.85	34361	6.26	6.18	6.15	6.27
sh600795	-43292	-34257	-21158	-7944	-942.66	233244	3.13	3.12	3.11	3.14
sz000018	-5703	-5494	-6324	-4147	-546.90	46966	6.31	6.32	6.30	6.36
sh600121	-9679	-8476	-7922	-3251	-265.72	31058	5.99	5.97	5.96	6.02
sh600650	-3069	-3341	-2000	-2000	-276.89	14935	14.70	14.56	13.99	14.80
sh600123	25469	22060	13544	9041	2505.60	368205	8.85	9.17	8.83	9.25
sh600657	-3799	-2566	-524	-531	254.72	49469	5.48	5.48	5.46	5.52
sh600655	-11574	-8749	-6375	-4154	-947.59	48877	10.50	10.39	10.38	10.50
sh600498	1195	1080	-649	-2	-3447.92	93848	31.45	31.54	31.30	31.76
sh600499	-12110	-2461	-6264	-7939	2897.51	296650	10.70	10.86	10.70	11.00
sh603456	3139	3809	3097	2481	-222.71	27156	16.10	15.75	15.60	16.10
sz002746	153	-472	0	0	-258.35	15309	24.70	24.55	24.30	24.74
sh600491	-1238	-1902	755	2591	-214.45	34290	9.80	9.86	9.77	9.88
sz002748	-1429	-517	0	0	-415.98	10269	14.64	14.49	14.38	14.72
sz002749	531	662	0	0	-335.35	3622	62.70	63.32	61.88	63.33
sz000078	-22810	-22312	-18178	-11200	-854.38	68598	5.96	5.90	5.90	5.97
sz000798	-1947	-765	0	0	-83.63	9887	8.55	8.49	8.47	8.59
sz300554	-233	-215	0	0	244.60	7409	59.05	60.53	59.05	61.38
sz000880	599	245	0	0	26.72	5558	9.09	9.11	9.07	9.14
sz000887	-3978	-3510	-1619	0	404.57	26133	16.90	16.91	16.82	16.96
sz300558	29	249	501	0	-168.68	18190	64.01	64.76	63.90	66.10
sz300254	-1050	-518	0	0	-25.49	8073	9.95	9.98	9.88	10.09
sz000060	663	892	3838	4855	-367.08	150380	10.52	10.54	10.50	10.69
sz000062	-1612	-200	0	0	-393.23	10682	23.43	23.27	23.24	23.55
sh601015	19993	19219	9638	3374	1191.24	380394	10.30	10.64	10.22	10.70
sz000069	-1258	996	2839	-4756	-2111.78	246186	7.89	7.85	7.83	7.96
sh601939	2023	-8357	-18142	-31493	-1590.80	496718	7.25	7.23	7.20	7.26
sh600153	5719	-3845	-6886	-5222	-1981.71	100240	10.47	10.51	10.41	10.67
sz002521	-3000	-788	-650	0	-40.05	11616	8.95	8.98	8.93	9.01
sz300487	-1556	-1208	513	0	-342.79	10649	17.00	16.74	16.74	17.12
sh600833	1814	1619	500	0	264.30	9732	14.30	14.36	14.10	14.39
sz000088	-180	525	866	-290	194.90	26871	7.65	7.65	7.60	7.68
sh601633	-17016	-11087	-5332	-2387	-971.12	61328	11.50	11.36	11.31	11.56
sh600835	-40999	-31299	-6921	-2214	-10476.04	188640	27.58	27.07	26.68	27.88
sz002597	-6973	-8082	-4446	-2527	-2627.39	112025	24.91	25.00	24.81	25.49
sh600727	-1425	-1216	50	0	-101.14	17777	7.53	7.50	7.45	7.54
sz300435	-411	-226	0	0	-53.26	2936	15.87	15.98	15.86	16.27
sz002594	-1923	-2943	102	0	-1389.06	57613	62.30	62.20	61.77	62.69
sz300433	-10390	-11870	-6217	-1132	-1312.91	67455	31.19	31.05	31.02	31.88
sz300430	129	0	0	0	-18.96	5699	19.57	19.43	19.29	19.61
sh603421	0	0	0	0	-48.28	2838	25.47	25.21	25.20	25.75
sh603357	-1346	-217	0	0	-272.87	20768	20.99	20.86	20.78	21.34
sz002069	-3167	-2548	-566	0	-63.81	11578	7.81	7.83	7.79	7.85
sz002068	-14079	-9890	-3631	-1090	-507.41	109076	10.01	9.97	9.96	10.16
sh603050	169	0	0	0	-55.43	8737	19.49	19.45	19.35	19.75
sh603358	-90	-269	0	0	-277.89	4947	36.42	36.08	36.05	36.69
sh603359	-47	200	0	0	109.02	8491	33.11	33.19	33.11	33.49
sh603055	-166	-385	0	0	-203.94	17538	15.23	15.22	15.10	15.46
sz002062	-1218	-764	-800	0	-16.31	8339	5.25	5.23	5.20	5.25
sz002061	23198	20555	16850	7050	-527.07	105005	15.08	15.29	14.95	15.47
sh603586	-185	0	0	0	-8.87	5037	23.81	23.72	23.63	23.93
sz002696	-258	-200	0	0	-11.15	5680	18.51	18.71	18.42	18.80
sh603225	2478	932	632	0	836.53	23343	34.08	34.44	33.90	34.65
sz002690	969	-653	717	0	-558.55	23799	18.71	19.05	18.69	19.16
sz002340	-34098	-35636	-30004	-25748	1033.86	580741	6.89	6.94	6.84	7.04
sh603580	29	0	0	0	-36.15	4602	29.58	29.49	29.44	29.83
sz002698	-1611	-1097	0	0	-83.37	5911	10.10	10.07	10.01	10.10
sh603589	-6185	-2583	-617	0	-8988.62	68462	48.10	46.80	46.01	48.45
sh603906	-15	500	0	0	-32.33	6817	14.76	14.83	14.76	15.02
sh603768	-1264	-500	0	0	-76.39	6077	18.08	17.97	17.93	18.20
sz300075	-3714	-2092	-1753	0	-999.55	31288	16.50	16.39	16.30	16.63
sh603908	0	0	0	0	10.21	1561	34.90	34.83	34.66	35.12
sz300073	6422	4450	965	0	1175.73	91684	25.05	25.58	24.95	26.36
sz000333	-5493	-4925	-5402	-4943	2260.40	213776	55.65	56.58	55.50	56.74
sz300648	-109	0	0	0	143.72	2733	67.00	68.88	67.00	70.33
sz002448	-5446	-4457	-2665	-1664	-925.61	27866	8.95	8.86	8.80	8.97
sz000338	-34630	-31966	-26077	-30604	-3361.77	540735	8.12	8.14	8.07	8.20
sz300647	2851	2597	0	0	531.11	14832	18.60	19.38	18.45	19.52
sz300640	-50	0	0	0	-24.53	2244	25.08	25.05	24.91	25.25
sz300641	-787	-430	0	0	-112.08	5597	14.50	14.44	14.41	14.64
sz300178	-518	261	0	0	69.33	9191	13.48	13.33	13.31	13.62
sz002283	-4385	-3049	-1356	-1100	-343.37	31972	5.68	5.61	5.61	5.68
sz300720	1207	388	497	0	-73.87	42200	30.30	30.64	29.91	31.55
sh600900	-18394	-8150	-6174	-1424	-1534.47	154614	16.48	16.43	16.40	16.67
sh603377	-1225	368	500	0	659.51	14721	39.20	38.60	38.00	39.33
sh603637	-1471	-3054	-2200	0	277.08	15661	22.44	23.42	22.12	23.46
sz300481	-849	-816	0	0	57.98	10672	21.93	21.64	21.48	21.97
sh603630	-6	0	0	0	-40.06	4668	26.72	26.84	26.72	27.15
sh603226	964	1420	1500	1000	-119.58	10347	29.12	29.34	29.05	30.50
sz002111	-2915	-2514	-2221	0	-561.29	18042	14.74	14.56	14.53	14.78
sh603730	603	509	0	0	316.39	12331	35.02	35.09	34.91	35.55
sh603223	345	200	0	0	11.91	6986	24.42	24.80	24.35	24.86
sz002114	-1641	-918	285	1491	-329.25	25006	17.51	17.49	17.27	17.51
sz002588	-3989	-3329	-2978	-1222	-292.50	19583	6.72	6.67	6.67	6.77
sh603229	-472	-200	0	0	-18.86	2997	16.03	16.10	16.00	16.26
sh603286	2739	1295	0	0	1945.15	20753	35.31	36.60	35.13	36.68
sh600004	-19604	-14800	-10381	-5233	-2200.29	103827	14.82	14.68	14.64	14.97
sz002285	-17951	-16527	-14367	-12686	-2829.58	463344	11.65	11.52	11.50	11.87
sz002849	101	0	0	0	79.47	3814	27.78	28.10	27.78	28.45
sh603826	-2259	-1548	-2804	-1329	-781.54	95851	14.89	15.08	14.81	15.59
