sh600997	-5641	15603	12030	0	-115.31	125914	6.32	6.36	6.28	6.41	0.32
sz000698	-2789	1389	0	0	-109.89	44082	5.93	5.92	5.88	5.97	0.34
sh600516	-96972	-18682	-10140	0	-18078.90	861737	31.43	31.75	30.97	32.03	0.19
sh600511	-2672	0	0	0	1163.86	43598	27.77	27.35	27.17	27.77	-1.58
sh600510	-1747	0	0	0	-44.33	15551	6.97	7.00	6.97	7.02	0.00
sz002831	-1289	0	0	0	375.05	9861	58.63	58.60	57.62	58.63	0.17
sz002837	-3797	-886	114	0	2755.91	35676	18.68	20.25	18.50	20.25	9.99
sh600196	-17906	-6203	0	0	-5581.62	159076	44.50	44.15	43.83	44.77	-0.83
sh601801	-5843	0	0	0	-454.97	31884	10.41	10.44	10.32	10.47	-0.10
sz000550	-10331	-3991	-2249	0	-876.25	84504	19.71	19.85	19.58	20.30	-0.70
sz300009	-15172	-1629	0	0	-2402.27	111142	24.95	24.62	24.01	24.99	0.49
sh600335	-20035	-10289	-7672	0	-1203.15	69792	10.62	10.48	10.40	10.62	-1.23
sz002042	-3941	1336	0	0	228.50	50669	12.50	12.75	12.42	12.80	1.59
sz002646	-3089	0	0	0	-283.45	19275	16.08	15.98	15.86	16.10	-0.37
sz002757	100	0	0	0	-45.09	3623	38.17	38.43	38.09	38.45	0.68
sz002753	-200	0	0	0	117.65	12099	19.44	19.62	19.34	19.78	1.24
sh603507	0	0	0	0	-145.12	18207	40.60	40.90	40.50	41.37	0.76
sz002759	-7723	-1803	2320	0	-79.19	83855	16.35	17.44	16.35	18.04	6.34
sz300265	-1754	0	0	0	8.67	14851	9.05	9.01	8.87	9.06	0.11
sz300262	-7920	-1509	0	0	-585.57	38400	9.07	9.01	8.99	9.15	-0.99
sz002354	-6164	1137	0	0	-1473.39	54184	17.48	17.31	17.23	17.62	-0.75
sz002682	783	0	0	0	270.56	23907	11.08	11.15	11.03	11.29	0.54
sz300658	0	0	0	0	-104.70	2313	29.21	29.29	29.20	29.66	-0.64
sz300653	0	0	0	0	-16.83	3944	33.85	33.83	33.64	34.06	-0.06
sz300652	0	0	0	0	6.16	5699	27.70	27.87	27.55	27.97	0.65
sz300651	0	0	0	0	-128.56	4461	35.38	35.20	34.83	35.83	-0.51
sh600850	-7066	-3850	-2000	0	-291.15	24803	17.75	17.72	17.59	17.84	-0.17
sh603238	0	0	0	0	45.97	7255	22.09	22.29	22.02	22.37	1.00
sz300498	26059	28858	14035	0	-2503.80	275555	26.90	27.28	26.64	27.50	1.64
sh600859	-6941	0	0	0	-1796.63	57279	22.61	22.51	22.36	22.87	-1.27
sh603233	-215	0	0	0	-146.43	7294	48.18	48.73	47.80	49.29	1.12
sz002536	-7342	-100	0	0	-1806.10	43090	15.23	14.85	14.63	15.25	-2.50
sz002531	-20875	-9807	-9121	0	-2660.13	100560	7.55	7.30	7.30	7.59	-2.93
sz002530	-544	0	0	0	-436.08	9038	23.50	23.02	23.02	23.55	-1.41
sz002533	-2376	0	0	0	-49.72	14489	6.59	6.56	6.54	6.60	-0.30
sh603722	-832	0	0	0	-482.98	22505	37.86	38.45	37.58	39.11	0.29
sh603721	-411	0	0	0	-350.39	11029	28.11	28.13	28.08	28.55	-1.71
sh600299	-1131	0	0	0	-42.50	12570	11.87	11.82	11.78	12.07	-1.01
sh600297	-21669	-5013	-2000	0	-851.16	137233	7.88	7.93	7.82	8.06	0.38
sz002221	-2313	1000	0	0	-1819.79	105002	12.45	12.41	12.36	12.54	0.08
sh603659	0	0	0	0	734.37	20954	46.40	47.08	46.01	47.28	1.36
sh600079	-19757	-4511	-3062	0	-1887.66	80177	17.74	17.69	17.57	17.81	-0.17
sz002828	-484	0	0	0	69.70	19848	24.82	25.09	24.68	25.24	0.32
sh603685	-250	0	0	0	-185.88	17105	34.01	34.13	33.70	34.35	0.50
sz300453	357	1303	0	0	-354.19	12451	15.20	15.30	15.15	15.74	0.92
sh600459	2505	0	0	0	2014.85	77170	21.81	22.64	21.81	22.87	3.43
sh601108	-50159	-6973	-10651	0	-7335.20	580605	21.60	21.39	21.02	21.76	0.56
sz000869	-1658	0	0	0	-1081.56	17434	38.47	38.31	38.11	38.56	-0.62
sz300121	-8535	-1000	0	0	-250.04	44934	14.92	14.62	14.49	14.92	-2.08
sh600701	-15503	4267	-2141	0	-1060.39	135227	9.10	9.15	8.99	9.18	0.22
sh600703	-32148	11607	1760	0	-1356.70	507922	24.18	24.15	24.01	24.85	0.08
sz300307	-3373	0	0	0	-218.04	39008	8.30	8.27	8.23	8.36	0.00
sz300306	-864	0	0	0	-174.71	11922	14.64	14.59	14.46	14.70	-0.34
sh603535	-902	0	0	0	-134.60	19473	26.23	26.19	26.00	26.68	-0.91
sz002322	-1658	-1008	0	0	-277.31	14801	17.72	17.67	17.56	17.74	-0.17
sz002323	28214	24320	16261	0	2932.15	238926	6.35	6.93	6.34	6.93	10.00
sh603396	0	0	0	0	54.43	11862	40.10	40.51	39.71	41.26	0.65
sh603393	-100	0	0	0	-201.60	10448	36.05	36.08	35.95	36.22	-0.28
sz300662	0	0	0	0	218.91	10022	25.42	25.85	25.42	26.10	1.73
sz300665	-339	0	0	0	217.95	8390	27.02	27.28	26.70	27.29	0.78
sh600843	300	0	0	0	-139.68	12242	10.45	10.48	10.43	10.53	0.10
sz300463	-484	0	0	0	-465.93	11698	22.26	22.23	22.03	22.48	-0.54
sh603716	-500	0	0	0	-212.87	3639	51.29	51.12	50.45	51.29	-0.33
sh603717	-782	0	0	0	-223.46	11704	27.29	27.18	27.10	27.39	-0.48
sz002789	-458	0	0	0	-300.45	9464	41.43	40.96	40.81	41.87	-1.21
sh600285	-3256	0	0	0	-70.04	31105	9.17	9.17	9.13	9.23	0.11
sh600282	-174881	-98014	-102149	0	352.80	1522955	5.39	5.28	5.20	5.40	0.96
sh603886	-200	0	0	0	-281.26	8448	19.26	19.16	19.12	19.42	-0.73
sh603887	0	0	0	0	251.22	7705	28.20	29.20	28.20	29.61	1.14
sh603665	-207	0	0	0	-393.71	8402	37.51	37.82	37.51	37.99	0.03
sh600060	-24159	-11379	1522	0	-4418.54	140817	16.60	16.13	16.10	16.69	-3.47
sh600067	-20140	-6656	-9807	0	273.32	147956	6.70	6.77	6.65	6.77	1.20
sh600068	-39414	-15872	-14572	0	-3041.84	476334	9.22	9.18	9.08	9.24	-0.22
sh603860	0	0	0	0	-176.05	7202	35.30	34.86	34.60	35.30	-0.57
sh603861	289	0	0	0	-77.80	12333	16.99	17.18	16.99	17.26	0.47
sz002815	-315	0	0	0	-393.49	11125	29.70	29.25	29.10	29.79	-1.52
sh600449	-25579	-6098	-2000	0	-1286.56	96010	12.29	12.14	12.05	12.29	-1.62
sz300683	0	0	0	0	-443.65	5350	53.95	54.06	53.60	54.96	-0.24
sz300687	-225	0	0	0	-908.90	6698	48.35	47.80	47.53	48.62	-1.71
sz000411	-312	0	0	0	42.82	2785	20.46	20.53	20.43	20.75	0.20
sz000413	-36342	-6243	861	0	-2000.10	262405	9.08	9.06	9.03	9.09	-0.22
sz000418	0	0	0	0	-1966.83	16012	74.22	74.19	73.40	74.90	-0.55
sz000786	-39663	-12799	-11671	0	1101.10	379257	24.20	24.05	23.75	24.44	3.00
sh600668	-8303	0	0	0	-1002.79	31616	15.98	15.90	15.76	15.98	-0.13
sh601390	-30012	-703	2878	0	-2381.81	529457	8.64	8.69	8.58	8.70	0.12
sz000070	-9543	0	0	0	-506.21	49565	9.93	9.81	9.77	9.93	-1.21
sh601006	-78181	19562	42428	0	-2736.30	1201176	10.06	10.12	9.98	10.17	0.00
sz000528	10003	6621	667	0	1759.82	181341	8.46	8.58	8.36	8.58	2.02
sz000524	-238	0	0	0	0.33	8077	11.40	11.43	11.37	11.48	0.53
sh600711	112300	120095	34533	0	11422.00	1153528	9.37	9.84	9.35	9.87	5.13
sz000096	0	0	0	0	61.54	4288	13.25	13.39	13.25	13.42	0.30
sh603856	-1244	0	0	0	-331.07	30248	19.83	19.95	19.77	20.18	0.25
sh603416	-311	0	0	0	-435.76	12754	28.00	27.79	27.60	28.35	-0.71
sz300518	0	0	0	0	166.75	1838	49.82	50.07	49.82	50.25	-0.50
sh600167	1250	0	0	0	203.17	14654	24.89	25.24	24.55	25.44	1.20
sz300510	-164	0	0	0	-288.17	7034	25.23	25.21	25.05	25.48	-0.79
sz300511	0	0	0	0	-65.45	6150	23.03	22.71	22.70	23.25	-1.22
sz300516	-317	0	0	0	204.19	5703	45.63	45.90	45.31	46.35	0.53
sz300512	-1083	0	0	0	-31.90	9390	17.50	17.61	17.36	17.65	0.69
sh603383	0	0	0	0	-244.32	6193	44.55	44.75	44.46	45.30	-0.64
sz300670	-217	0	0	0	-22.33	10240	22.50	22.22	22.00	22.80	-1.72
sz300475	1378	1200	0	0	36.89	7680	14.23	14.18	14.11	14.30	-0.42
sh603701	0	0	0	0	-68.33	4997	18.54	18.70	18.54	18.99	-0.11
sz002790	0	0	0	0	0.89	3711	26.57	26.67	26.43	26.89	0.91
sz002793	-1650	0	0	0	-64.35	35108	15.72	16.19	15.66	16.37	3.58
sz002796	-268	0	0	0	-70.41	6417	28.70	28.94	28.51	29.16	0.24
sh603090	0	0	0	0	34.92	5138	19.07	19.28	19.07	19.40	0.36
sh600271	-10438	-2163	0	0	-2360.60	77596	21.21	21.18	21.03	21.36	-0.56
sh600278	-2385	0	0	0	-72.60	29991	12.20	12.23	12.15	12.44	-0.73
sz002244	39378	58901	43108	0	2014.01	581424	8.45	8.68	8.43	8.87	2.36
sh603679	1194	0	0	0	-119.96	5890	24.54	24.28	24.18	24.68	-1.82
sh600016	181905	225359	223557	0	17461.20	2091833	8.94	9.24	8.92	9.25	3.36
sh600018	111706	110553	93671	0	4013.06	859466	7.19	7.31	7.15	7.36	2.24
sz002805	-682	0	0	0	304.82	8403	26.98	27.50	26.64	27.67	1.93
sh600381	-58365	-30717	-22213	0	-3968.81	330717	12.30	12.23	11.82	12.50	-5.27
sh600383	51966	63977	59240	0	1253.30	1073876	15.97	16.52	15.85	16.85	3.19
sh600389	-2003	0	0	0	173.57	21675	18.26	18.48	18.26	18.60	1.20
sh600475	-953	0	0	0	-40.19	11417	14.16	14.20	14.14	14.28	0.14
sz000402	-19889	2803	-4981	0	-2123.32	361082	11.98	12.23	11.95	12.31	2.00
sz000400	-12005	-2134	0	0	-966.10	64859	12.55	12.47	12.44	12.57	-0.80
sh600121	-22026	-9012	0	0	-354.00	55378	6.52	6.49	6.42	6.54	-0.61
sh600655	1047	4361	5812	0	753.67	76015	11.31	11.45	11.29	11.55	1.42
sh600498	-13174	-105	0	0	-4044.82	99095	28.20	27.88	27.80	28.50	-1.76
sz000798	-703	0	0	0	24.09	30160	9.05	9.05	9.00	9.22	0.33
sz000883	-23875	-19966	-19834	0	-1288.11	115829	4.76	4.77	4.73	4.77	0.42
sz000887	-3825	0	0	0	-317.53	34023	17.49	17.54	17.44	17.75	0.34
sz000065	-2394	1114	0	0	-453.55	29012	17.93	17.84	17.66	17.95	-0.50
sz000060	-51291	18631	14763	0	3619.80	862878	11.64	11.81	11.53	11.88	1.46
sh601019	-14736	-1000	0	0	-1053.45	88763	12.40	12.38	12.32	12.46	-0.80
sz000069	-77999	-45633	-5543	0	8060.60	1241481	10.20	10.37	10.20	10.57	1.57
sz000089	22050	14777	3075	0	1850.41	296763	8.83	9.00	8.81	9.08	2.04
sh601633	10403	4666	0	0	1196.75	72498	12.18	12.39	12.15	12.41	1.72
sh600729	-62	0	0	0	-454.50	30732	26.66	26.29	26.26	26.88	-1.65
sh600723	-1144	0	0	0	25.14	20829	8.56	8.56	8.48	8.57	-0.12
sh600720	-99670	-48461	-27026	0	-9492.79	432222	11.41	11.26	11.13	11.43	-2.43
sz300073	-2856	-1867	0	0	1504.04	99392	23.40	24.07	23.35	24.16	2.51
sz000333	-27318	-11482	-5704	0	12645.60	386472	61.38	62.12	60.23	62.64	1.12
sh601137	-1766	0	0	0	-72.80	23788	11.43	11.57	11.37	11.61	1.31
sz002410	-4285	-1898	0	0	-847.00	61299	18.62	19.10	18.56	19.23	2.30
sz300118	-1301	0	0	0	200.85	29453	12.04	12.01	11.97	12.15	-0.17
sz300119	-634	0	0	0	-216.76	7121	11.77	11.64	11.63	11.80	-0.85
sz300113	-23658	-5891	0	0	-2226.31	117176	18.36	18.38	18.26	18.75	-0.92
sh601666	-19825	1453	2037	0	-415.53	239116	6.82	6.87	6.72	6.88	0.44
sz300335	-1169	0	0	0	-260.60	28245	16.09	16.02	16.00	16.18	-0.12
sz300336	-11814	-1843	0	0	-670.26	110696	11.73	11.72	11.60	11.87	-1.18
sz002777	0	0	0	0	-52.50	2322	31.03	31.10	30.70	31.44	-0.32
sz002776	-648	0	0	0	-48.88	4782	19.55	19.49	19.36	19.77	-0.10
sh603566	-3173	0	0	0	-659.73	8877	22.18	21.69	21.52	22.27	-2.30
sz300244	-2677	-449	0	0	-1286.84	53708	22.78	22.34	22.15	22.81	-1.93
sz300246	-108	0	0	0	-187.25	10284	20.27	19.70	19.59	20.27	-1.01
sz002810	-499	0	0	0	94.54	16991	24.51	25.36	24.42	25.50	3.30
sh600657	2806	8145	-2039	0	1552.32	268279	6.30	6.44	6.27	6.50	2.06
sh603699	-514	0	0	0	411.60	16014	20.09	20.14	20.00	20.33	0.35
sz002173	0	0	0	0	115.25	5750	12.33	12.22	12.18	12.33	-0.41
sz002370	21874	22950	20274	0	-97.16	33716	14.02	14.10	13.86	14.16	0.57
sz002376	-10728	-3771	0	0	-817.89	56742	12.80	12.69	12.63	12.95	-0.86
sz002375	-4071	4296	2133	0	-590.67	43868	7.81	7.79	7.76	7.83	-0.13
sz002191	-13659	-1566	500	0	-1930.00	68878	9.08	8.92	8.88	9.08	-1.11
sz300438	-2611	0	0	0	-640.86	15788	28.23	27.87	27.71	28.30	-0.75
sh603363	-33814	-5383	2754	0	10568.89	234537	17.16	19.13	17.12	19.13	10.01
sz300637	0	0	0	0	-1.72	2721	19.65	19.67	19.65	19.83	-0.51
sh603183	300	0	0	0	918.15	37488	42.89	45.03	42.80	45.63	5.58
sh603188	-15822	0	0	0	-1590.41	61156	16.58	16.38	16.32	16.69	-1.80
sh603960	-265	0	0	0	-93.89	3216	27.62	27.64	27.36	27.97	0.00
sh600436	-2115	-1151	0	0	2319.36	53947	77.56	76.63	75.63	77.77	-0.07
sh603987	-255	0	0	0	4.82	16463	12.35	12.39	12.27	12.41	0.24
sz000932	-51405	-36372	-31686	0	-1442.42	362692	9.18	9.27	9.07	9.28	0.22
sh600323	-15818	-9751	-3000	0	-1190.99	73806	14.16	14.06	14.00	14.22	-0.99
sh600326	-22763	-4418	0	0	-1717.27	137381	10.11	10.16	10.06	10.20	0.00
sz002202	-7598	859	-4015	0	-5214.98	217652	18.55	18.40	18.30	18.99	-1.29
sh600980	1787	1100	0	0	-411.70	47033	15.07	15.58	15.00	15.90	3.25
sh600054	1846	0	0	0	-733.30	31970	14.24	14.29	14.18	14.35	0.35
sh600507	-56928	-9537	-13955	0	4680.36	417037	15.81	15.81	15.31	15.87	-0.38
sh600057	-3683	1160	0	0	57.61	55827	8.25	8.24	8.19	8.28	-0.12
sh600185	-15031	-4662	2041	0	511.56	197754	6.34	6.43	6.31	6.50	1.42
sh600183	5711	11466	11469	0	4269.27	284510	16.78	17.58	16.54	17.59	4.83
sz000733	-434	0	0	0	319.93	21642	14.03	14.01	13.95	14.04	0.07
sh601127	2249	0	0	0	442.45	25144	19.55	19.44	19.41	19.65	-0.21
sh600188	-34916	-24334	-8270	0	-7959.35	330859	16.59	16.63	16.18	16.78	-0.83
sh600612	-360	0	0	0	154.66	7933	43.35	43.07	42.85	43.65	-0.39
sh600611	11034	13027	7484	0	145.56	104593	5.10	5.14	5.09	5.14	0.98
sz000591	-23491	-6514	-4197	0	-403.71	91663	5.67	5.68	5.67	5.71	-0.35
sz000021	-87334	-44404	-15113	0	-3513.71	312249	9.68	9.60	9.57	9.75	-1.13
sz000023	-1518	0	0	0	49.25	7263	20.27	20.04	20.01	20.38	-0.94
sz000027	-11943	-2307	0	0	-345.83	51962	6.14	6.16	6.13	6.17	0.33
sz300102	-16052	-2232	0	0	-600.06	97273	8.38	8.34	8.30	8.43	-0.71
sh601678	-38212	-10727	529	0	-2010.75	204740	8.89	8.75	8.68	8.89	-1.69
sh601588	-19950	-7293	928	0	-1312.11	119570	5.36	5.39	5.33	5.43	0.19
sz300324	-9881	-8228	-6068	0	-602.94	137406	15.73	16.02	15.52	16.03	0.88
sz300721	-1086	0	0	0	180.80	17251	35.30	35.56	35.09	36.50	0.17
sh603519	-201	0	0	0	-40.11	2499	21.26	20.96	20.83	21.73	-0.57
sz002749	0	0	0	0	-319.19	3324	66.99	66.26	65.94	67.02	-1.09
sz300726	-5704	-2278	-2140	0	105.37	72145	28.10	28.76	27.98	29.20	0.38
sz300258	-7579	0	0	0	-985.12	36694	13.84	13.68	13.63	13.95	-1.51
sh600908	-50309	-39861	-34100	0	-1032.88	830432	8.80	9.24	8.56	9.47	3.59
sz002696	-360	0	0	0	24.00	4747	17.40	17.44	17.27	17.49	0.23
sh603768	43	0	0	0	270.07	15112	18.05	18.36	17.90	18.39	1.60
sh603226	494	0	0	0	57.95	3842	29.87	29.93	29.67	30.03	-0.27
sh603730	-500	0	0	0	-416.46	10017	34.68	34.51	34.42	35.06	-0.86
sh600122	3107	6201	471	0	2720.48	145805	9.66	9.62	9.59	9.77	-0.62
sh603360	-328	0	0	0	54.06	6879	22.51	22.40	22.32	22.75	-0.80
sh600379	2445	0	0	0	-65.81	18503	11.23	11.14	11.09	11.60	-1.68
sh600727	-4374	-1348	0	0	-104.82	81614	7.91	8.10	7.91	8.17	1.89
sz000906	-4474	-1941	0	0	95.32	71726	7.82	7.97	7.81	8.21	1.40
sz000908	-13110	-4500	0	0	-158.26	31992	6.14	6.13	6.09	6.17	-0.33
sh600990	-1583	0	0	0	-313.37	20026	53.99	53.61	52.89	53.99	-1.11
sz002493	-24151	-8964	-2354	0	-838.89	124360	15.24	15.03	14.90	15.49	-1.38
sz002491	-2630	0	0	0	-615.47	49339	11.99	12.14	11.98	12.22	0.91
sh603466	455	0	0	0	-623.15	15678	51.71	52.21	51.58	52.98	-0.32
sz300502	-1699	0	0	0	96.87	43265	24.32	24.65	24.31	25.20	1.19
sz300447	-423	0	0	0	49.30	15743	17.75	18.09	17.62	18.29	2.84
sh603268	2195	0	0	0	119.50	4987	26.66	27.11	26.64	27.38	0.82
sz002014	-1574	-1200	0	0	-8.74	16130	11.63	11.69	11.57	11.80	0.86
sh603063	216	0	0	0	25.32	15500	18.11	17.89	17.83	18.19	-0.78
sh603067	-605	0	0	0	136.84	17304	12.69	13.05	12.67	13.09	2.11
sh603289	-4631	0	0	0	-1581.08	66336	19.07	19.18	18.90	19.44	-0.21
sh600266	14415	7846	0	0	1416.47	142020	14.07	14.27	14.00	14.55	1.86
sh600269	6148	8579	10065	0	742.84	141260	5.34	5.36	5.33	5.37	0.37
sh603286	0	0	0	0	29.30	4682	43.50	43.30	43.02	43.90	-0.30
sz002271	-3584	-1261	0	0	-1184.93	47407	40.05	40.60	39.40	40.67	1.37
sh603607	841	0	0	0	309.48	25273	42.23	42.91	41.73	43.03	1.61
sh603602	0	0	0	0	-368.26	11382	46.84	46.63	46.20	47.50	-0.30
sz002472	-3023	-1890	0	0	435.93	30512	9.14	9.18	9.10	9.19	0.55
sh603609	-956	0	0	0	-76.73	13407	8.71	8.76	8.67	8.84	0.34
sz002477	15782	23842	26879	0	-123.56	319318	4.54	4.57	4.52	4.59	0.88
sz000657	-8330	-1208	0	0	-458.39	76883	12.12	12.50	12.08	12.81	2.97
sz000650	-11532	-3201	-2230	0	-597.65	45748	5.33	5.31	5.30	5.34	-0.38
sz002875	-825	0	0	0	-117.36	8220	26.80	26.75	26.57	26.97	-0.30
sh600395	-49777	-22564	-18922	0	-1052.93	189025	7.37	7.28	7.17	7.37	-0.27
sh603179	-400	0	0	0	-115.64	18786	34.96	35.30	34.51	35.77	1.18
sh600466	64031	56320	22278	0	5885.60	620117	12.25	12.80	12.25	13.15	4.58
sh603116	-536	0	0	0	-130.29	10898	15.54	15.57	15.48	15.61	0.19
sh600138	-5117	1607	2000	0	1085.39	96600	23.75	23.62	23.19	23.78	0.21
sh600649	2069	5127	0	0	-19.01	102722	9.16	9.23	9.13	9.25	0.87
sh600648	-1127	0	0	0	-172.55	18955	18.95	18.83	18.76	18.99	-0.42
sh600132	-1051	1002	0	0	152.43	26864	22.85	22.51	22.34	22.85	-1.62
sh600137	4694	5055	5055	0	2200.52	58411	23.04	25.33	23.04	25.33	9.99
sz002900	-1180	0	0	0	-110.18	24639	28.64	28.85	28.64	29.14	0.73
sh600480	-1469	0	0	0	-394.61	28122	15.70	15.61	15.51	15.72	-0.19
sh600487	-7385	7614	2363	0	2777.70	253372	40.82	41.13	40.50	41.69	1.01
sh601601	-51283	-15245	-2697	0	-14483.70	491722	41.85	40.97	40.89	42.25	-0.56
sh601607	-13036	-281	-1517	0	-2434.02	96725	24.33	24.29	24.23	24.46	-0.21
sz000501	-7973	-2768	0	0	-1492.68	76356	17.68	17.41	17.25	17.80	-1.69
sh600739	-2574	1000	0	0	-284.53	63261	18.23	18.27	18.15	18.34	0.27
sz002561	1403	1000	0	0	372.48	20761	11.92	12.05	11.88	12.05	1.09
sh601288	964069	828353	659928	0	-59983.70	16348061	4.37	4.48	4.33	4.52	2.75
sz300041	-3364	-1098	0	0	-172.55	19108	9.73	9.69	9.67	9.77	-0.51
sz300044	-32004	-9986	-3111	0	-7232.46	201725	16.05	15.53	15.41	16.09	-1.08
sz300197	-51046	-17060	-1440	0	-6453.41	236603	11.60	11.29	11.25	11.63	0.44
sh600380	-21031	6397	-5371	0	-480.20	393966	12.61	12.74	12.46	12.87	1.51
sh603477	-3023	0	0	0	-168.30	61351	14.70	14.99	14.62	15.09	0.67
sz002313	-3222	0	0	0	2656.76	59631	30.30	31.89	30.01	32.24	5.42
sz300532	-244	0	0	0	-116.61	7854	24.16	23.85	23.70	24.16	-0.75
sz300530	0	0	0	0	78.14	2119	35.50	35.91	35.42	36.18	0.87
sh600820	-24097	-12906	-2203	0	-646.98	104449	8.47	8.45	8.42	8.48	-0.12
sh600816	-7978	-3313	0	0	-677.55	101697	13.36	13.41	13.30	13.44	0.37
sz300452	-1092	0	0	0	-577.01	10876	25.90	25.60	25.41	26.10	-1.16
sz002009	-415	0	0	0	140.72	23903	16.16	16.04	15.97	16.29	-0.74
sz002001	-18562	-7891	-3300	0	-1133.00	141856	43.50	43.12	42.42	43.90	-1.10
sz002050	-33765	-5425	-5024	0	-6400.00	224236	20.22	20.31	20.12	20.70	0.45
sh603617	0	0	0	0	18.84	12651	21.97	22.17	21.90	22.23	1.05
sz002462	-556	0	0	0	-679.32	15250	26.93	26.98	26.64	27.30	-0.44
sz002466	-11843	-1385	-3147	0	-4054.30	174451	51.18	51.70	51.00	51.83	1.51
sz002464	-125	0	0	0	77.15	11268	30.80	30.45	30.39	31.27	-1.14
sz002865	-1292	0	0	0	5.46	11214	22.92	22.79	22.68	23.00	-0.48
sh600651	-14302	-2325	0	0	384.02	91560	9.50	9.56	9.45	9.64	0.74
sh600101	-5764	-2000	0	0	-755.14	26970	9.07	9.07	9.00	9.10	-0.33
sz002911	-3821	-532	0	0	-335.18	100646	29.50	30.43	29.05	30.71	0.79
sh600033	-20782	-2917	-488	0	-490.02	111485	3.81	3.79	3.77	3.81	-0.52
sh600030	11249	73845	10655	0	-76305.00	3356645	21.37	21.21	20.90	21.86	0.05
sh600036	-46754	13067	9986	0	-10023.10	868994	33.20	34.05	33.20	34.17	2.93
sz000513	-3194	0	0	0	-4958.93	58006	78.15	77.50	76.80	79.29	-0.64
sh600745	-168	0	0	0	55.41	44124	30.38	30.40	29.55	30.85	1.23
sh600741	-8949	4718	2647	0	-1408.80	266652	26.71	26.94	26.71	27.71	1.28
sh600742	-12711	-1000	0	0	-2162.32	47544	17.59	17.37	17.21	17.65	-1.19
sz300055	-17983	-3987	0	0	-1946.52	89685	19.12	19.17	19.08	19.46	0.10
sz300054	-23170	-9269	-4180	0	2086.38	108620	11.15	10.96	10.81	11.18	-1.44
sz300182	-16294	-820	0	0	-1086.81	140401	9.28	9.37	9.22	9.44	0.75
sz300237	100	0	0	0	86.10	7903	15.85	15.79	15.74	16.08	-0.32
sz300236	-1348	0	0	0	-66.55	23609	30.00	29.65	29.50	30.36	-1.56
sz000701	-2664	0	0	0	-20.15	29065	9.90	10.03	9.90	10.03	0.80
sz002675	252	0	0	0	491.36	39228	10.42	10.64	10.34	10.69	2.60
sh603331	0	0	0	0	-119.63	7109	19.50	19.51	19.41	19.66	-0.10
sh600482	-1576	0	0	0	-1085.43	25892	24.15	24.08	23.96	24.26	-0.12
sz300429	-5955	-1381	-2381	0	-265.74	33891	23.80	24.50	23.45	24.50	3.81
sh600808	-52518	-52924	-48984	0	-6002.00	888263	4.36	4.35	4.28	4.37	-0.46
sh603042	-453	0	0	0	-319.69	13035	26.78	26.62	26.55	27.11	-0.60
sh603043	-509	0	0	0	-113.30	12506	19.54	19.55	19.42	19.61	-0.20
sh603916	-2572	0	0	0	-165.10	56426	17.80	18.20	17.80	18.39	0.72
sh603917	-1408	0	0	0	-922.57	38887	26.60	26.79	26.31	27.00	-0.07
sh603809	-226	0	0	0	-531.19	16132	35.85	35.97	35.56	36.23	0.56
sz002293	-1886	0	0	0	-119.96	32487	14.40	14.45	14.17	14.60	0.21
sz002295	-221	0	0	0	-126.37	11585	11.65	11.75	11.65	11.78	0.69
sz002100	-1693	0	0	0	14.16	16396	8.32	8.34	8.32	8.38	0.00
sz002101	-1281	0	0	0	-140.75	10939	20.10	19.99	19.91	20.17	-0.45
sz002859	-476	0	0	0	-542.20	12335	32.00	31.89	31.80	32.45	-0.22
sh603825	-1010	0	0	0	-196.09	26497	32.00	31.55	31.20	32.34	-0.66
sh603823	-200	0	0	0	-36.19	10069	15.83	15.92	15.80	16.03	-0.25
sh601999	3494	6836	5000	0	255.17	31235	7.45	7.60	7.45	7.63	1.06
sz002120	0	0	0	0	43.48	11905	43.28	44.38	42.28	44.80	2.54
sh603139	0	0	0	0	-33.19	3819	25.78	25.88	25.60	26.09	0.39
sh603136	0	0	0	0	-185.22	7692	43.54	43.35	42.85	43.70	-0.25
sh600240	-9760	-2863	0	0	259.55	81910	9.13	9.24	9.10	9.31	0.87
sh603133	-523	0	0	0	6.08	10608	30.50	30.65	30.50	31.05	-0.52
sz000631	-15380	-30	-4092	0	-632.95	215250	4.64	4.68	4.62	4.75	0.43
sh601377	-30661	23178	18105	0	5126.80	667136	7.84	7.91	7.80	7.96	0.89
sz000568	-3793	0	0	0	-7496.06	87616	70.87	70.52	69.52	71.24	-0.54
sh600757	-20804	-12532	-7311	0	-231.12	80278	7.15	7.14	7.11	7.18	-0.14
sh600755	-57518	-14925	-9206	0	-4038.93	409853	10.93	10.89	10.84	11.08	-0.91
sh600754	-4108	0	0	0	154.36	40826	38.65	39.08	38.31	39.94	1.45
sh601579	-765	0	0	0	-308.68	21175	12.32	12.49	12.32	12.53	0.40
sh603567	-1729	0	0	0	-211.34	8650	14.46	14.40	14.36	14.49	-0.69
sz002677	1367	0	0	0	-47.68	17812	16.80	16.94	16.80	16.98	0.95
sz300522	-1038	0	0	0	-255.51	16951	19.38	19.95	19.35	20.80	2.05
sz300527	0	0	0	0	-75.76	4454	23.40	23.10	22.90	23.50	-0.77
sz300526	1690	966	3008	0	1327.30	88845	17.66	19.43	17.50	19.43	10.02
sz000338	-1363	52845	21253	0	2971.50	1226544	9.13	9.18	9.05	9.23	0.88
sz300088	-49123	-22716	-20276	0	-4194.59	323521	7.29	7.14	7.12	7.29	-1.65
sh600170	19194	24913	16637	0	2265.64	416180	3.86	3.89	3.85	3.92	0.52
sz000686	-13425	7799	5913	0	2115.58	282772	9.21	9.33	9.20	9.37	1.41
sz002669	202	0	0	0	-338.13	11424	25.14	24.73	24.70	25.14	-1.47
sz300558	-200	0	0	0	546.69	16048	61.50	62.34	61.50	63.05	1.38
sh600831	-1871	0	0	0	16.34	23500	8.19	8.16	8.13	8.24	-0.49
sh600835	-13942	-4571	-2179	0	597.26	101902	23.17	22.95	22.66	23.41	-1.21
sz300430	0	0	0	0	-50.18	12212	18.18	18.77	18.18	19.60	2.23
sz002068	942	3275	3035	0	1113.53	79601	10.31	10.37	10.17	10.38	0.58
sz002067	-63578	-37014	-14443	0	-2913.42	200415	6.28	6.21	6.17	6.30	-1.27
sz002065	-148478	-84031	-52360	0	-10786.60	874098	9.36	9.31	9.12	9.38	-0.96
sh603055	-1693	0	0	0	156.29	28747	16.88	17.15	16.88	17.24	0.59
sh603585	0	0	0	0	-165.46	3756	31.60	31.53	31.46	31.83	-0.47
sh603589	-1657	0	0	0	-1424.15	36700	51.51	51.00	50.60	51.55	-0.89
sh603906	0	0	0	0	-111.92	11354	15.86	15.80	15.69	15.94	0.25
sz002502	8093	0	0	0	115.62	34569	8.29	8.37	8.28	8.38	0.60
sz300722	-3367	0	0	0	-2357.04	45290	35.50	35.90	35.15	36.26	-2.23
sz002117	-10522	-1000	0	0	192.89	44964	18.22	18.17	18.09	18.43	-0.76
sz002449	-2721	0	0	0	-137.76	55170	16.25	16.20	16.01	16.33	-0.43
sz002448	-2766	0	0	0	-228.85	21803	9.16	9.10	9.06	9.17	-0.55
sh601985	2593	-465	7673	0	864.45	343346	7.50	7.58	7.47	7.59	0.80
sz000960	36786	65037	35023	0	30737.70	940000	14.35	15.57	14.35	15.57	10.04
sz000963	-1552	0	0	0	-2891.80	38659	56.59	55.99	55.45	56.59	-0.66
sh603127	0	0	0	0	323.20	5035	56.94	57.20	56.65	57.58	0.97
sh603129	0	0	0	0	227.25	9133	26.42	26.59	26.42	26.91	0.61
sh600233	-1930	0	0	0	-71.40	25640	16.72	16.92	16.70	17.01	1.26
sh600697	-867	0	0	0	-323.33	16500	25.62	25.45	25.31	25.71	-0.93
sh600694	-441	0	0	0	-836.52	18718	37.04	36.54	36.45	37.05	-1.54
sh600160	-42154	-9423	-5970	0	-1453.44	183265	11.18	11.02	10.98	11.27	-0.72
sh601188	2899	2366	0	0	-32.10	24722	4.16	4.20	4.15	4.21	0.48
sh600690	-83646	-42104	-29318	0	-22870.50	781824	22.60	22.50	22.18	22.82	-1.62
sh600168	-2136	0	0	0	6.70	17861	8.39	8.42	8.39	8.45	0.12
sh600580	-34945	-9740	0	0	-2580.59	133952	8.71	8.59	8.52	8.80	-1.49
sh600581	-44961	-13089	-9439	0	103.91	406308	14.36	14.44	14.06	14.46	-1.03
sz000999	-5665	-1002	0	0	-1352.03	41523	27.30	27.11	26.98	27.32	-0.95
sh600585	-24233	3711	4616	0	-7587.20	355601	33.11	33.14	32.75	33.51	0.45
sz000627	-22118	-9802	1581	0	-2336.36	227027	8.68	8.71	8.62	8.82	0.58
sz000990	-4730	0	0	0	-705.97	25594	16.50	16.53	16.45	16.69	-0.06
sz000620	-7031	0	0	0	-299.50	29539	6.49	6.52	6.47	6.61	-0.31
sh600768	-951	0	0	0	-24.31	16117	13.48	13.78	13.48	13.80	1.77
sh600761	4544	1518	0	0	966.59	66360	10.55	10.66	10.48	10.69	1.33
sz300338	-1017	0	0	0	-133.09	14057	20.49	20.20	20.01	20.49	-1.42
sh600565	-18948	10065	10068	0	1555.67	253463	4.48	4.53	4.47	4.59	1.12
sh600566	844	1005	0	0	-851.31	31434	41.98	41.93	41.29	42.33	0.22
sh600567	-78504	-13180	-13329	0	-900.76	577309	4.68	4.69	4.65	4.76	-0.21
sh601567	-700	0	0	0	-19.79	15508	9.38	9.42	9.38	9.44	0.11
sh601566	-1905	0	0	0	-188.67	19076	14.31	14.33	14.20	14.34	0.21
sz002615	-7734	-1728	0	0	-585.33	28315	9.12	9.04	8.99	9.17	-0.88
sz300545	0	0	0	0	-154.25	7599	54.38	52.78	52.59	54.51	-2.91
sz300549	0	0	0	0	126.37	15277	21.01	21.44	21.01	21.98	0.99
sh600827	-9206	-2105	0	0	-2400.13	52834	13.18	13.13	13.08	13.24	-0.53
sh600823	54360	48226	23709	0	-2558.96	866159	5.97	6.00	5.90	6.10	1.01
sz002053	-2190	0	0	0	24.24	18074	11.38	11.39	11.36	11.42	-0.09
sz002057	-4266	0	0	0	-473.69	21189	12.20	12.20	12.10	12.37	0.16
sz002727	-9990	-1500	0	0	-2870.36	61507	21.52	21.18	21.01	21.56	-1.49
sh603025	197	0	0	0	169.53	15364	30.92	31.88	30.83	32.00	3.10
sh603026	-442	0	0	0	-227.07	11054	22.79	22.86	22.79	23.05	0.31
sh603020	5	0	0	0	223.51	14695	11.85	12.04	11.84	12.09	1.52
sz002627	0	0	0	0	92.53	3931	18.35	18.33	18.18	18.40	0.00
sh603937	150	0	0	0	-251.82	88397	23.12	23.71	23.12	24.27	1.72
sh603933	0	0	0	0	-17.32	7729	49.30	49.73	49.30	50.10	0.36
sh603938	102	0	0	0	250.06	17200	35.60	36.02	35.31	36.33	1.75
sh600919	62797	90818	86443	0	4265.70	959523	8.01	8.19	7.94	8.23	2.25
sh600917	-8983	0	0	0	-576.98	68075	9.89	9.78	9.75	9.92	-1.11
sz300717	-353	0	0	0	-123.99	11938	36.88	36.68	35.80	37.15	0.60
sz300715	380	0	0	0	6.10	9480	34.22	34.71	34.08	34.75	1.28
sz300712	-4082	0	0	0	-1048.82	37444	26.29	25.96	25.70	26.40	-2.92
sz300710	-536	0	0	0	-388.52	17545	42.50	42.80	42.00	43.53	0.71
sz300711	-2090	-1009	0	0	-1336.99	53914	27.21	27.19	26.55	27.97	-0.33
sz002434	-4530	-1128	0	0	-628.91	57668	9.88	9.99	9.88	10.09	0.40
sz002124	2921	5908	2000	0	2186.23	92227	9.11	9.30	9.11	9.40	1.86
sh603336	-200	0	0	0	109.47	15582	21.30	21.47	21.17	21.82	-0.32
sz002128	-8101	2419	1241	0	1897.13	282065	11.30	11.38	11.15	11.42	0.71
sh600352	-127888	-119874	-70571	0	-49152.40	1814658	13.07	12.42	12.27	13.18	-3.65
sh603808	-1502	0	0	0	273.13	13347	20.90	21.03	20.85	21.22	0.43
sh600350	-1014	1118	5294	0	186.73	184236	6.37	6.41	6.34	6.42	0.31
sh600356	-17611	-14762	-12453	0	-1169.96	56693	8.85	8.56	8.53	8.85	0.35
sh603803	0	0	0	0	-9.52	10661	18.15	18.18	18.03	18.30	-0.11
sh603801	0	0	0	0	-250.16	8964	55.62	56.03	55.61	56.66	0.09
sh603806	-503	0	0	0	-20.39	5609	33.20	33.16	33.10	33.55	-0.54
sz002108	-5835	408	0	0	-153.82	91582	11.23	11.37	11.21	11.43	1.16
sz002548	-379	0	0	0	-51.40	10870	10.30	10.40	10.30	10.40	0.97
sh603157	13	0	0	0	-146.75	48289	18.60	18.70	18.37	18.88	0.38
sz002540	-9553	-2888	0	0	-336.32	31826	7.42	7.46	7.42	7.49	0.00
sh600176	-5463	11371	7233	0	3950.64	300901	17.50	17.88	17.38	18.25	1.30
sz000408	-10481	-8952	-5643	0	29.08	51895	17.58	17.50	17.49	17.94	-0.91
sh600171	-9082	-3085	0	0	1447.45	201691	13.89	14.00	13.75	14.06	0.65
sz000761	-209703	-134494	-82798	0	-4909.73	561404	5.90	5.80	5.68	5.91	-2.19
sh600179	-1786	2449	2000	0	1207.11	55460	26.12	25.92	25.57	26.35	-0.84
sh601886	-4837	-2020	0	0	-189.24	47047	9.17	9.26	9.05	9.26	0.98
sz000612	-1259	0	0	0	-611.43	48899	8.60	8.63	8.52	8.68	0.58
sh600597	-30354	-3516	0	0	-4115.63	150583	15.70	15.48	15.40	15.75	-1.96
sh600596	20762	42060	24518	0	3901.53	395769	12.69	13.26	12.60	13.37	3.11
sz000967	-10187	-2800	0	0	-211.44	48479	9.07	9.00	8.89	9.07	-1.10
sh600598	10583	22971	1732	0	1944.78	544703	11.80	12.11	11.71	12.22	3.15
sh600771	-242	0	0	0	-275.72	7943	43.02	43.15	43.00	43.52	0.05
sh600572	-6829	-1497	-2301	0	-455.78	65818	7.13	7.14	7.06	7.16	0.42
sh601088	-44148	-19185	-13839	0	11049.20	562129	24.47	24.97	24.47	25.04	2.17
sh601952	4429	4860	-835	0	1219.25	265504	13.30	13.47	13.18	13.59	3.46
sh600684	1282	6512	6667	0	88.48	202641	6.59	6.69	6.59	6.80	1.52
sh600687	9028	0	0	0	-12.72	39789	12.06	12.06	11.95	12.18	0.00
sh601229	-18656	-2386	572	0	-142.30	444506	15.76	15.99	15.68	16.13	1.65
sh601225	30814	72736	42630	0	7741.10	859510	9.25	9.51	9.21	9.53	1.71
sh601799	-260	0	0	0	420.56	12269	47.52	47.71	46.06	48.03	0.40
sz000548	-1873	0	0	0	-23.90	23404	6.40	6.43	6.38	6.47	0.47
sz000813	687	0	0	0	26.12	30366	8.61	8.76	8.61	8.79	0.69
sz300396	-228	0	0	0	69.24	9191	41.99	41.57	41.57	42.50	-0.91
sz300395	-1831	-1000	0	0	-113.54	14393	14.81	15.00	14.76	15.14	0.47
sz300158	-1014	0	0	0	-35.93	23538	12.90	12.95	12.86	13.04	0.00
sz002714	711	0	0	0	-1307.60	42407	61.40	62.22	61.38	62.88	0.99
sh600986	599	544	-2000	0	521.38	34227	10.63	10.75	10.58	10.79	1.22
sz002653	-501	0	0	0	2.31	7188	11.18	11.16	11.10	11.19	0.00
sz300572	974	0	0	0	1320.82	10576	62.96	69.31	62.41	69.31	10.00
sz300573	-3248	-327	0	0	1220.91	38946	25.59	27.92	25.46	27.92	10.01
sz002601	-41292	-10222	-2301	0	-6914.65	183017	17.55	17.18	17.00	17.55	-2.11
sz300575	0	0	0	0	-73.33	4326	39.92	40.00	39.80	40.48	-0.32
sz300378	-2777	0	0	0	-475.61	27781	12.89	12.89	12.74	13.04	-0.15
sz300375	-2401	0	0	0	-510.18	29703	16.28	16.24	16.19	16.60	-0.06
sz300376	-36852	-3952	-19996	0	-11035.97	786483	8.05	7.80	7.77	8.28	1.04
sz002732	-345	0	0	0	-213.79	10412	28.99	28.75	28.71	29.36	-0.69
sh603033	0	0	0	0	-81.60	5141	17.94	17.81	17.77	17.99	0.11
sh603031	0	0	0	0	162.75	8314	24.26	24.58	24.26	24.86	0.74
sh600966	-52952	-17907	-12925	0	-1589.50	160623	6.27	6.21	6.18	6.29	-0.96
sz300707	-1094	0	0	0	-1381.65	27457	47.00	47.00	45.71	47.00	-1.05
sz002138	-13236	-2025	0	0	399.94	92248	15.44	15.43	15.24	15.68	-0.45
sz002136	-2170	0	0	0	-224.34	20398	14.09	14.13	14.04	14.20	0.28
sh603320	239	0	0	0	182.89	22215	28.60	28.69	28.05	29.50	-0.45
sh603326	0	0	0	0	132.91	6649	19.30	19.36	19.15	19.50	0.31
sh603499	0	0	0	0	-307.83	14206	24.10	24.27	24.10	24.49	0.46
sh603818	0	0	0	0	23.34	10402	13.38	13.47	13.32	13.58	0.67
sh603816	-510	0	0	0	-790.03	8022	62.19	62.83	61.80	63.27	0.66
sh603811	0	0	0	0	-18.50	5321	31.05	30.76	30.52	31.28	-0.49
sh603929	141	0	0	0	-241.29	19260	24.81	24.64	24.25	25.25	-1.56
sh600211	-234	0	0	0	-47.17	7155	33.83	34.05	33.70	34.69	0.65
sh603920	225	0	0	0	193.60	26463	17.98	18.11	17.90	18.24	0.56
sz002551	-7003	-1000	0	0	-642.85	32806	9.08	9.05	9.02	9.13	-0.44
sz002555	-4949	1341	0	0	-1929.09	66820	18.84	18.58	18.48	19.05	-2.16
sh603926	0	0	0	0	-102.07	6198	26.45	26.60	26.29	26.76	0.53
sh601169	181105	165373	117516	0	-5378.80	1186667	7.50	7.65	7.48	7.67	1.86
sz000601	-3001	0	0	0	-102.07	13216	7.22	7.21	7.19	7.24	-0.14
sh600782	-31096	2904	13452	0	8746.91	830220	7.37	7.65	7.22	7.72	1.46
sh600783	-2260	-1116	0	0	-10.95	34129	13.77	13.90	13.74	14.08	0.94
sh600787	-24289	-3850	0	0	-2875.99	198620	11.72	11.76	11.52	11.85	-0.42
sh600547	-10058	1128	0	0	-35.81	218502	32.15	32.72	32.14	33.04	1.65
sz000778	-51937	-26531	-8670	0	-799.68	232245	5.47	5.47	5.43	5.48	-0.18
sh601238	8648	9840	4846	0	-1686.45	70592	24.39	24.39	24.25	24.42	0.12
sz002408	-3758	-1177	0	0	-858.46	108465	13.08	13.12	12.94	13.17	0.31
sz000553	-11816	-1384	0	0	-1744.33	89293	17.95	17.86	17.60	18.09	-0.22
sz300385	-200	0	0	0	41.18	6379	24.55	24.64	24.23	24.66	0.78
sz300384	0	0	0	0	-631.16	7799	26.28	25.86	25.80	26.47	-2.27
sz300388	-4150	0	0	0	-1227.75	22633	22.28	22.06	21.96	22.50	-1.21
sz300146	-29744	-3097	-2589	0	-3325.89	224204	16.80	16.69	16.59	16.87	-1.24
sz002637	-890	0	0	0	-88.61	7437	10.36	10.35	10.31	10.49	0.10
sz002635	-23304	-4843	0	0	-3339.19	130383	23.20	22.65	22.56	23.29	-2.16
sz300565	-553	0	0	0	-56.53	9045	20.27	20.31	20.13	20.59	0.30
sz300560	0	0	0	0	-14.39	9742	32.09	31.85	31.83	32.57	-0.41
sh603797	-6318	0	0	0	-2083.89	59564	20.41	19.73	19.26	20.45	-4.59
sh603001	-251	0	0	0	-21.41	11362	14.38	14.48	14.37	14.51	0.49
sz002701	-28070	-21067	-10756	0	-1763.58	106187	5.99	5.99	5.91	6.01	-0.17
sz002094	-2163	1125	0	0	-505.86	46337	19.14	19.12	18.96	19.25	-0.26
sz002090	626	0	0	0	-840.33	14181	21.68	21.11	20.85	21.68	-2.31
sh600978	5844	-479	-4571	0	1252.32	119986	9.15	9.17	9.07	9.24	-0.33
sh600976	-200	0	0	0	-26.55	7532	23.99	23.91	23.75	24.12	-0.38
sh600971	25204	36301	24026	0	7037.96	347421	10.99	11.32	10.81	11.34	3.38
sz002419	-11752	-1418	0	0	-2760.93	71014	16.51	16.37	16.13	16.80	-1.62
sz002411	1844	1121	0	0	457.22	11219	26.54	26.57	26.48	26.80	0.11
sz002381	-3708	0	0	0	92.48	18417	7.72	7.80	7.72	7.83	0.52
sh603319	0	0	0	0	-194.28	9653	29.40	30.10	29.06	30.40	2.31
sz002897	-940	0	0	0	-406.42	29450	38.16	39.35	38.16	39.52	2.21
sz002890	0	0	0	0	97.25	4482	32.96	33.11	32.61	33.32	0.39
sz002899	-306	0	0	0	-154.30	11124	27.96	27.98	27.60	28.23	0.11
sh603178	-200	0	0	0	-33.20	8057	15.11	15.08	15.02	15.22	-0.46
sh600201	-4288	0	0	0	-613.60	70171	30.57	30.86	30.49	31.09	0.75
sh603955	400	0	0	0	706.63	14237	39.91	40.78	39.71	40.97	2.33
sz000026	390	0	0	0	195.35	13522	10.67	10.73	10.66	10.74	0.19
sz002562	-14544	-2848	0	0	-1016.09	61052	16.62	16.44	16.36	16.75	-1.08
sh603776	-4021	635	0	0	3658.36	47107	57.98	63.28	57.54	63.28	9.99
sh603777	0	0	0	0	52.02	14115	26.90	26.88	26.75	27.32	-0.63
sh600897	3277	1300	0	0	1056.82	19422	23.50	23.71	23.48	23.92	0.55
sh600797	-10460	-2537	-2537	0	135.87	106868	12.17	12.23	12.17	12.33	-0.33
sh601939	-100576	3488	60821	0	16275.00	3268064	9.01	9.81	9.01	9.85	8.28
sh600153	-4987	-2656	-4364	0	-622.15	261382	11.86	12.13	11.86	12.21	2.02
sz300178	-5795	0	0	0	-349.59	30782	13.55	13.41	13.31	13.60	-1.25
sz002877	0	0	0	0	2.41	9403	22.38	22.50	22.35	22.75	-0.13
sz002873	0	0	0	0	-293.13	6699	43.12	43.50	42.95	43.91	0.46
sz300355	-50610	-17369	-9204	0	-4988.26	250449	12.50	12.39	12.32	12.58	-0.88
sh603787	-501	0	0	0	28.40	8217	14.20	14.30	14.15	14.40	0.35
sh603018	-1136	0	0	0	166.60	15097	26.80	26.50	26.38	26.93	-1.52
sz002045	-36439	-6855	-2393	0	-4491.82	113990	18.26	17.82	17.54	18.32	-2.99
sz002083	-4520	8384	6500	0	-1058.39	56240	6.74	6.70	6.67	6.75	-0.45
sz002085	-8726	-3032	-2032	0	-740.95	42006	15.97	15.63	15.62	15.97	-1.51
sz002087	-21723	-11622	-4853	0	-1205.32	94344	5.65	5.66	5.62	5.72	-0.18
sz002088	-1843	0	0	0	-119.30	26303	14.09	13.96	13.81	14.11	-0.78
sz002883	-1603	-1148	0	0	-1912.07	27474	54.38	52.20	52.01	55.26	-5.13
sz002736	-72542	-50097	-44177	0	-5386.79	426432	13.33	13.46	13.17	13.53	0.45
sh603305	-523	0	0	0	-601.07	15296	32.10	32.03	31.61	32.40	-0.31
sz002152	-65251	-32030	-26426	0	-2598.02	294952	7.46	7.43	7.33	7.51	-0.40
sz002394	-5651	0	0	0	-537.61	28304	12.43	12.43	12.37	12.51	0.00
sz002396	-15943	-3362	0	0	-1229.72	60193	19.96	19.82	19.71	20.07	-0.90
sh603168	-904	1061	0	0	-257.24	77820	13.26	13.74	13.26	14.18	2.92
sh603167	-16145	-6041	-5241	0	-671.72	121736	12.29	12.30	12.15	12.34	0.24
sh600894	-1205	1009	0	0	-187.85	28183	9.58	9.62	9.56	9.68	-0.10
sz002572	6158	226	-14	0	3365.33	120822	37.00	39.00	36.98	39.00	5.61
sz002407	-3545	0	0	0	-994.33	61334	20.05	20.01	19.93	20.13	-0.15
sh603766	-15440	-6278	-4485	0	-129.45	142579	7.49	7.48	7.39	7.54	-0.40
sh600415	-35008	-15665	-7825	0	-801.53	275977	6.06	6.07	5.96	6.12	1.34
sh600098	9453	4885	4000	0	-72.27	70156	7.14	7.17	7.14	7.20	0.28
sz002889	-4014	0	0	0	-1419.59	44499	30.66	30.31	29.75	30.85	-3.29
sz002888	0	0	0	0	-33.91	5522	26.80	26.99	26.38	27.20	0.11
sh600308	-35499	-1817	-210	0	649.56	153427	7.08	7.02	6.99	7.11	-1.27
sz002881	-527	0	0	0	-8.49	9913	27.72	27.77	27.62	28.30	0.22
sz002885	-209	0	0	0	-26.78	5972	34.30	34.88	34.30	35.20	0.52
sh600529	-619	0	0	0	-431.34	23942	20.80	20.87	20.60	21.09	0.29
sz002903	-1602	-1370	0	0	-1212.02	31324	42.32	42.78	41.71	43.16	1.42
sz000488	-35718	-3448	-2666	0	-2640.90	384786	17.94	18.10	17.81	18.23	0.61
sz000712	-6365	-1441	0	0	502.95	69101	16.72	16.79	16.69	16.99	-0.12
sh601211	-5405	7379	3880	0	68.10	468176	20.46	20.71	20.35	20.80	1.37
sh600993	-1623	1008	0	0	-129.59	49557	21.37	21.18	21.09	21.44	-0.98
sh601111	-63221	-34504	-30542	0	-10646.60	878383	11.65	11.51	11.45	11.87	-0.60
sh600606	85808	102973	87279	0	-3596.40	2678286	9.65	9.84	9.61	9.99	2.29
sz000055	-191480	-123693	-106863	0	8359.70	936772	7.59	7.59	7.30	7.59	10.00
sh600856	51108	49822	34252	0	1728.90	330124	12.97	13.68	12.94	13.86	5.72
sh603725	-80	0	0	0	-101.00	26166	19.79	19.96	19.60	20.03	0.60
sh603728	634	0	0	0	-172.29	9567	22.08	22.00	21.87	22.24	-0.14
sh600293	-6427	0	0	0	-154.08	36789	8.07	8.05	8.03	8.10	-0.12
sh600295	-10013	-1029	0	0	-1638.19	88637	14.21	14.28	14.13	14.47	-0.90
sz000997	-18769	-2262	0	0	-2466.77	71516	18.69	18.45	18.33	18.69	-0.91
sz000895	-9695	-2404	-2404	0	-1235.27	97274	29.74	29.46	29.18	29.75	-0.54
sh601001	-22612	-8270	-9950	0	-663.88	159424	6.62	6.59	6.46	6.64	-0.45
sh603380	0	0	0	0	185.28	7689	19.49	19.59	19.30	19.75	0.15
sh603385	120	0	0	0	-136.53	14883	21.49	21.58	21.43	21.75	0.19
sz300677	0	0	0	0	-103.43	11331	58.80	59.04	58.45	59.49	-0.05
sh600161	-8490	-1002	0	0	-3142.78	57506	29.23	28.88	28.70	29.35	-1.16
sz300505	-219	0	0	0	896.50	31961	31.66	33.26	31.35	33.97	6.06
sh600260	-8942	0	0	0	-2733.78	41586	29.66	29.31	29.20	30.00	-2.20
sh600267	-88474	-43421	-32144	0	-12433.66	425136	15.50	13.95	13.95	15.50	-10.00
sh603113	-505	0	0	0	301.08	40245	23.25	23.60	23.12	23.87	0.94
sz002902	-1537	-1143	0	0	-2983.79	71129	44.07	43.72	42.86	45.50	-0.79
sz002317	-10896	-1693	0	0	-997.09	45119	12.40	12.28	12.24	12.45	-0.97
sh603076	-1350	0	0	0	-711.38	25197	36.60	35.87	35.00	36.83	-3.65
sh603106	-2027	0	0	0	944.81	122972	25.33	25.79	25.00	26.78	3.00
sz002910	1301	-644	-2385	0	1171.60	145413	23.20	24.72	23.02	25.49	5.64
sz002456	-44418	-6604	-3975	0	-7651.60	325530	19.10	18.79	18.68	19.25	-1.11
sz002597	-10193	-3751	-2164	0	-6060.22	121138	28.40	28.48	28.06	28.73	-0.07
sz002061	11040	2279	0	0	-1224.34	83212	15.11	15.16	15.06	15.44	0.26
sh603557	0	0	0	0	-228.33	28783	16.65	16.87	16.55	17.02	0.42
sz300720	-236	0	0	0	-659.11	20269	30.54	30.49	30.01	30.97	-0.39
sz002620	-2770	0	0	0	-177.73	25326	9.90	9.89	9.80	9.98	-0.40
sz000546	-7225	-1495	0	0	-979.75	54822	15.68	15.20	15.15	16.22	-3.92
sz002603	-8104	0	0	0	-571.07	41524	16.14	15.83	15.75	16.14	-1.00
sz300701	-281	0	0	0	-143.35	12829	36.82	37.14	36.11	37.36	0.84
sz300705	-592	0	0	0	-197.35	13810	27.31	27.45	27.13	27.77	0.51
sh603496	0	0	0	0	33.99	5671	31.61	31.74	31.31	32.04	0.41
sh600549	-18720	2225	0	0	-2267.62	351034	25.63	26.11	25.24	26.30	2.39
sz002735	0	0	0	0	-106.52	3728	32.70	32.63	32.20	32.89	-2.19
sz002092	-72737	-25785	-8565	0	-8022.07	329494	15.00	14.90	14.73	15.14	-0.67
sh603316	0	0	0	0	36.33	10004	14.14	14.21	14.03	14.34	0.21
sh601155	10218	9849	9389	0	6346.10	294197	36.60	38.78	36.60	39.47	6.28
sz002872	0	0	0	0	-216.78	8121	31.02	30.77	30.63	31.20	-0.81
sz002880	0	0	0	0	-124.73	4032	53.70	53.89	53.70	54.43	0.04
sz002884	0	0	0	0	103.67	4797	51.76	51.58	50.90	51.82	-0.44
sz000002	7785	8454	-7441	0	19441.00	648657	40.00	40.98	39.99	41.51	3.67
sh601928	-3699	1449	0	0	-560.51	63551	8.18	8.23	8.18	8.25	0.00
sh600362	-49970	-12807	-1507	0	-4195.13	414732	19.72	19.83	19.52	19.95	0.20
sz300625	-1300	0	0	0	-622.38	12833	24.35	24.43	24.28	24.55	-0.16
sz300620	0	0	0	0	-201.94	4677	35.70	35.68	35.50	36.08	-0.06
sz000923	-1849	-1266	0	0	-367.95	46665	24.39	24.52	24.12	24.66	1.36
sz000722	-4789	-1100	0	0	-233.94	26603	9.13	9.13	9.00	9.16	-0.33
sh600518	-4948	-2549	0	0	-1388.98	103281	21.69	21.60	21.52	21.71	-0.41
sh600073	-6964	-3918	0	0	-406.74	47187	8.14	8.13	8.09	8.16	0.00
sh600708	11211	27214	6936	0	457.71	423928	8.61	8.85	8.56	9.13	0.80
sz000672	-7254	12352	10370	0	813.64	369893	11.65	11.99	11.64	11.99	1.70
sz300689	-361	0	0	0	-511.67	10600	43.30	42.70	42.01	43.65	-0.70
sh600661	-1398	0	0	0	150.20	11800	24.68	24.23	24.20	24.76	-1.46
sz300514	-5421	-54	1039	0	-5236.99	57548	30.53	28.80	28.60	30.80	-2.54
sh603387	0	0	0	0	-37.99	6192	58.10	58.44	57.81	59.00	0.26
sz000666	-6709	-1113	0	0	-794.95	61646	20.24	20.22	20.10	20.47	0.05
sz300693	-321	0	0	0	-310.57	9596	35.25	35.05	34.72	35.58	-0.37
sz002657	-5445	-1241	0	0	-908.51	74754	24.65	24.89	24.65	25.18	-0.36
sh600007	-567	0	0	0	11.34	16469	16.79	16.93	16.64	17.00	0.95
sz002878	-226	0	0	0	-14.00	8852	36.01	36.62	35.80	36.68	1.33
sz002901	-397	0	0	0	-91.10	19577	36.95	37.14	36.82	37.65	-0.35
sz002242	-4335	0	0	0	-640.68	39213	18.17	18.15	18.04	18.25	-0.82
sz002867	-1350	0	0	0	-711.55	12516	27.97	28.03	27.81	28.14	0.14
sz002866	2718	0	0	0	138.90	30277	34.39	33.28	31.86	34.79	-4.53
sz000429	-6242	-9858	-1530	0	884.81	115644	8.26	8.36	8.22	8.36	1.33
sz300231	-20731	-4238	0	0	-1979.67	101310	10.70	10.56	10.47	10.78	-1.86
sh601888	-4108	0	0	0	-1618.48	69787	49.48	48.97	48.80	49.60	-0.33
sz300571	264	1250	0	0	-2997.07	33803	55.79	56.71	55.20	59.50	4.46
sz002155	4442	2403	0	0	1350.30	136078	9.46	9.63	9.46	9.70	1.58
sz002891	-291	0	0	0	276.91	5155	33.92	33.98	33.71	34.28	0.15
sz000952	-4877	0	0	0	-656.18	15514	14.16	14.20	14.02	14.27	0.35
sh600090	1316	0	0	0	-215.33	43846	7.72	7.78	7.70	7.82	0.78
sh600848	673	1014	0	0	1526.77	104205	25.15	25.49	24.93	25.53	1.51
sh603200	0	0	0	0	-70.25	7631	39.59	39.26	39.06	40.10	-1.08
sh600629	0	0	0	0	100.63	10693	14.70	14.93	14.63	14.95	1.63
sh603517	136	0	0	0	-145.35	10965	37.84	39.09	37.65	39.42	3.28
sh601669	-5547	2390	-977	0	-125.36	254888	7.65	7.70	7.61	7.72	0.26
sz000676	-1653	0	0	0	-203.40	20092	10.87	11.03	10.86	11.05	0.36
sh600650	-2906	0	0	0	-258.65	25322	14.97	15.04	14.96	15.17	0.33
sh603367	-3023	0	0	0	-595.42	42948	20.30	20.37	20.21	20.72	0.00
sz300635	-408	1841	2806	0	3701.32	41567	19.64	21.78	19.64	21.78	10.00
sh600509	2068	3519	2519	0	168.75	31717	6.79	6.84	6.76	6.84	0.59
sz000732	-125218	-64965	-50225	0	-2089.60	823905	39.08	42.35	38.12	42.35	10.00
sz300031	-686	0	0	0	-260.30	12418	15.12	15.00	14.91	15.15	-0.86
sz300327	-784	0	0	0	-377.22	19783	28.13	28.05	27.82	28.48	-0.36
sh603357	-3318	0	0	0	-112.96	73139	23.67	24.24	23.40	24.55	2.41
sz300640	-228	0	0	0	-135.29	5108	24.99	25.41	24.78	25.45	1.64
sz002645	-813	0	0	0	239.38	25679	21.48	21.55	21.10	21.95	-0.14
sz300655	-200	0	0	0	-9.54	5942	26.59	26.59	26.30	27.21	-0.64
sh603880	0	0	0	0	-144.64	9629	25.04	25.23	24.88	25.46	0.04
sh603388	-14733	-5665	-3533	0	-2604.16	94031	20.30	20.27	19.70	21.45	-5.50
sh600019	-363944	-302852	-203377	0	-17546.60	2852061	9.31	9.24	9.13	9.33	-0.86
sz002868	-967	0	0	0	-411.28	10360	25.27	25.03	24.65	25.35	-0.95
sh600029	-33273	-37334	-50879	0	-50112.20	2469520	10.73	10.56	10.36	10.88	-0.94
sz002668	-2912	0	0	0	-502.47	24359	20.37	19.88	19.80	20.49	-2.41
sh600230	-2080	0	0	0	-2807.62	58705	47.57	47.39	47.01	47.90	-0.42
sh600681	-2719	0	0	0	-241.41	20271	13.17	13.23	13.13	13.28	0.46
sh600887	-5978	26198	875	0	447.00	565866	35.16	35.46	34.69	35.69	1.34
sh603688	-2105	0	0	0	-433.56	15848	14.16	13.91	13.85	14.26	-1.77
sh600325	39310	65793	56376	0	5490.55	773224	8.52	8.77	8.52	8.82	2.81
sh601699	-47624	-10252	-8073	0	-3688.01	552114	11.66	11.71	11.40	11.74	0.00
sz002285	-66066	-40478	-24338	0	-6172.45	344894	11.61	11.60	11.47	11.80	-0.26
sz000756	-10824	-2323	0	0	-1112.12	48741	12.83	12.63	12.55	12.83	-1.48
sz002320	9277	3746	6368	0	828.32	105364	24.66	26.79	24.35	26.90	9.57
sh603081	1139	1000	0	0	958.36	26668	25.65	25.84	25.04	26.58	0.94
sh600367	394	0	0	0	516.84	49354	10.41	10.71	10.40	10.75	2.10
sz300365	-812	0	0	0	256.13	45212	35.00	34.97	34.74	36.50	0.06
sh603757	0	0	0	0	21.50	3816	55.88	55.79	55.47	56.15	-0.37
sz002206	-24125	-2183	0	0	-732.07	84300	5.80	5.68	5.67	5.80	-1.90
sh603421	0	0	0	0	-85.09	4302	24.73	24.71	24.63	24.97	-0.52
sz002690	-149	0	0	0	-537.67	15074	17.48	17.47	17.38	17.60	0.00
sz300647	0	0	0	0	-130.70	5013	18.92	19.07	18.92	19.27	0.00
sz002071	-6006	-3426	-8611	0	-292.72	127276	9.07	9.19	8.98	9.30	-3.26
sz002308	-7117	-1200	0	0	-565.94	44177	10.68	10.70	10.66	10.94	0.28
sz300507	-299	0	0	0	-81.40	8549	28.80	28.60	28.18	28.80	0.00
sh600867	-15148	0	0	0	3119.89	93795	25.05	24.78	24.63	25.35	-1.31
sz300446	0	0	0	0	-4.93	6232	21.43	21.44	21.30	21.77	-0.51
sh603260	5461	2144	0	0	9196.25	135756	60.64	64.07	60.61	65.20	7.97
sz002119	-3867	0	0	0	-616.19	13014	18.07	17.78	17.56	18.17	-1.55
sh601628	-12114	5199	0	0	-5665.50	284656	30.98	31.13	30.87	31.49	0.61
sh600996	-6626	0	0	0	-813.19	53096	10.48	10.32	10.22	10.48	-1.62
sh600048	55470	89757	128135	0	-14673.00	2586248	17.65	17.75	17.65	18.35	1.25
sh600195	-739	0	0	0	-1019.60	30623	20.35	20.40	20.20	20.60	0.64
sz000987	-3587	0	0	0	-183.28	40873	10.40	10.40	10.29	10.50	-0.19
sz300137	-3985	-269	0	0	-2871.64	78271	21.77	21.50	21.40	21.77	-1.01
sz300007	-8815	-3538	-2438	0	-1100.51	46521	13.78	13.50	13.50	13.86	-2.17
sz002238	-1521	0	0	0	205.08	18479	9.48	9.60	9.45	9.68	0.52
sz002756	-780	0	0	0	-419.67	7542	24.09	23.80	23.75	24.25	-1.65
sz300267	-26856	-2970	4137	0	127.11	212231	6.55	6.60	6.48	6.65	0.30
sz300654	-266	0	0	0	164.62	6630	30.69	31.08	30.69	31.56	1.50
sz300495	15928	16139	13030	0	-282.85	84452	15.90	16.25	15.86	16.43	2.20
sh603727	325	0	0	0	-456.84	17741	24.11	24.09	23.80	24.39	0.38
sh603726	-220	0	0	0	-47.43	6696	32.00	31.71	31.55	32.30	-1.18
sz000915	-2552	0	0	0	313.16	43081	28.00	27.98	27.76	28.18	-0.14
sz000910	-11014	-1382	0	0	655.10	59918	25.60	25.24	24.80	26.18	-0.86
sh603656	0	0	0	0	-0.31	2445	29.75	29.94	29.72	30.20	0.00
sz000681	-8528	0	0	0	-2170.66	39333	19.07	18.74	18.58	19.20	-2.40
sz002829	-886	0	0	0	-517.51	8433	26.98	26.61	26.49	27.25	-1.41
sz002820	0	0	0	0	-120.62	9485	25.32	25.40	25.32	25.77	-1.78
sz002827	-477	0	0	0	-146.64	15509	18.97	19.10	18.81	19.28	0.26
sh600674	-13377	484	81	0	87.29	147307	9.90	9.89	9.85	9.94	-0.10
sh600676	-8788	-2394	0	0	-360.03	49859	6.48	6.49	6.45	6.55	0.31
sh603378	-1115	0	0	0	319.42	32562	23.06	23.24	22.90	23.35	0.69
sz000860	2324	1010	0	0	3158.16	79916	20.54	20.51	20.32	20.78	0.00
sh601811	-133	0	0	0	35.04	12609	12.91	12.89	12.76	12.98	0.08
sz300127	-586	0	0	0	28.60	24434	16.60	16.82	16.60	16.87	0.96
sh600706	-312	0	0	0	47.76	6567	18.93	18.88	18.79	18.96	-0.26
sz300017	-35576	-12001	-19361	0	-9403.36	591740	12.50	12.63	12.35	12.74	0.24
sh603099	-488	0	0	0	-51.48	6777	12.17	12.02	11.92	12.18	-0.91
sz300271	-4113	1510	0	0	-291.34	80011	15.58	15.65	15.38	15.78	0.06
sz300569	-272	0	0	0	-16.31	9488	22.42	22.67	22.42	22.88	0.13
sh603398	321	0	0	0	-30.68	8069	16.20	16.10	15.99	16.43	-0.74
sz300660	0	0	0	0	-446.47	3585	65.62	65.71	65.60	66.40	-0.36
sz300669	300	0	0	0	85.86	7704	24.20	24.48	24.20	24.83	0.78
sz002035	-4237	0	0	0	-349.57	64892	33.88	33.57	32.88	34.75	-0.97
sz002504	-16810	-10573	-2014	0	-628.46	124130	4.65	4.67	4.65	4.81	1.52
sh603669	0	0	0	0	-194.90	4654	18.99	18.89	18.81	19.06	-0.58
sh603660	-200	0	0	0	56.71	9963	33.70	33.82	33.61	34.32	0.24
sh600062	-3301	0	0	0	589.05	44722	24.20	24.21	24.00	24.37	0.00
sh600064	-2777	-790	0	0	-756.33	48752	14.91	14.98	14.81	15.06	0.60
sh603866	-472	0	0	0	522.97	6635	43.30	43.29	42.63	43.59	1.05
sh600663	-767	0	0	0	207.07	22627	20.40	20.53	20.23	20.78	0.88
sh601007	-694	0	0	0	-162.67	10854	10.70	10.75	10.69	10.78	0.37
sh601000	28034	35223	34170	0	1429.24	270605	5.12	5.15	5.09	5.17	0.78
sz000525	-7386	-1200	0	0	-1210.41	49840	24.13	23.78	23.61	24.13	-1.53
sz300068	370	1139	0	0	179.15	41670	14.15	14.25	14.08	14.25	0.85
sz300065	-1489	0	0	0	-512.21	34131	15.47	15.33	15.31	15.74	-1.48
sz300203	-33801	-9706	-2693	0	-11656.79	157283	32.75	29.57	29.57	33.20	-9.98
sz300208	-2252	-1113	0	0	-89.89	65510	11.40	11.58	11.40	11.68	1.85
sz300209	-747	0	0	0	94.20	22347	18.00	17.82	17.62	18.18	-0.94
sz002563	-15196	-5269	0	0	-1653.05	72755	8.93	8.86	8.78	9.09	-0.11
sz002335	-613	0	0	0	-443.87	10943	31.11	30.74	30.61	31.11	-1.16
sz300517	0	0	0	0	22.53	9664	19.00	19.19	18.80	19.47	0.73
sz300673	0	0	0	0	46.84	2474	42.36	42.19	41.91	42.70	-0.42
sz300473	0	0	0	0	166.96	4781	41.37	41.19	41.15	41.95	-1.29
sh600874	-27313	-5008	-2890	0	-3176.80	149273	13.89	13.73	13.64	13.91	-1.15
sz300470	1881	0	0	0	242.19	7486	41.79	42.29	41.22	42.30	1.20
sz300478	-211	0	0	0	-825.74	7751	37.88	37.71	37.56	38.45	-1.54
sz002792	0	0	0	0	-445.83	9873	33.12	32.96	32.90	33.36	-0.48
sz002027	41072	82467	66566	0	13629.30	1121811	14.16	14.99	14.00	15.02	6.92
sz002025	1429	1032	0	0	476.93	36752	22.10	22.17	21.85	22.29	0.59
sz002241	-62412	-38540	-24627	0	-11627.64	339313	16.21	15.87	15.85	16.29	-2.10
sh603898	-406	0	0	0	-39.97	13209	30.94	31.23	30.77	31.62	0.90
sz000662	-372	0	0	0	-113.18	15525	14.52	14.64	14.51	14.70	0.90
sz002800	0	0	0	0	-217.85	4559	30.74	30.55	30.45	31.10	-1.10
sz002803	0	0	0	0	-54.35	1766	43.76	43.51	43.40	44.02	-0.46
sz002802	-409	0	0	0	40.38	11096	27.85	28.50	27.61	28.50	2.59
sz300698	-9747	-4144	-2240	0	-3218.11	92149	28.00	28.52	28.00	29.20	-5.09
sz300697	1138	0	0	0	-260.92	40623	23.73	23.80	23.30	24.68	1.93
sh600658	-16783	-5269	0	0	-247.74	66646	10.81	10.59	10.50	10.84	-2.04
sh600120	-2103	0	0	0	-674.22	24328	24.17	23.98	23.85	24.18	-1.19
sh600123	-2490	10103	2900	0	1054.06	182598	9.62	9.70	9.56	9.74	0.83
sh600125	-676	15084	8116	0	1292.50	274426	10.09	10.29	10.04	10.36	1.78
sz000791	-8708	-1193	0	0	-21.20	50403	7.82	7.83	7.78	7.87	0.00
sh600491	-6832	-1863	0	0	-282.50	50408	9.96	9.89	9.83	9.99	-0.70
sz000881	-943	-1179	0	0	674.99	58166	12.31	12.79	12.23	13.10	3.98
sh601636	-35498	-3117	6747	0	-1038.11	572242	7.29	7.45	7.20	7.47	1.36
sz002412	-1372	0	0	0	11.01	8404	16.66	16.78	16.54	16.99	0.72
sh603098	-1468	0	0	0	-603.63	20773	17.69	17.55	17.48	17.78	-1.35
sh603096	0	0	0	0	-389.30	3256	61.55	61.83	61.54	62.29	0.45
sz300509	-331	0	0	0	-35.12	6739	24.95	25.84	24.95	25.87	2.26
sz300506	-857	0	0	0	170.23	22998	22.03	22.31	21.90	22.46	1.04
sh603266	0	0	0	0	-107.64	3058	25.94	25.93	25.81	26.08	-0.08
sh603283	-4702	1878	2443	0	143.81	92440	30.20	30.13	29.15	30.80	3.11
sz002270	0	0	0	0	105.66	6076	9.35	9.39	9.31	9.43	0.43
sz002277	9604	18190	16155	0	443.49	108165	5.99	6.02	5.96	6.05	0.50
sh603605	-2325	0	0	0	-423.87	43311	28.55	28.57	27.91	28.69	-1.75
sh600004	9253	13902	7729	0	597.72	194179	15.90	16.49	15.90	16.55	3.32
sh600000	-68038	-62207	-86818	0	-38177.50	2178274	12.75	12.90	12.68	12.92	1.02
sh600133	-25386	-5203	-4006	0	-1811.85	117105	10.01	9.95	9.89	10.14	-0.90
sz002909	1058	0	0	0	405.88	28817	22.31	22.44	22.08	22.50	1.45
sz300046	-3476	0	0	0	-722.43	29906	19.62	19.38	19.20	19.75	-1.62
sh600012	-2587	0	0	0	-244.38	17057	11.08	11.06	11.00	11.10	0.09
sz300190	-6512	-1004	0	0	-544.09	25982	11.49	11.42	11.34	11.63	-0.95
sh603878	-1273	0	0	0	33.94	23771	17.09	17.14	16.92	17.22	-0.81
sz300227	2818	0	0	0	109.87	18481	22.00	21.92	21.63	22.10	0.00
sz002315	-4771	784	-245	0	-4294.01	111576	24.93	23.94	23.93	25.30	0.42
sz300537	-10959	-6151	-4711	0	1468.10	32029	16.99	17.01	16.99	17.01	10.03
sz300535	0	0	0	0	2.84	7797	35.16	35.47	34.80	35.87	-0.89
sh603277	-430	0	0	0	-214.10	20502	18.61	18.64	18.47	18.75	0.16
sz002262	-9154	-33	2084	0	-1122.65	65078	15.48	15.36	15.13	15.54	-0.90
sz002862	-267	0	0	0	-158.62	3112	27.30	27.18	26.88	27.55	0.11
sz002869	-422	0	0	0	-504.38	12798	31.16	31.70	31.14	32.39	0.41
sh603100	-366	0	0	0	-66.52	11468	10.19	10.16	10.10	10.20	-0.29
sh600109	-17926	-1534	-3552	0	2103.40	277093	10.08	10.18	10.06	10.23	0.89
sh600037	-444	0	0	0	149.36	48435	13.09	13.15	13.01	13.18	0.61
sh600746	-377	0	0	0	22.61	42663	8.15	8.39	8.10	8.40	2.94
sz300230	-477	0	0	0	101.79	20038	12.24	12.20	12.14	12.35	0.16
sz002537	-5769	-1286	0	0	-67.79	28498	9.99	10.04	9.97	10.18	-0.20
sz002672	3523	2043	2043	0	659.94	33359	15.71	15.96	15.66	15.98	1.46
sz002673	-27264	-1389	-5991	0	303.45	364580	13.01	13.14	12.98	13.35	0.61
sh600804	-15994	0	0	0	-1064.10	92407	17.80	17.52	17.38	18.02	-1.96
sh600801	-9517	3216	-3046	0	1553.53	220480	14.30	14.49	14.24	14.52	1.40
sz002078	-17445	-1299	840	0	4490.69	356120	11.42	11.29	11.22	11.65	-1.66
sh603919	-676	0	0	0	-330.30	26611	19.46	19.22	19.12	19.55	-1.84
sz002292	-10598	0	0	0	-648.07	58574	12.93	12.88	12.80	13.06	-0.54
sz002294	-3464	0	0	0	-2179.36	45747	41.40	41.19	40.73	41.40	-0.77
sz002450	-29151	-6156	-5650	0	-10592.19	258757	20.89	20.95	20.76	21.14	0.00
sz002852	-603	0	0	0	-54.33	22765	32.63	33.61	32.48	33.91	3.32
sz002857	2804	0	0	0	180.13	10365	27.07	27.71	27.07	28.50	0.80
sh603829	1237	0	0	0	778.84	60463	18.70	19.45	18.70	19.66	3.57
sh601199	-11934	-4279	-2000	0	25.45	26304	5.69	5.67	5.65	5.70	-0.18
sh600115	-104580	-69921	-58303	0	-16525.45	884926	8.09	7.97	7.90	8.15	-0.62
sh600114	-12121	-1090	2958	0	-1342.86	58334	15.12	15.12	15.00	15.35	-0.13
sz000635	-1571	0	0	0	-177.68	17073	14.89	14.83	14.60	15.00	-0.47
sh600026	-7423	3125	9901	0	-28.52	115610	6.30	6.31	6.26	6.36	0.16
sz000985	-95	0	0	0	-88.77	5823	19.43	19.50	19.42	19.61	0.05
sh600750	2708	2005	0	0	1833.36	39283	26.92	26.99	26.71	27.15	0.26
sh600758	-7657	1042	0	0	18.89	73774	7.38	7.40	7.32	7.42	0.41
sz002778	300	0	0	0	383.09	8294	25.63	25.48	25.10	25.63	-0.59
sz002223	-7871	0	0	0	-1239.68	48772	20.53	20.61	20.45	20.77	-0.58
sz000685	-8197	-1867	0	0	-379.38	51902	10.61	10.61	10.56	10.65	0.09
sz002661	3041	1176	-2618	0	1004.94	25946	14.00	14.40	13.90	14.80	2.86
sz300554	-500	0	0	0	392.81	16808	71.00	72.23	70.10	74.98	1.02
sz300550	0	0	0	0	-143.66	2410	31.16	30.98	30.77	31.19	-0.10
sz300559	0	0	0	0	-29.91	1423	40.40	40.58	40.15	40.82	-0.56
sh600837	1943	6549	3354	0	3818.50	432298	13.98	14.12	13.89	14.13	1.07
sz002595	111	0	0	0	92.31	6796	18.19	18.33	18.19	18.33	0.38
sz300433	-10538	-1007	0	0	-4127.47	72959	26.63	26.19	26.06	26.87	-1.47
sz300432	-408	0	0	0	-443.02	17719	18.16	17.97	17.87	18.28	-0.88
sh603580	-2091	0	0	0	-1055.91	29915	30.65	32.02	30.41	32.16	4.27
sz002281	-32565	-7973	-2305	0	-5823.34	178104	26.73	26.07	25.81	27.25	-4.44
sh600900	-29943	-40303	-27590	0	-5859.90	428598	16.13	16.13	16.00	16.28	0.25
sh603637	-608	0	0	0	438.68	11239	26.50	26.69	26.50	27.18	0.23
sh603633	-576	0	0	0	-21.31	7414	18.13	18.21	18.06	18.29	0.22
sz002440	-5654	4411	0	0	-1530.39	183326	20.37	20.33	20.18	20.87	-0.25
sz002111	100	0	0	0	102.23	16911	15.15	15.18	15.00	15.23	0.40
sh600345	-2200	0	0	0	-1703.18	65178	30.73	30.48	30.03	31.35	-0.49
sh600231	-61024	-26995	-26090	0	-1024.95	364349	5.23	5.18	5.12	5.24	-0.58
sh603369	-5927	100	3325	0	-2623.65	109744	18.07	17.89	17.61	18.10	-1.11
sh603368	100	0	0	0	-289.70	9948	47.68	47.28	46.88	47.68	-0.88
sz000625	-29232	-6212	1642	0	-2681.41	177330	13.39	13.29	13.23	13.40	-0.45
sh600765	-3822	-1000	0	0	-47.79	36402	12.01	11.95	11.88	12.02	0.34
sh600563	-2500	-2006	-2006	0	-198.82	23835	46.19	45.50	45.38	46.60	-1.52
sz300548	0	0	0	0	-186.90	4449	43.33	43.34	43.02	43.74	0.02
sz300403	-657	0	0	0	78.64	9303	14.94	15.01	14.88	15.06	0.40
sz300401	206	0	0	0	-1072.15	14759	48.83	48.65	48.50	49.50	-0.57
sz300408	12530	18282	17440	0	-725.54	122343	20.10	20.31	19.88	20.59	1.40
sz300409	-1349	0	0	0	680.30	39045	51.52	51.10	50.06	52.46	2.10
sh600828	-3518	-1149	0	0	6.65	22282	6.34	6.34	6.31	6.39	0.00
sz002056	-1750	3927	-157	0	-1298.11	148391	9.86	9.97	9.77	10.05	0.30
sz002728	-250	0	0	0	-66.48	5550	18.95	18.83	18.77	19.03	-0.63
sz002626	-3348	0	0	0	-805.88	33165	20.02	19.81	19.68	20.26	-1.00
sh601818	925947	848740	766066	0	26508.80	6309634	4.45	4.80	4.44	4.83	7.14
sz300718	-402	0	0	0	143.85	15490	39.35	39.90	39.22	39.95	1.27
sz002123	332	3368	0	0	-0.30	40076	10.11	10.10	10.04	10.22	0.10
sh603339	-260	0	0	0	-72.80	9201	23.19	23.05	22.80	23.22	-0.35
sh600354	-10714	-1899	-3162	0	-657.07	81887	7.07	7.09	7.02	7.14	0.71
sh603218	-947	0	0	0	-433.38	14373	22.97	22.60	22.48	23.00	-1.61
sh603159	184	0	0	0	148.20	24177	25.05	25.57	25.05	27.09	1.67
sh600173	-9333	-2494	0	0	-137.65	134158	6.32	6.37	6.31	6.45	0.63
sh600593	-386	0	0	0	216.42	31492	30.18	31.36	30.07	31.45	3.74
sz000968	-725	0	0	0	509.89	33223	14.25	14.50	14.25	14.57	1.12
sz000811	-5023	-1541	0	0	-128.77	23422	8.03	8.00	7.97	8.03	-0.25
sz000541	-16874	-3444	-2065	0	-1119.96	93637	9.51	9.43	9.38	9.51	-0.74
sz300570	-1923	0	0	0	-881.65	23430	19.87	19.61	19.49	20.08	-1.36
sz002602	-1780	0	0	0	-1103.37	22604	36.73	35.37	35.33	36.73	-2.00
sz300501	-317	0	0	0	-116.97	3260	35.88	35.54	35.48	36.16	-1.14
sz002733	-2122	0	0	0	-219.36	16329	16.78	16.65	16.63	16.82	-0.89
sz002731	0	0	0	0	-19.62	3616	17.74	17.64	17.58	17.74	-0.17
sz002737	0	0	0	0	-1442.89	15605	32.75	32.46	32.19	32.92	-1.07
sz002048	-2986	0	0	0	1002.64	39422	22.79	22.83	22.63	23.17	0.04
sh600969	313	0	0	0	134.47	16359	12.40	12.54	12.40	12.55	1.13
sz300702	-406	0	0	0	-142.53	8391	41.33	41.30	41.14	41.78	0.10
sz002139	-64084	-26626	-15572	0	-3531.07	213629	10.48	10.18	10.06	10.53	-2.86
sz002080	-4060	0	0	0	-1047.70	53005	23.88	23.74	23.47	24.06	-1.00
sh603813	0	0	0	0	35.39	13859	29.60	29.90	29.60	30.39	-0.20
sh601163	26	0	0	0	132.40	22799	20.16	20.28	20.15	20.39	0.40
sh601166	196467	186105	138380	0	-19270.00	3532688	17.95	18.28	17.92	18.30	2.12
sz000605	-1641	-1423	0	0	-181.66	26545	18.13	18.30	18.00	18.43	1.05
sh600548	636	0	0	0	-160.11	25321	9.07	9.11	9.03	9.12	0.66
sh601766	120728	203437	230599	0	44181.30	2391561	12.10	12.51	12.00	12.53	3.73
sz000639	-44	0	0	0	-86.59	15937	18.24	18.48	18.15	18.48	1.26
sh601128	40455	38864	28273	0	-714.51	906475	8.15	8.63	8.00	8.88	4.99
sz000151	-3164	-1200	0	0	-50.38	42621	12.74	12.84	12.65	12.95	1.26
sh601788	7588	15417	11934	0	542.91	166399	14.57	14.73	14.53	14.77	0.96
sz000980	-14452	-6688	-2215	0	-992.20	81337	11.55	11.46	11.40	11.66	-1.04
sz000559	-11117	-1033	0	0	-543.83	68140	9.96	9.96	9.90	10.06	-0.10
sz300387	-2413	0	0	0	-325.58	23350	17.50	17.32	17.12	17.72	-1.48
sz300561	-4471	-98	0	0	-290.01	52560	40.88	39.67	39.10	41.95	3.66
sz002706	-1038	0	0	0	-6.93	10657	12.02	12.03	12.00	12.20	-0.33
sh603007	-642	0	0	0	42.67	18847	12.57	12.67	12.54	12.84	0.16
sh603556	0	0	0	0	-44.58	6729	35.61	35.67	35.42	35.83	0.14
sz002142	-42742	-17254	-13396	0	10475.30	326641	20.00	20.66	19.96	20.66	4.29
sz002143	-25239	-8645	-5820	0	-2248.43	121927	14.09	14.01	13.80	14.17	-0.85
sh603311	-3735	-1000	0	0	-614.41	12634	15.78	15.50	15.41	15.78	-1.08
sz002895	-3689	-3167	-2086	0	-891.23	77357	25.15	25.83	25.15	26.25	-1.82
sz002892	0	0	0	0	122.41	10822	40.22	40.14	40.04	41.35	0.00
sh603959	851	0	0	0	916.04	10484	31.31	31.28	30.96	31.59	-0.06
sz300576	-792	0	0	0	-182.27	21614	16.83	17.31	16.83	17.97	2.85
sz000012	-51452	-18188	-13146	0	-1700.34	218888	9.18	9.12	9.04	9.20	-0.65
sz000018	5341	5037	0	0	-171.89	82023	6.28	6.27	6.24	6.35	0.64
sz000498	-5375	1131	0	0	-87.43	51840	6.88	6.91	6.86	6.97	0.29
sz000709	-183349	-127029	-76631	0	-684.39	727138	4.10	4.09	4.06	4.11	-0.49
sh601200	-1932	0	0	0	-553.67	29858	23.75	23.76	23.63	23.85	0.00
sz002871	0	0	0	0	130.42	4041	34.36	34.81	34.25	34.84	0.61
sz300284	-806	0	0	0	191.06	25775	16.06	16.24	16.06	16.40	0.56
sz300286	0	0	0	0	-79.40	4195	17.68	17.56	17.46	17.68	0.06
sz300357	0	0	0	0	13.03	6275	49.18	48.76	48.32	49.76	-0.53
sh603017	-200	0	0	0	2.35	3281	15.95	15.68	15.62	15.95	-0.63
sz002573	-15099	-8170	-6755	0	-1825.39	116886	20.89	20.68	20.53	20.96	-0.72
sh600641	-8992	-1000	0	0	-2104.07	90601	13.56	13.39	13.35	13.64	-0.07
sz000957	-8768	-1035	0	0	-850.60	44923	10.78	10.68	10.67	10.83	-1.11
sh600306	-920	0	0	0	-63.93	24069	10.29	10.34	10.22	10.45	0.49
sz000717	-159330	-72777	-59360	0	-11020.56	878317	8.50	8.39	8.30	8.52	-2.21
sz000711	662	-1396	0	0	1429.48	93153	13.62	13.51	13.25	13.83	-0.37
sh600633	-13201	-1200	0	0	-1146.00	88457	15.34	15.39	15.29	15.59	-0.13
sz000825	-123510	-87624	-58835	0	-452.17	719913	5.30	5.33	5.22	5.33	0.57
sh601328	486352	481832	463011	0	12728.00	5563125	6.68	6.98	6.66	6.99	4.65
sz000826	5075	6837	2002	0	2025.62	55416	31.50	32.00	31.50	32.02	1.59
sz000828	-8021	-1000	0	0	-1237.70	31020	11.35	11.30	11.20	11.41	-0.53
sz300703	-400	0	0	0	-263.33	5578	31.71	31.90	31.60	32.24	0.00
sz300295	-2397	0	0	0	-258.02	29249	18.13	17.89	17.80	18.22	-1.38
sz300294	-478	0	0	0	-292.45	8682	31.87	31.71	31.65	32.12	-0.13
sz300581	-2914	0	0	0	-438.25	30381	33.35	33.66	32.21	33.99	-2.29
sz002769	-535	0	0	0	-240.45	11640	14.11	14.14	14.10	14.24	-0.56
sz002039	7968	4995	0	0	-166.23	56699	15.63	15.84	15.60	16.05	1.28
sz002762	-733	0	0	0	209.19	23427	16.88	16.95	16.77	17.22	0.59
sz002781	0	0	0	0	-483.44	9722	21.65	21.39	21.32	21.83	-1.29
sh600363	-5756	-1323	0	0	-207.22	26907	11.92	11.89	11.85	11.92	-0.25
sz002166	-3142	0	0	0	-134.18	27468	10.43	10.43	10.39	10.51	-0.38
sh603377	730	0	0	0	-120.79	8651	39.98	39.83	39.52	40.50	-0.40
sz002187	-3738	0	0	0	-380.11	14846	10.46	10.41	10.38	10.49	-0.67
sz300626	0	0	0	0	0.00	1262	27.66	28.19	27.58	28.20	1.11
sz300622	-376	0	0	0	-1.89	4581	24.52	24.77	24.52	24.90	0.00
sh603199	0	0	0	0	16.80	4433	26.78	26.94	26.78	27.08	-0.33
sh603996	3246	0	0	0	169.11	14463	17.90	17.79	17.72	18.00	-0.06
sz000928	-27196	-10621	-7364	0	-102.26	109892	6.78	6.77	6.68	6.82	-0.59
sh600085	-1523	5110	3056	0	1780.88	159134	34.27	34.68	34.26	35.18	0.43
sz000920	-513	0	0	0	-503.47	23328	9.64	9.66	9.60	9.80	-0.41
sz002215	-5019	-1339	0	0	-7.33	38503	6.92	6.95	6.90	6.97	0.43
sz000039	10778	11877	8618	0	-698.60	204897	21.50	22.35	21.48	22.41	3.57
sz000723	-3382	1842	-4980	0	1639.26	118385	6.75	6.82	6.70	6.83	1.04
sz000726	-5694	0	0	0	147.98	30671	11.16	11.15	11.12	11.19	-0.18
sh601139	20	3002	-2000	0	-437.24	78590	7.86	7.92	7.83	7.95	0.64
sh603518	-1110	0	0	0	-256.72	8410	19.50	19.38	19.20	19.60	-0.77
sz000728	-18981	-2030	1575	0	-1628.69	270541	11.41	11.43	11.33	11.56	0.18
sz000729	-31936	-16729	-17914	0	-1940.64	210334	8.23	8.17	8.09	8.28	-1.33
sh603515	-1400	0	0	0	-662.75	15631	46.36	45.88	45.69	47.60	-1.04
sh600622	-707	0	0	0	-694.70	53527	17.02	17.55	16.93	17.61	2.69
sz300400	1820	1268	0	0	78.83	19032	14.20	14.20	14.09	14.46	-0.42
sz002558	-1451	0	0	0	-1659.97	23765	34.60	34.44	34.11	34.77	-0.43
sh601668	97737	130474	159784	0	-2034.00	5407612	10.43	10.56	10.35	10.63	0.96
sz300027	5977	14072	-1926	0	-854.75	596396	9.61	9.73	9.50	9.73	1.04
sz002174	-4283	0	0	0	-1517.44	44964	23.39	23.10	23.00	23.43	-0.13
sz002179	-219	1000	0	0	266.32	42545	36.97	37.38	36.51	37.62	1.05
sz002373	-12366	-2961	0	0	-2307.88	65916	13.91	13.82	13.76	14.10	-1.57
sz300638	0	0	0	0	-24.82	6922	39.20	39.29	38.87	39.90	0.33
sz300631	-1940	0	0	0	-68.28	19100	26.44	25.91	25.75	26.79	-1.30
sz300632	-291	0	0	0	-253.26	9820	20.81	20.75	20.65	21.02	-0.91
sz300435	-435	0	0	0	-117.08	3875	15.91	15.89	15.77	15.95	-1.06
sh603968	-200	0	0	0	50.58	7408	19.19	19.23	19.11	19.35	0.21
sz002518	-403	0	0	0	-14.87	16657	16.77	17.02	16.71	17.10	1.25
sh603989	823	0	0	0	-44.64	20427	37.45	37.86	37.08	38.20	1.83
sh603980	-6541	0	0	0	-1802.43	46160	21.71	21.45	21.33	22.02	-0.46
sh600327	-5102	0	0	0	-109.04	23203	7.52	7.51	7.47	7.52	-0.13
sh600329	-373	0	0	0	77.92	13769	15.20	15.16	15.11	15.28	-0.39
sh600508	-2600	0	0	0	1100.14	68491	13.07	13.11	12.90	13.13	0.38
sh600502	-4024	4730	2000	0	-105.47	92098	7.05	7.08	7.03	7.08	0.57
sh600056	-4124	1471	0	0	-506.45	78928	22.52	22.49	22.34	22.69	-0.53
sh601900	-179	0	0	0	-181.88	15010	11.48	11.45	11.31	11.49	-0.43
sh600618	-2510	0	0	0	-39.96	40883	11.41	11.39	11.36	11.59	-0.78
sz000598	-2407	4481	13007	0	145.03	118712	5.41	5.41	5.39	5.44	0.19
sz000596	532	0	0	0	-2979.65	33003	76.09	75.89	75.41	76.60	-1.15
sz000780	-8490	1090	0	0	265.25	32542	5.06	5.05	5.02	5.07	-0.39
sz000783	-40544	-23067	-23421	0	-939.34	283331	8.45	8.41	8.33	8.55	-0.36
sz300727	-6101	-1449	0	0	409.17	73699	30.49	32.88	30.36	33.44	2.91
sz300326	-4019	0	0	0	-124.55	21928	8.66	8.67	8.62	8.77	-0.46
sz002748	-75	0	0	0	-79.83	10491	14.32	14.38	14.31	14.55	0.14
sz300251	-4213	6421	-7604	0	-7280.82	574748	11.36	11.53	11.18	11.60	1.59
sz002527	-1967	0	0	0	-138.40	18301	9.85	9.86	9.79	9.92	-0.30
sz002346	-697	0	0	0	39.85	23672	19.35	19.26	19.18	19.44	-0.16
sz002695	-1593	0	0	0	-414.77	30028	16.88	16.80	16.76	16.98	-0.24
sz002343	-4752	0	0	0	1050.06	37716	33.03	33.28	32.80	33.44	0.60
sz300340	-678	0	0	0	-2706.05	43763	48.36	48.30	48.20	49.48	-1.27
sz300484	-483	0	0	0	-39.45	11731	20.22	19.85	19.72	20.28	-1.68
sh603225	-2778	-1064	0	0	-1033.64	47758	39.74	39.14	38.72	39.74	-0.38
sz002860	-206	0	0	0	228.78	12324	41.33	41.96	41.11	42.79	1.94
sz300100	-2936	-1754	0	0	-79.17	27101	14.87	15.00	14.77	15.04	0.40
sz002008	-9051	1673	582	0	-5590.20	188163	54.06	53.73	53.40	55.15	-0.59
sz000959	-13407	-5137	-4560	0	-456.48	68337	6.16	6.17	6.07	6.17	0.00
sz000901	-1828	0	0	0	812.14	45123	22.73	23.13	22.65	23.35	1.63
sh603648	-3147	1043	0	0	12.91	113968	22.53	22.68	22.20	22.95	1.20
sh600999	-32420	-9625	-11003	0	3057.02	324009	19.10	19.39	19.08	19.48	1.20
sh600338	489	1103	0	0	584.28	51220	38.34	39.39	38.34	39.85	2.87
sh600420	-30267	-8323	-6021	0	-4109.20	118301	11.35	11.19	11.13	11.38	-2.86
sh600422	-5506	0	0	0	-814.72	45680	9.18	9.16	9.10	9.23	-0.22
sz000877	-67933	-25231	-2031	0	-8913.29	351793	11.90	11.65	11.55	11.90	-2.59
sz002237	7445	4224	2496	0	762.61	147921	10.95	11.23	10.95	11.35	2.18
sz002233	-13387	-6316	0	0	-1457.07	91605	11.82	11.86	11.78	11.94	0.17
sz300650	0	0	0	0	-205.62	6421	39.90	40.06	39.40	40.33	0.20
sh600987	-1586	0	0	0	-31.09	22180	11.33	11.26	11.23	11.34	-0.44
sz300499	0	0	0	0	36.77	3489	19.16	18.95	18.83	19.34	-0.89
sh600291	-8093	2026	3264	0	4103.38	356342	25.99	26.71	25.99	27.18	2.22
sz002220	-200	0	0	0	-0.26	7960	7.50	7.45	7.43	7.54	-0.53
sh600075	-9267	0	0	0	-468.60	54018	7.98	7.99	7.90	8.02	0.38
sh603683	-19000	-6791	-5796	0	-3540.76	166698	24.33	25.24	24.33	26.38	-6.62
sz000040	-2332	-1000	0	0	-155.66	14217	13.15	13.15	13.06	13.21	0.00
sz300015	-827	-2354	-2354	0	1730.20	71621	35.00	35.59	34.90	35.59	1.69
sh603538	0	0	0	0	-65.20	2375	26.04	25.91	25.80	26.26	-0.50
sz002036	-83	0	0	0	82.41	44426	15.26	15.26	15.17	15.48	0.00
sz300568	-326	0	0	0	-631.97	11593	27.28	27.30	27.14	27.74	-1.02
sh600885	-756	0	0	0	-600.72	36316	43.95	43.62	42.52	44.20	-0.59
sh603883	0	0	0	0	-149.05	10313	60.80	61.77	60.31	62.40	0.73
sh603203	0	0	0	0	-176.33	2673	37.90	37.64	37.41	37.90	-0.03
sz002258	-5572	-1327	0	0	-1381.80	98349	19.10	18.99	18.66	19.28	-0.42
sh603869	-205	0	0	0	137.69	8293	21.47	21.45	21.30	21.67	0.14
sz300681	0	0	0	0	110.65	5205	50.86	51.69	50.86	51.97	1.69
sh600660	-12331	-2559	-2094	0	-3331.70	111346	29.00	28.82	28.66	29.28	-0.55
sz000789	-21787	129	1694	0	-6264.58	442316	12.30	12.39	12.05	12.51	1.39
sh601398	318820	255974	251099	0	-4121.00	6030551	7.15	7.49	7.11	7.53	4.46
sh601009	-98099	-42726	-34993	0	-9687.10	1431594	9.31	9.37	9.22	9.46	0.86
sz000090	-7477	-4091	-3921	0	-211.86	99327	10.85	11.05	10.81	11.10	1.66
sh600717	10772	4570	4039	0	1385.77	130187	10.82	10.92	10.77	10.92	1.02
sz002567	-8060	-2293	0	0	-256.88	60142	7.55	7.56	7.46	7.60	0.40
sz300519	-526	0	0	0	-157.33	8998	20.83	20.61	20.58	21.31	-1.90
sh603005	-674	0	0	0	-600.73	21130	29.50	29.34	29.16	29.70	-0.64
sz300477	-620	0	0	0	-8.09	28789	22.96	23.18	22.71	23.30	1.80
sh603707	-3940	-2109	0	0	-1569.78	28404	28.66	28.27	27.85	29.08	-2.18
sz002026	1744	1096	0	0	-69.30	29907	7.80	7.81	7.77	7.83	-0.13
sz002801	-200	0	0	0	-403.35	5990	34.38	34.00	33.95	34.68	-1.42
sh600388	-7317	1410	0	0	-881.98	87147	16.45	16.38	16.26	16.45	-0.18
sz000888	-4883	0	0	0	115.62	32471	10.52	10.60	10.43	10.62	0.09
sz300070	-24676	-4142	-2517	0	-9290.52	231165	16.72	16.57	16.50	16.77	-0.36
sh600873	-64054	-49739	-31804	0	-1374.67	147156	5.32	5.30	5.27	5.34	-0.19
sz300219	3443	4056	0	0	699.50	46611	11.78	11.97	11.71	12.10	1.10
sz300503	-2322	0	0	0	-137.92	17327	12.66	12.79	12.45	12.85	1.27
sz300443	-345	0	0	0	-18.11	13793	16.22	16.40	16.10	16.66	0.80
sh603269	905	0	0	0	1402.33	27395	25.28	26.65	24.88	27.00	4.35
sh603060	-214	0	0	0	-59.44	6942	22.46	22.42	22.26	22.55	0.13
sh603288	-409	0	0	0	441.52	26606	57.35	57.09	56.81	57.89	-0.40
sz002273	-11133	-2942	0	0	-4361.39	93124	21.45	20.93	20.85	21.45	-2.38
sh600461	-13423	-10000	-2000	0	-696.33	31345	6.22	6.22	6.19	6.25	0.00
sh603110	0	0	0	0	-154.33	20270	26.41	26.53	26.21	26.93	0.38
sh600643	-51745	-4259	-2173	0	-1043.29	266581	11.30	11.27	11.23	11.40	-0.53
sh600642	-7577	-5636	-820	0	-1355.12	166348	6.06	6.04	6.02	6.07	-0.33
sh601020	-2300	3435	5589	0	7351.97	131451	19.36	21.33	19.36	21.43	9.50
sh600015	65837	68663	49026	0	6484.70	944715	9.69	9.99	9.67	9.99	3.31
sh601515	626	0	0	0	180.24	17199	9.89	9.88	9.84	9.95	0.00
sz300196	-13241	-1435	0	0	-126.83	78651	12.81	12.33	12.24	12.90	-4.42
sh600382	212	0	0	0	195.06	16294	12.89	13.00	12.89	13.08	0.23
sz002310	3540	4757	2002	0	-704.93	109658	19.20	19.18	19.03	19.26	-0.16
sz300536	-1059	-25	0	0	-627.41	40765	16.51	16.04	16.03	16.51	-0.25
sz300533	0	0	0	0	81.20	3421	48.11	48.54	47.80	49.00	0.52
sh600826	-2415	-1167	0	0	-37.80	17912	13.37	13.45	13.31	13.46	0.67
sz002003	-3428	-193	0	0	25.67	36498	12.43	12.36	12.29	12.62	-0.56
sz002002	-13275	-6871	-7687	0	-1007.55	74032	7.15	7.10	7.07	7.22	-0.28
sh603278	-1169	0	0	0	-506.56	30553	23.24	23.57	23.21	23.63	0.81
sh603299	-13768	-2723	0	0	-1308.97	86284	11.15	11.05	11.00	11.33	-1.60
sh603858	-223	0	0	0	-3275.45	35843	51.08	50.89	50.66	51.25	0.00
sh600106	-21349	-9705	-5783	0	-536.55	53411	4.54	4.50	4.49	4.57	-1.10
sh600499	-21073	-8179	0	0	-1208.48	139423	10.20	10.16	10.08	10.31	-0.20
sz002127	-2987	-334	0	0	1940.09	130612	12.48	12.58	12.12	12.63	0.72
sz300183	-8946	-1000	0	0	-1112.67	57409	18.18	17.95	17.80	18.27	-1.70
sh603239	-902	0	0	0	-308.26	25369	19.30	19.61	19.30	20.05	0.51
sz300494	-4853	0	0	0	-783.90	37265	17.11	17.20	16.80	17.43	-1.71
sz002581	-4995	-1430	0	0	-848.01	14532	18.18	18.15	18.04	18.32	-0.66
sh603599	-279	-224	0	0	1226.17	51285	18.63	19.56	18.53	19.58	4.99
sh603912	-2856	0	0	0	-474.03	60719	27.65	27.90	27.28	28.38	0.83
sz002853	-5021	-1853	0	0	-851.44	70809	36.50	37.36	35.85	37.84	0.84
sh601998	96034	100391	72153	0	-2721.30	1216135	7.12	7.38	7.07	7.39	3.65
sh600028	1013702	867415	713303	0	-45395.10	6139969	6.98	7.04	6.88	7.05	1.88
sh603197	0	0	0	0	182.75	4281	49.76	50.29	49.71	50.49	1.17
sz300082	-7086	-1000	0	0	-334.81	41140	7.12	7.09	7.05	7.18	-0.84
sz300083	-37692	-590	-378	0	-1053.61	132083	7.46	7.40	7.34	7.51	-0.54
sz002664	-76	0	0	0	41.22	9583	25.41	25.25	25.09	25.44	-0.16
sz300557	0	0	0	0	184.27	3679	36.83	37.59	36.75	37.97	1.05
sh603588	-3760	1387	0	0	481.17	50976	11.79	11.89	11.75	12.03	0.68
sh603903	-107	0	0	0	-14.99	9607	37.65	37.85	37.38	38.00	-0.21
sh603900	-3259	-1299	0	0	-533.58	26909	32.00	30.99	30.71	32.50	-3.37
sz002287	-202	0	0	0	-224.81	5159	34.99	35.01	34.70	35.24	0.29
sh603630	-899	0	0	0	-384.38	7522	26.81	26.82	26.70	26.95	-0.11
sz002441	-828	1057	0	0	331.72	32576	9.84	9.98	9.82	10.15	1.32
sh600340	32080	37907	15597	0	7014.80	652127	42.00	43.95	42.00	44.37	4.77
sz300497	0	0	0	0	-1468.93	20925	39.00	39.00	38.70	39.68	-0.15
sh600346	-4764	12170	8240	0	165.44	191971	15.86	15.92	15.38	16.18	0.51
sz000623	-18488	-4483	0	0	-1025.27	136104	23.33	23.24	23.14	23.56	-0.30
sh601366	-9021	-2618	0	0	-938.84	38788	10.84	10.74	10.67	10.84	-0.92
sh601368	695	1198	0	0	278.92	16607	8.86	8.93	8.82	8.99	0.68
sh600562	-2585	-2039	0	0	-294.77	26516	20.60	20.43	20.22	20.63	-1.07
sz002541	-1267	0	0	0	-252.03	15874	14.02	14.00	13.96	14.17	-0.43
sz002543	-914	0	0	0	-739.85	16676	21.85	22.19	21.85	22.35	0.73
sh603158	-235	0	0	0	-3.75	2746	18.49	18.15	18.08	18.49	0.00
sh600779	-1774	0	0	0	-126.20	56247	52.91	52.79	51.50	53.15	0.28
sh601555	-8827	-147	0	0	434.81	172578	10.18	10.25	10.14	10.29	0.49
sz000544	148	0	0	0	185.42	24295	14.35	14.52	14.32	14.55	1.54
sh600985	-1551	3010	0	0	245.84	59668	15.22	15.29	14.96	15.68	-0.52
sz002043	-19455	-6021	0	0	-756.84	85074	11.58	11.56	11.45	11.67	-0.17
sh603323	-283308	-181876	-117966	0	17300.50	1242648	9.17	10.21	9.06	10.21	10.02
sh601233	-61214	-19644	-10822	0	-10432.83	299164	27.65	26.45	25.50	27.70	-3.04
sz000981	-9358	-2465	0	0	-686.73	32282	8.38	8.24	8.19	8.38	0.00
sz300563	0	0	0	0	112.71	2847	29.20	29.20	29.02	29.33	0.34
sz300360	-407	0	0	0	-235.75	16350	10.61	10.60	10.52	10.65	0.00
sh600979	-2689	0	0	0	-137.19	25938	5.22	5.20	5.18	5.23	-0.38
sz002380	0	0	0	0	-81.30	5889	16.51	16.52	16.48	16.69	-0.96
sz002896	0	0	0	0	33.26	7165	37.39	37.90	37.32	38.25	0.56
sz002893	-6890	-1570	0	0	-3007.36	67210	31.00	31.71	30.76	32.40	1.34
sh601158	7166	6875	2273	0	-140.82	55344	6.54	6.56	6.51	6.58	0.46
sz002479	398	5293	-2084	0	1137.87	129908	10.25	10.35	10.09	10.35	0.98
sh600377	1832	1021	0	0	201.55	54423	10.17	10.23	10.11	10.25	0.39
sh600793	-488	0	0	0	74.32	13134	26.09	26.13	25.75	26.35	0.11
sh600790	-4770	-1220	0	0	107.40	35798	6.03	6.05	6.02	6.06	0.00
sh600557	-2890	0	0	0	87.82	23228	13.57	13.54	13.51	13.61	-0.15
sz000708	-6170	0	0	0	-894.43	39978	11.88	11.75	11.67	11.88	-0.93
sz000651	-80809	-31401	-28128	0	-9644.00	811738	56.50	56.79	55.45	56.90	0.34
sh601336	-38090	-590	2172	0	-11073.90	435121	60.77	61.29	60.76	62.57	0.91
sz300285	-3777	0	0	0	-765.31	26787	18.99	18.40	18.38	19.20	-2.49
sz000951	-7066	-72	0	0	-1430.76	48777	17.27	16.99	16.75	17.37	-1.22
sz002158	-5285	-3064	0	0	401.64	75152	12.58	12.64	12.46	12.65	0.56
sz002403	2514	2093	0	0	-12.95	15048	11.73	11.80	11.69	11.81	0.51
sz002393	-626	0	0	0	-229.78	6477	31.34	31.33	31.21	31.50	0.03
sh600895	-7289	-1000	0	0	-1381.06	34156	14.79	14.74	14.68	14.91	-0.20
sh600093	-47070	-25606	-13537	0	-5589.47	505255	15.31	15.44	15.01	15.59	2.32
sz000001	-216460	-119344	-132282	0	-2748.00	2388791	14.36	14.65	14.33	14.90	1.45
sh600528	-3249	4790	4405	0	653.35	136359	12.60	12.77	12.59	12.80	0.95
sz000719	-10	0	0	0	241.00	19573	9.30	9.35	9.26	9.40	0.32
sh601858	2405	1000	0	0	321.71	44503	10.52	10.75	10.52	10.77	1.51
sz300160	-624	6906	4486	0	-555.26	49434	7.61	7.64	7.61	7.88	0.13
sz300349	-497	0	0	0	-1773.81	22348	38.83	39.32	38.53	39.75	0.95
sz002422	-5484	-1875	0	0	-451.32	77921	25.91	26.30	25.65	26.30	1.54
sz002788	-498	0	0	0	-0.67	12844	29.52	29.70	29.35	29.76	1.05
sz002766	-4710	0	0	0	-1181.87	39433	15.08	14.90	14.86	15.16	-1.00
sz002763	-1098	0	0	0	-287.17	8774	13.47	13.51	13.44	13.57	-0.30
sz002367	-3295	-1067	0	0	293.11	42991	9.07	9.08	9.03	9.24	0.00
sz002182	5995	5357	-3897	0	1031.97	143176	8.68	8.95	8.68	8.98	2.52
sh601100	-3291	0	0	0	-63.28	83868	31.95	33.79	31.95	33.88	6.63
sz300621	-630	1186	0	0	-745.14	32219	21.36	21.48	21.02	21.66	-0.69
sh600884	28919	12701	4898	0	7737.66	229922	18.27	19.04	18.27	19.08	4.33
sh600889	-919	0	0	0	39.17	11313	8.25	8.31	8.22	8.32	0.61
sh603990	0	0	0	0	-12.68	1194	37.22	37.03	36.80	37.55	-0.51
sz000921	-24966	-7820	-2341	0	-3657.43	124795	15.59	15.58	15.41	15.72	-1.83
sz000036	-10516	-6588	-2884	0	3671.68	366941	9.96	10.22	9.95	10.29	3.02
sh601595	-3251	0	0	0	-745.04	34540	21.50	21.36	21.17	21.66	-1.66
sh600628	-3059	0	0	0	-440.86	24071	10.35	10.31	10.26	10.35	0.00
sz000582	-7198	-1687	0	0	-660.67	37156	10.08	10.06	10.00	10.16	0.10
sz000581	-25923	-7758	-2117	0	-1616.36	142351	25.78	25.57	25.46	25.92	-0.89
sh601689	-3505	0	0	0	-90.34	43488	21.50	21.74	21.39	21.84	0.65
sz300023	-3214	0	0	0	-349.44	34124	12.22	12.13	11.97	12.48	-0.82
sh603569	0	0	0	0	36.91	7314	24.44	24.69	24.17	24.75	1.35
sz002779	0	0	0	0	190.98	7248	19.63	19.82	19.52	19.90	1.02
sz002172	7136	7000	2634	0	509.92	83318	6.14	6.34	6.13	6.38	2.92
sh603963	-200	0	0	0	-281.11	15439	28.77	28.78	28.70	29.64	0.31
sz002590	-2262	0	0	0	-628.41	28471	12.67	12.77	12.67	12.89	-0.78
sz000603	-75290	-65611	-50924	0	3483.65	282991	13.05	13.53	13.01	13.53	10.00
sh600615	-638	0	0	0	-74.12	10839	12.78	12.86	12.69	12.88	0.78
sh600545	-1791	0	0	0	-191.92	30159	10.12	10.06	10.02	10.12	0.40
sh603758	287	1595	0	0	-169.26	24410	14.23	14.14	14.09	14.39	-1.39
sz300033	-20171	-5817	330	0	-8715.90	169623	57.01	58.27	56.49	58.49	0.19
sz300723	-679	0	0	0	-402.90	45388	36.58	37.48	36.53	37.68	1.60
sz300252	-140	0	0	0	-148.84	21964	14.90	14.81	14.73	14.97	-0.60
sh603359	-235	0	0	0	-511.84	13408	34.62	34.36	34.01	34.81	-0.64
sz002444	-10888	-1493	0	0	-1742.65	60931	13.06	12.99	12.86	13.13	-0.54
sz300488	0	0	0	0	-73.26	3316	31.98	32.25	31.98	32.48	0.75
sh603738	0	0	0	0	-20.06	2804	23.38	23.03	22.97	23.48	0.00
sh601117	-51865	-9814	-6047	0	3114.93	295992	7.46	7.50	7.39	7.54	0.40
sh600426	-18930	3461	0	0	-2729.79	203068	19.15	19.38	19.01	19.66	0.21
sh600600	-10864	189	0	0	-2391.58	101434	41.53	41.00	40.50	41.88	-1.18
sz002236	-20376	6978	5407	0	4200.50	356024	26.17	26.59	25.86	26.78	1.57
sz300317	-9548	-4637	0	0	-488.12	42793	14.09	14.00	13.92	14.26	-0.64
sh603508	0	0	0	0	-61.21	5828	38.91	39.26	38.90	39.46	0.18
sz002356	373	0	0	0	-117.66	33455	32.10	31.99	31.18	32.88	0.03
sh600298	-14298	1022	0	0	-4485.18	118871	35.63	35.04	34.57	35.67	-1.66
sh603658	-300	0	0	0	-438.19	8559	50.00	48.78	48.49	50.65	-2.44
sz000042	-2750	0	0	0	-224.82	16328	17.11	17.20	16.88	17.35	0.58
sh600704	-15497	-3845	-3755	0	-505.40	135504	7.19	7.23	7.19	7.32	0.56
sh600763	-2344	0	0	0	-69.74	36231	38.00	37.44	37.12	38.90	-1.21
sz300014	-9481	-2811	0	0	-2137.45	94974	18.15	18.16	18.05	18.33	0.06
sz300274	4778	4343	3005	0	-939.71	132029	17.02	17.33	16.98	17.44	1.11
sz002038	-785	0	0	0	-206.30	30260	32.23	32.20	32.01	32.50	0.16
sh603083	-300	0	0	0	233.52	34551	47.00	47.88	46.60	48.35	2.11
sh603086	0	0	0	0	18.37	4354	36.76	37.12	36.66	37.18	0.84
sh603882	-542	0	0	0	-54.78	28721	29.54	30.04	29.54	31.20	2.91
sh603663	-436	0	0	0	-80.00	7691	20.38	20.45	20.31	20.96	0.44
sh600066	-19203	-8333	-10333	0	4287.26	134438	23.42	23.32	23.25	23.66	-0.17
sz002818	0	0	0	0	-572.32	10858	31.77	31.51	31.41	31.96	-0.94
sz300688	-304	0	0	0	68.15	7407	50.97	51.17	50.50	51.46	0.35
sz000417	-14180	-2696	0	0	-1270.04	61477	8.14	8.05	8.01	8.18	-1.23
sz000898	-39048	-4439	-10862	0	-220.07	568046	7.12	7.13	6.98	7.14	0.28
sh600710	-9117	-1617	0	0	-55.47	67237	6.21	6.38	6.21	6.51	2.90
sz300476	-17845	-2298	0	0	-7600.29	103197	23.86	22.05	21.47	24.00	-7.59
sz002791	-7344	-6000	-6000	0	-171.62	17444	19.54	19.28	19.15	19.70	-1.78
sz002028	6823	8508	7508	0	191.87	39884	14.64	14.95	14.60	15.38	2.61
sz002245	-15170	-3191	0	0	-202.19	87756	9.35	9.32	9.24	9.37	0.22
sh603890	-3396	-1015	0	0	-2356.40	44596	38.44	38.72	38.00	38.99	-0.05
sz002807	-63528	-43925	-61742	0	-2571.06	1039695	8.81	9.40	8.55	9.70	3.07
sz002809	-125	0	0	0	105.30	18232	30.00	30.54	29.93	30.85	0.79
sh600477	-6895	-3172	-2111	0	-1474.11	130123	8.95	9.00	8.94	9.07	0.67
sz300690	0	0	0	0	-203.31	5420	56.33	57.01	56.01	57.01	1.21
sz000531	1665	0	0	0	144.34	23089	8.05	8.10	8.01	8.10	0.62
sh600872	1672	0	0	0	-1712.05	43085	27.11	27.69	26.93	27.98	2.18
sz002022	-5675	-1000	0	0	-685.13	33283	14.20	14.11	14.01	14.26	-0.56
sh603879	-1415	0	0	0	-111.55	11504	18.76	18.50	18.33	18.98	-1.60
sz002499	-973	0	0	0	-542.07	9550	19.75	19.47	19.45	19.85	-1.42
sz002019	-15386	-4613	0	0	-5805.08	131090	20.97	20.56	20.46	21.00	-1.91
sh600261	-11051	-9299	-4000	0	-587.11	36698	5.26	5.27	5.24	5.29	0.00
sz002275	-229	0	0	0	107.73	9714	16.34	16.39	16.26	16.41	0.18
sh603608	-325	0	0	0	-47.72	14489	10.72	10.81	10.70	10.88	1.12
sh603848	-4646	-1994	0	0	-2668.57	110145	22.84	22.92	22.49	23.35	-1.04
sz002879	5627	0	0	0	866.29	21715	54.12	55.06	54.12	56.90	0.47
sz002908	-1873	-280	0	0	981.95	68886	31.52	32.54	31.40	32.90	-0.43
sz002906	-2645	0	0	0	-646.21	44002	22.74	22.90	22.72	23.29	-0.09
sh600737	-6243	-3308	-2192	0	-328.70	118469	8.14	8.16	8.09	8.20	0.00
sz300042	0	0	0	0	14.51	1509	31.49	31.35	31.20	31.59	-0.44
sz300195	-2019	0	0	0	-8.66	13346	13.92	14.01	13.79	14.03	0.07
sz300222	-3556	0	0	0	-965.68	69528	20.64	20.80	20.62	21.29	-0.43
sz300450	-3550	0	0	0	-4443.62	40367	53.24	51.45	51.16	53.98	-3.27
sz002468	430	0	0	0	-145.70	14105	24.25	24.28	24.25	24.50	-0.08
sh603619	-1178	0	0	0	-1306.56	85747	42.80	43.67	42.53	44.40	2.49
sz002864	-1184	0	0	0	-219.49	31389	31.40	31.72	30.95	31.79	1.08
sh603103	-3758	0	0	0	-1093.50	56631	30.90	30.80	30.33	31.25	-1.47
sh603101	2332	-1282	0	0	1623.08	63863	13.48	14.62	13.34	14.78	8.46
sz000423	-3175	2526	0	0	59.30	79560	67.65	68.06	67.30	68.48	0.29
sz002126	-4855	-1718	0	0	-183.12	27535	9.23	9.17	9.17	9.33	-0.86
sh603488	-318	0	0	0	416.65	23767	19.98	20.15	19.71	20.39	0.80
sh600803	-6931	0	0	0	-982.11	78396	14.29	14.28	14.10	14.43	0.28
sh601992	-54793	-13353	-31000	0	1436.30	527058	5.87	5.88	5.83	5.92	0.00
sh603826	-891	0	0	0	-212.60	37924	15.73	15.71	15.60	15.97	-1.32
sh600118	-7873	0	0	0	-1760.77	48022	24.46	24.36	24.20	24.47	-0.25
sh600023	-118814	-69711	-51822	0	-3773.12	596515	5.92	5.89	5.85	5.98	-0.34
sz000567	-4010	0	0	0	-159.01	66758	25.43	26.00	25.20	27.28	4.00
sz002222	-6769	-2006	0	0	-894.54	64017	17.12	16.97	16.90	17.33	-0.93
sz002063	-42085	-16163	-12996	0	-2015.83	364978	11.65	11.88	11.54	12.00	1.11
sz300439	2236	0	0	0	1186.72	22676	19.29	19.61	19.14	19.63	1.66
sz002283	-5359	0	0	0	186.34	37381	5.66	5.69	5.64	5.71	0.71
sz002116	-4084	0	0	0	-413.28	17568	10.19	10.19	10.16	10.25	-0.39
sh601988	1124686	1066865	1011669	0	36196.50	7059105	4.40	4.68	4.38	4.71	6.36
sh601186	-15887	-721	5687	0	6274.60	528418	11.86	12.02	11.78	12.03	0.84
sz001979	13805	14428	9551	0	14951.50	756813	24.64	25.68	24.45	26.30	5.25
sz300097	-6104	0	0	0	-429.10	56870	25.95	25.44	25.34	26.44	-1.78
sz002612	1021	0	0	0	178.24	19857	12.09	12.35	12.04	12.36	1.98
sz300547	-659	0	0	0	767.96	9404	54.66	55.00	54.66	56.28	0.88
sz002051	-5962	0	0	0	-1305.04	45081	18.56	18.40	18.35	18.56	-1.08
sz002726	-3468	0	0	0	-311.97	25256	10.71	10.75	10.63	10.80	-0.09
sh603027	-8944	0	0	0	-1297.96	35446	18.28	17.89	17.70	18.38	-1.87
sh600177	-35382	-19515	-20696	0	-1911.86	193844	9.90	9.86	9.81	9.96	-0.30
sz300393	-538	0	0	0	-133.73	16629	37.50	36.90	36.55	37.50	-0.51
sh603819	335	0	0	0	168.43	10779	16.73	17.10	16.73	17.38	2.03
sh603928	-1398	0	0	0	-317.08	11749	15.23	15.28	15.17	15.38	0.33
sz000779	-4216	-1027	0	0	-890.07	15531	14.06	13.93	13.84	14.17	-1.90
sh600180	-11503	9608	449	0	-4028.93	194723	11.65	11.55	11.44	12.19	1.58
sz300144	-9773	0	0	0	-1413.56	68164	18.60	18.44	18.36	18.74	-1.07
sh603798	-456	0	0	0	3.20	4937	17.10	17.14	17.01	17.29	0.47
sh600977	-16774	-3619	-4564	0	-427.77	160843	16.10	16.18	15.96	16.22	0.25
sh600970	-36973	-5996	-4002	0	-945.04	209452	9.88	9.89	9.74	9.92	0.10
sz002144	-463	0	0	0	94.01	9098	14.04	14.19	14.01	14.25	1.07
sz002146	94198	134503	103124	0	13961.00	1516835	12.70	13.52	12.70	13.93	6.79
sh603313	706	0	0	0	282.73	7639	25.74	25.94	25.36	25.98	1.17
sz300577	0	0	0	0	104.54	4040	65.87	65.94	65.87	68.15	-0.09
sz000011	-4577	0	0	0	-602.52	59204	17.86	17.93	17.85	18.17	0.50
sh600551	829	0	0	0	407.24	28555	12.30	12.32	12.26	12.40	-0.48
sz002475	-30105	-11143	-3601	0	-5732.27	289544	23.05	22.65	22.32	23.13	-1.52
sh600419	95	0	0	0	-343.48	8064	44.13	44.30	44.11	45.50	-0.18
sz000830	-52962	-17489	-10475	0	-11747.00	475477	20.06	20.20	19.97	20.66	0.20
sh600393	3854	16631	10615	0	-653.57	137625	6.80	6.88	6.76	6.94	1.03
sz300351	-1438	0	0	0	-105.71	23874	14.23	14.26	14.10	14.43	0.21
sz002718	0	0	0	0	290.40	5120	46.03	47.96	46.03	48.80	4.19
sz002081	-13614	357	4434	0	-400.89	236119	15.62	15.93	15.59	16.11	1.34
sh603303	-1931	905	2014	0	690.56	93080	14.15	14.73	14.00	15.48	4.69
sz002406	-3583	5022	4447	0	-570.22	88542	7.14	7.36	7.12	7.73	3.08
sz002882	-2379	0	0	0	-231.39	26589	13.88	14.00	13.80	14.06	0.14
sh600523	-2522	0	0	0	-300.26	30994	16.45	16.48	16.36	16.64	-1.08
sh600638	-2667	0	0	0	-320.67	19496	15.90	15.84	15.77	16.04	0.19
sh600630	-13748	-8852	-10067	0	1070.48	97925	10.53	10.76	10.49	10.87	1.99
sz300342	1606	91	0	0	23.98	13963	14.81	14.73	14.65	14.98	-1.73
sz002424	-7906	-1270	0	0	-2000.47	57735	15.44	15.22	15.20	15.44	-1.42
sz002768	-1024	0	0	0	-455.16	12829	25.85	25.55	25.00	26.14	-1.69
sz300627	-220	0	0	0	-210.31	7296	46.58	46.11	45.88	46.70	-0.71
sh603198	-7426	0	0	0	-2185.09	41846	18.11	18.06	17.96	18.38	-1.79
sh600348	-59872	-33589	-28213	0	-2194.60	285147	7.61	7.68	7.54	7.70	0.39
sh600400	-3915	0	0	0	-128.62	23165	7.27	7.23	7.21	7.27	-0.55
sh600409	-86598	-56845	-47260	0	-6859.46	336001	10.17	9.99	9.85	10.18	-0.99
sh600089	-33628	-14651	-22461	0	-4635.38	358078	10.13	10.12	10.05	10.21	-0.20
sz000038	-1801	0	0	0	-634.24	18934	19.68	19.72	19.59	19.94	-1.25
sh601919	-64005	-15985	-8781	0	533.32	338379	6.88	6.91	6.84	6.99	0.44
sh601688	-80200	-13320	14689	0	-11939.50	884031	20.60	20.57	20.22	20.98	-0.10
sh603889	10	0	0	0	246.04	9956	14.65	14.49	14.48	14.69	0.00
sz002775	-2426	0	0	0	-570.67	17798	19.78	19.60	19.55	19.94	-0.76
sz002372	7930	1100	0	0	2329.49	64637	21.32	21.76	20.91	21.98	3.03
sz300636	0	0	0	0	12.89	2797	30.97	30.99	30.73	31.40	0.23
sh603181	-1146	0	0	0	-442.62	31988	24.67	25.00	24.67	25.17	0.89
sh603985	-229	0	0	0	-48.12	6022	38.80	38.78	38.00	38.96	0.10
sz000933	-77445	-35315	-21930	0	-5160.60	935563	10.35	10.46	10.22	10.58	0.10
sh603355	0	0	0	0	60.39	11339	38.22	38.93	38.00	38.99	2.64
sh600303	-14566	1511	0	0	-760.76	51956	9.16	9.25	9.16	9.34	-0.96
sz300648	0	0	0	0	-142.76	3012	60.60	60.10	59.20	61.45	-0.35
sz300641	-278	0	0	0	112.15	11481	14.68	14.79	14.61	14.86	0.54
sh603229	0	0	0	0	-226.69	9465	16.82	16.94	16.80	17.13	0.65
sh600995	-5318	-2000	0	0	-168.09	26838	9.20	9.17	9.11	9.27	-0.43
sh600998	-4225	-1574	0	0	-133.67	32825	18.13	18.00	17.98	18.20	-0.06
sz002832	0	0	0	0	-79.16	2005	57.00	57.75	57.00	57.80	0.89
sh601800	-23325	-7102	-483	0	-2230.32	286915	14.36	14.47	14.30	14.48	0.21
sz000050	-13409	-1401	2837	0	-3178.82	128566	19.12	19.28	19.12	19.41	0.84
sz002648	-11195	-1279	-2279	0	-379.06	109458	19.01	19.13	18.72	19.24	0.21
sh600705	-9506	7258	-3921	0	177.63	257330	5.77	5.80	5.75	5.84	0.52
sz002324	-459	0	0	0	-163.57	4759	22.00	21.80	21.77	22.00	-0.91
sh600845	-9018	0	0	0	-1578.62	57953	19.90	18.91	18.80	20.06	-4.83
sz002783	-4849	-1541	0	0	-1216.76	49758	19.42	18.95	18.90	19.42	-2.82
sh603258	620	0	0	0	150.01	11240	30.19	30.47	29.87	30.72	1.26
sz002140	-3346	0	0	0	-246.74	18605	10.92	10.90	10.86	10.98	-0.37
sz300212	-1821	0	0	0	329.57	28959	26.55	26.49	26.38	26.97	-0.71
sz002385	5175	8155	570	0	524.93	397421	6.71	6.76	6.63	6.82	3.05
sz002496	-63220	-24118	-13034	0	706.02	214590	5.72	5.64	5.60	5.76	-1.91
sh603066	16	0	0	0	304.44	17329	12.40	12.62	12.38	12.70	1.20
sh600486	2348	0	0	0	-1505.76	31859	54.00	53.87	53.00	54.20	0.07
sz300194	-5539	0	0	0	-15.24	31130	5.86	5.88	5.83	5.94	0.34
sz002007	-14148	-2011	-2011	0	-5077.06	57837	27.50	27.30	27.18	27.50	-0.07
sh603298	-166	0	0	0	-196.43	19752	16.20	16.29	16.15	16.37	-0.18
sh600926	-16044	52	-2137	0	3899.43	537479	12.51	12.93	12.42	13.10	2.62
sz002861	-204	0	0	0	-72.77	6566	25.80	25.87	25.75	26.16	-0.04
sh603108	-9025	3031	-555	0	1171.75	123251	12.63	13.03	12.58	13.30	3.00
sh600031	-72880	-16325	-10477	0	12301.30	1389757	9.41	9.70	9.33	9.71	2.65
sh600743	4675	6008	2270	0	18.43	225670	4.05	4.10	4.04	4.13	1.49
sz300180	-971	0	0	0	-74.14	6473	24.39	24.34	24.12	24.40	0.12
sz002670	-22300	-5709	-3673	0	-4494.89	168002	20.32	20.33	20.20	20.90	-0.93
sh603131	-651	0	0	0	-173.19	25969	22.36	22.42	22.04	22.60	-0.93
sh600113	-762	0	0	0	240.73	48567	10.50	10.74	10.50	10.80	1.23
sz300553	0	0	0	0	28.47	1306	40.60	40.57	40.46	40.78	0.07
sh603708	3794	2334	0	0	916.46	60595	21.71	22.26	21.56	22.58	1.97
sz002594	-2244	939	0	0	1039.10	123518	66.64	66.81	66.06	67.37	0.32
sz002110	-90437	-41560	-18995	0	-11204.10	482072	24.17	24.36	23.72	24.51	-2.25
sh600569	-94590	-72108	-40575	0	-4168.61	716437	5.29	5.30	5.19	5.31	-0.93
sh601966	-5339	0	0	0	295.44	35008	18.03	17.99	17.91	18.13	0.17
sz002617	981	-4728	0	0	-1017.30	96731	15.80	16.11	15.79	16.11	1.64
sh603936	-360	0	0	0	71.49	4084	23.99	23.80	23.68	23.99	0.38
sz002435	-2530	0	0	0	-224.89	9594	17.86	17.96	17.77	18.02	0.06
sh600366	-11750	-489	-489	0	171.79	128020	17.82	17.97	17.75	18.18	-0.55
sz000975	-795	-1216	0	0	-632.12	34786	14.58	14.80	14.56	14.88	1.30
sz000609	-2255	-2448	0	0	60.83	35994	11.23	11.54	11.16	11.54	2.85
sz000608	-33832	-27863	-26846	0	404.79	38806	7.72	7.72	7.72	7.72	9.97
sh601098	-3278	0	0	0	-895.43	44221	14.31	14.32	14.23	14.50	-0.42
sh600141	-3715	2303	0	0	-1678.21	134531	17.55	17.60	17.36	18.01	0.34
sz000983	-49043	-29676	-9461	0	-3043.92	450412	10.40	10.40	10.24	10.46	-0.19
sh600020	-11339	-8877	-2191	0	-736.20	149603	5.21	5.21	5.17	5.23	0.00
sz002636	-473	0	0	0	-33.73	25245	15.16	15.18	15.10	15.24	0.00
sh600376	-3857	1429	-4631	0	2206.23	196948	10.90	11.06	10.86	11.35	1.56
sz002876	531	0	0	0	1751.58	16604	65.00	68.86	64.51	69.65	5.94
sz002716	-2003	-1104	0	0	1990.06	148341	20.30	20.89	20.18	21.20	2.40
sh603010	-520	0	0	0	81.69	8021	25.94	25.77	25.60	25.94	-0.69
sz002047	-22138	-8819	-5981	0	-1065.58	52516	7.26	7.20	7.19	7.27	-0.83
sz002391	-2728	0	0	0	-916.59	24922	15.37	15.15	15.13	15.39	-1.75
sh603165	0	0	0	0	-123.50	9565	55.60	55.30	54.80	55.79	0.02
sh600094	-15991	-13363	-12443	0	-277.72	90401	7.24	7.28	7.21	7.34	0.55
sh600305	6900	5448	2856	0	3089.07	186131	11.68	12.02	11.62	12.04	3.18
sz002886	191	0	0	0	162.07	14002	33.20	33.84	32.52	33.86	1.93
sz000823	-11002	-5541	-2558	0	-27.41	91644	13.37	13.31	13.20	13.65	0.08
sz300347	-274	0	0	0	634.23	17691	34.73	35.01	34.70	35.49	0.17
sz000505	-5093	-1526	0	0	-411.95	47444	8.50	8.60	8.41	8.72	1.90
sh603577	538	0	0	0	-10.75	52055	14.81	15.16	14.81	15.64	0.33
sh603970	417	0	0	0	203.93	39424	28.31	28.76	28.31	29.48	1.66
sh603979	-1424	0	0	0	30.24	19639	10.97	10.97	10.91	11.05	-0.18
sh600406	-22126	81	0	0	-5390.96	181327	17.68	17.81	17.63	17.94	0.79
sh600535	828	0	0	0	945.11	50009	37.41	37.35	37.22	37.70	0.16
sh603365	-2491	0	0	0	-770.85	22901	22.67	22.64	22.45	22.91	-0.61
sz002195	-29267	-11559	-6526	0	-2875.11	319154	6.22	6.22	6.19	6.32	-0.96
sz300633	-1836	0	0	0	-880.31	17239	24.50	23.99	23.96	24.72	-1.96
sh600438	18809	40010	17204	0	6603.99	525232	12.29	12.43	12.13	12.60	2.05
sz000937	-51977	-15600	-6579	0	-1205.28	288882	6.13	6.07	6.01	6.15	-0.98
sh600053	206	0	0	0	29.25	8701	24.10	24.15	24.10	24.56	-0.04
sz000028	-250	0	0	0	-1081.70	6429	63.31	62.66	62.63	63.75	-1.59
sz300039	-24867	-10797	-6535	0	-1089.28	80284	6.66	6.66	6.58	6.70	-0.60
sz002699	-1536	0	0	0	-12.22	6509	17.59	17.42	17.42	17.69	-0.51
sh603223	0	0	0	0	16.33	2407	22.71	22.73	22.68	22.90	-0.35
sz000902	-1567	0	0	0	-837.68	49308	9.89	10.11	9.79	10.13	2.12
sz300138	-24	0	0	0	146.22	12588	12.59	12.51	12.42	12.70	-0.64
sz300003	-3889	1069	2183	0	6.35	104804	26.16	26.06	25.64	26.81	0.12
sh601101	-2836	3470	2109	0	249.78	118926	8.48	8.55	8.36	8.56	0.83
sh603536	0	0	0	0	1.70	4821	19.73	19.92	19.58	19.97	1.01
sz000059	-19432	-8666	-7479	0	-399.07	216521	10.46	10.51	10.37	10.55	0.57
sh603711	-5617	0	0	0	-1571.24	69352	29.33	29.44	29.00	30.30	-1.51
sz002811	-508	0	0	0	11.83	9790	18.88	19.24	18.81	19.24	1.69
sh603386	-3456	0	0	0	-303.10	52344	17.08	17.02	16.75	17.19	0.77
sh600126	-3585	1499	0	0	248.06	65824	7.08	7.13	7.02	7.14	-0.14
sz000062	-2820	0	0	0	-674.10	17650	23.28	23.09	23.02	23.40	-0.82
sz002795	-2436	-1971	0	0	424.04	92076	16.20	17.30	16.15	17.95	5.10
sz002588	-5006	-2338	-2338	0	-638.58	52532	6.85	6.88	6.84	6.92	0.15
sz002907	-22579	-13384	-12191	0	-66.98	214655	36.74	37.68	34.74	38.95	-2.36
sh603500	-507	0	0	0	35.20	15947	26.00	26.59	26.00	26.71	1.45
sz002649	-3496	426	2521	0	348.43	87410	11.27	11.45	11.23	11.54	0.88
sz300521	-3832	-2537	-2537	0	1728.74	27666	15.02	16.61	15.02	16.61	10.00
sh603041	0	0	0	0	104.55	6369	21.90	22.12	21.80	22.18	0.68
sz002454	-2345	-1000	0	0	-55.43	16955	12.05	11.97	11.91	12.07	-0.66
sh603128	-14341	2367	0	0	-695.13	147211	8.62	8.70	8.57	8.84	0.58
sh600229	-403	2278	2278	0	69.52	18134	7.74	7.78	7.70	7.80	0.13
sh600688	42289	41129	21238	0	-1552.79	395809	6.69	6.73	6.64	6.74	1.20
sz300374	-4649	-1262	0	0	-971.44	44758	16.96	16.49	16.47	17.17	-2.89
sh603328	-1593	0	0	0	-547.10	30892	13.52	13.66	13.52	13.88	0.00
sz002557	145	0	0	0	175.98	20765	15.19	15.40	15.15	15.55	1.38
sh600785	0	0	0	0	-95.00	3761	21.52	21.83	21.20	21.88	1.44
sh601231	-4851	-1006	0	0	-29.26	58206	14.01	14.03	13.93	14.21	-0.28
sz002153	-2543	0	0	0	-5.82	40676	25.23	24.94	24.80	25.38	-0.72
sz002416	-202	-1040	0	0	-142.28	32625	9.32	9.35	9.26	9.39	0.00
sh601878	-17796	1191	0	0	794.13	286734	17.81	17.95	17.63	18.07	0.79
sh601339	23891	11738	6120	0	534.51	71729	5.28	5.36	5.25	5.37	1.52
sz002624	-2972	0	0	0	2014.68	46145	31.90	31.33	30.84	31.97	-2.09
sh603306	-1466	0	0	0	344.49	9486	27.72	27.72	27.51	27.85	-0.04
sz000821	-4079	0	0	0	-225.24	26796	11.34	11.37	11.23	11.44	0.09
sz002186	-2096	0	0	0	-168.93	11144	18.29	18.22	18.20	18.43	-0.38
sh600368	-7138	-3991	-219	0	-354.25	54883	5.38	5.37	5.33	5.39	-0.19
sh600886	-101809	-58019	-34263	0	169.91	308115	7.28	7.24	7.20	7.28	-0.55
sh603885	693	0	0	0	-4.53	43547	15.43	15.43	15.30	15.80	-0.45
sz002772	86	0	0	0	-3.58	17282	10.65	10.77	10.65	10.80	0.94
sz002203	-5110	0	0	0	-41.98	34192	7.83	7.86	7.79	7.90	0.51
sh600619	-204	0	0	0	-82.17	27113	11.16	11.18	11.12	11.30	-0.36
sz002443	-7954	0	0	0	-417.89	38421	9.15	9.07	9.07	9.17	-1.20
sz300485	-251	0	0	0	-216.89	6489	28.12	28.14	27.95	28.28	0.04
