sz000902	-4434	-3441	-2241	0	-478.13	48410	10.32	10.30	10.22	10.55	-0.29
sz000901	-863	0	0	0	-1144.63	41919	24.10	23.55	23.41	24.28	-1.51
sz000906	2722	0	0	0	408.84	69930	7.52	7.64	7.52	7.98	1.73
sh601628	-2637	75	0	0	-197.47	163835	30.18	30.12	29.78	30.21	-0.43
sh603648	2769	-789	0	0	-1539.78	126390	21.80	21.51	21.11	22.37	0.05
sh600990	-1309	0	0	0	-3766.28	31382	58.29	56.32	56.16	58.38	-3.23
sh600993	2302	2919	2919	0	-524.88	69948	21.79	21.26	21.05	21.80	-0.79
sh600995	-7062	-7116	-7116	0	-1396.89	50184	9.28	9.12	9.00	9.35	-2.04
sh600999	-10563	-3676	0	0	-2804.48	217179	18.28	18.16	17.98	18.48	-0.33
sh600998	-1603	-1010	0	0	-488.16	39765	19.12	18.67	18.46	19.12	-2.20
sz000698	-8590	-6151	-2108	0	-226.86	56687	6.19	6.12	6.09	6.20	-0.49
sh600518	4853	-2275	0	0	3977.03	166586	21.97	22.06	21.70	22.13	0.36
sh600515	3850	3584	0	0	219.80	81814	12.04	12.30	11.92	12.57	2.50
sh600516	-116532	-106328	-50211	0	-75457.00	1645317	34.87	33.40	32.75	35.05	-5.14
sh600511	-432	0	0	0	-193.29	34649	28.47	28.00	27.92	28.63	-1.86
sh600510	-1933	0	0	0	-123.67	19322	6.98	6.89	6.83	7.00	-1.71
sh600195	1469	1302	0	0	-519.07	31293	19.75	19.69	19.60	19.92	-0.86
sh600197	-564	-1088	0	0	-1227.95	61869	24.76	25.11	24.45	25.17	-0.55
sh600196	-7134	310	0	0	-7054.96	164908	44.32	43.73	43.10	44.60	-1.33
sh601111	-101013	-90180	-60778	0	-15845.50	755606	12.14	12.08	11.89	12.35	-2.97
sh601116	29	0	0	0	-438.23	41978	21.20	20.79	20.70	21.48	-2.44
sh601117	12028	3865	4286	0	3481.04	387291	7.09	7.14	7.06	7.25	0.56
sh600420	-8225	-6102	-2000	0	-2011.41	66171	12.59	12.31	12.28	12.59	-1.91
sh600422	-8505	-4991	-2405	0	-1620.76	84957	9.48	9.30	9.28	9.51	-2.11
sh600600	897	0	0	0	-2681.70	84914	42.20	42.81	41.40	43.50	0.56
sh600606	113925	103859	109872	0	2993.10	2464618	9.59	9.68	9.51	9.85	0.10
sz000987	-1276	0	0	0	-496.28	23658	10.17	9.96	9.93	10.20	-2.26
sz000877	68771	108219	127652	0	37941.90	1212308	11.21	12.31	11.21	12.31	10.01
sh601800	-7384	-3043	0	0	-1546.40	142964	13.45	13.48	13.35	13.63	0.07
sh601801	-8922	-3212	-2000	0	-558.72	88821	10.80	10.49	10.37	10.83	-2.87
sz000055	-14403	-9001	0	0	-337.66	63123	6.36	6.28	6.23	6.39	-1.72
sz000050	-28903	-12897	-6543	0	-4665.23	183579	20.49	20.00	19.91	20.49	-2.53
sz300137	-3597	-2243	0	0	-2763.48	112815	22.10	21.67	21.38	22.10	-1.01
sz300138	-913	0	0	0	-187.67	12779	12.64	12.65	12.50	12.73	-0.47
sz000550	-1221	0	0	0	-80.83	18870	16.67	16.49	16.37	16.76	-1.08
sz300007	-2359	0	0	0	-74.99	21116	13.48	13.29	13.16	13.48	-0.89
sz300004	-4213	-999	0	0	-2483.69	72461	10.17	9.90	9.84	10.20	-3.13
sz300003	3018	1330	0	0	-1874.38	96466	25.34	25.29	24.80	25.51	-0.24
sz300009	-22026	-8707	-2200	0	-9035.07	193641	26.95	25.93	25.51	27.15	-3.25
sh600335	-4222	-693	0	0	-913.59	68110	11.45	11.30	11.24	11.52	-1.40
sz002042	-8610	-2726	0	0	-609.65	64802	13.21	12.87	12.83	13.35	-3.52
sz002643	8542	5665	6375	0	4277.42	232451	11.15	11.50	11.06	11.71	2.68
sz002238	-1239	0	0	0	-252.93	17424	10.24	10.12	10.07	10.30	-1.46
sz002236	1103	858	2568	0	-346.50	194978	23.95	23.80	23.52	23.95	-0.79
sz002237	-5238	-1025	0	0	-1579.41	82984	10.61	10.67	10.61	10.82	-0.74
sz300316	-1966	3281	872	0	-9816.88	323220	19.67	18.87	18.50	19.94	-5.13
sz300317	145	1615	0	0	-1390.09	72986	15.29	14.97	14.71	15.38	-1.77
sz002646	-700	0	0	0	-442.68	19336	15.70	15.45	15.40	15.70	-1.59
sz002645	1374	1000	0	0	42.59	42660	19.43	19.68	18.91	20.00	1.29
sz002233	-4757	1501	2072	0	-3135.00	224696	12.51	12.52	12.37	12.88	0.48
sz002648	-10450	-4516	-3442	0	1245.61	176926	19.10	18.55	18.51	19.56	-2.21
sz002756	1666	2005	0	0	-35.12	19648	25.25	25.36	24.95	26.00	0.08
sz002753	-433	0	0	0	-726.03	22694	21.48	21.13	20.82	21.48	-1.90
sz000756	-2740	1015	0	0	-537.73	81337	14.50	14.21	14.06	14.61	-3.00
sz300269	-503	0	0	0	-74.75	26917	12.45	12.41	12.30	12.55	-0.56
sz300267	-6648	1179	1103	0	1503.30	176759	6.68	6.69	6.48	6.70	0.15
sz300262	-5796	-3478	0	0	-1063.48	59350	9.38	9.18	9.17	9.40	-2.44
sz002356	-931	0	0	0	-1140.63	39299	30.36	29.94	29.50	30.88	-1.38
sz002686	-1326	0	0	0	-294.15	12061	12.35	12.46	12.28	12.48	0.73
sz002682	-2161	0	0	0	-138.69	21844	11.48	11.35	11.20	11.49	-1.05
sz300654	-929	0	0	0	525.65	17258	29.92	30.66	28.83	30.78	3.13
sh600987	-7573	-2557	0	0	-828.87	43476	11.73	11.65	11.49	11.73	-0.60
sz300499	767	0	0	0	-75.24	14778	20.93	21.97	20.71	22.86	5.47
sz300498	-141	-2351	-613	0	897.75	149181	26.70	26.33	26.09	26.70	-1.31
sh600856	32563	27679	14965	0	7291.65	533649	11.77	12.69	11.77	12.86	8.09
sz300495	-979	0	0	0	114.14	19337	15.53	15.42	15.20	15.59	-0.90
sh600859	-5971	-2306	-2306	0	-2578.46	67829	21.15	20.41	20.23	21.20	-3.68
sz002536	5634	1351	0	0	28.87	73718	14.56	15.10	14.41	15.11	3.99
sz002531	-35840	-16836	-5682	0	-1533.43	186886	7.82	7.55	7.45	7.92	-4.67
sz002533	-690	1111	0	0	193.41	27517	6.85	6.86	6.81	6.90	0.15
sh603727	389	0	0	0	737.53	58015	24.60	25.10	24.41	25.43	3.25
sh603725	-690	0	0	0	-398.01	23647	19.50	18.82	18.69	19.70	-3.78
sh603728	-2687	0	0	0	-372.75	13630	22.86	22.85	22.33	22.96	0.71
sh600298	20421	11305	6111	0	6612.60	162542	32.89	34.26	32.72	34.38	3.88
sh600299	7851	1571	2028	0	1185.30	76656	11.56	12.12	11.50	12.69	4.84
sh600293	-731	-4239	-6092	0	214.96	136613	8.33	8.47	8.25	8.50	1.07
sh600291	-2110	180	0	0	-4104.84	156056	24.65	24.45	24.20	24.75	-1.45
sh600297	-521	901	0	0	1649.82	143009	8.13	8.06	7.99	8.13	-0.86
sh600295	956	2408	2276	0	-1239.18	166547	15.50	15.39	15.16	15.74	-1.35
sz000915	-3093	0	0	0	-1450.52	39906	31.70	31.08	30.97	31.80	-1.96
sz000910	-2199	-1003	0	0	1509.96	69927	25.70	24.93	24.61	25.85	-2.92
sz000919	-628	0	0	0	-152.51	23416	8.99	8.90	8.86	9.01	-1.11
sz002221	-1262	1390	722	0	-163.69	264124	13.22	13.16	13.03	13.52	-0.83
sz002220	-5225	-3200	0	0	97.42	38803	7.36	7.40	7.19	7.50	0.82
sh603659	9	0	0	0	-549.42	29034	54.99	53.91	53.46	55.20	-0.92
sh600079	-12524	-1412	0	0	-3205.43	88056	18.43	18.30	18.09	18.44	-0.71
sh600076	-8480	-3811	2000	0	-1350.16	134827	7.34	7.25	7.17	7.34	-1.23
sh600075	-25283	-14092	-2495	0	-3259.97	117097	8.23	8.00	7.99	8.32	-3.61
sz000681	-7936	-6669	-5289	0	5259.97	75079	18.50	20.06	18.49	20.06	9.98
sh600073	-16832	-12347	-4600	0	-1608.35	79239	8.38	8.22	8.18	8.43	-1.67
sz002828	1535	1213	0	0	94.76	35677	25.80	25.61	24.91	26.20	1.43
sh603685	-452	0	0	0	-445.23	38892	35.31	34.52	34.07	35.54	-3.71
sh601107	-3709	-2427	0	0	106.08	46778	4.22	4.20	4.17	4.23	-0.47
sh601101	-7721	-179	0	0	-1578.09	154033	8.66	8.53	8.44	8.75	-2.07
sh600459	-2359	0	0	0	-1437.93	43657	22.61	22.22	22.05	22.72	-2.16
sh600452	-1850	-1138	0	0	-110.01	6982	34.90	34.64	34.55	34.90	-0.49
sh600674	-16838	-12215	-4542	0	-1236.34	227936	10.12	10.08	9.96	10.16	-0.49
sh600676	-14472	-7764	-6764	0	-727.91	53693	6.70	6.60	6.56	6.70	-1.20
sh603378	-352	0	0	0	-319.86	43321	23.00	22.60	22.32	23.48	-2.33
sz000869	-1554	-1008	0	0	-3033.62	51300	40.28	40.58	39.56	40.76	0.07
sz000860	-4109	0	0	0	-702.55	43654	19.57	19.43	19.28	19.63	-0.72
sh601811	-1251	0	0	0	-23.52	11466	13.24	13.10	13.02	13.24	-0.61
sz000046	-4815	-1026	0	0	-283.98	48285	7.94	7.88	7.86	8.16	-0.76
sz000040	128	2000	2000	0	-128.93	17656	13.81	13.73	13.69	14.09	-1.22
sz300127	-4873	-1101	0	0	-1532.27	90481	18.11	17.90	17.74	18.67	-1.65
sz300121	2556	0	0	0	971.48	44672	13.51	14.14	13.51	14.24	4.12
sz300129	-16945	-9582	-7200	0	-718.62	52994	7.16	7.14	7.09	7.19	0.00
sh600708	-5548	-5560	609	0	1017.97	170886	7.68	7.67	7.56	7.82	-0.52
sh600701	8499	-1222	-2000	0	654.73	112421	9.64	9.79	9.61	9.90	1.35
sh600703	-13768	-7752	-10205	0	-8431.89	238486	25.67	25.21	24.90	25.67	-1.91
sh600704	-17523	-12441	-7299	0	-793.18	111133	7.14	7.11	7.03	7.14	-0.56
sh600705	-33550	-23375	-18334	0	-226.77	201219	5.68	5.63	5.61	5.70	-1.23
sh600706	516	0	0	0	-39.63	9749	19.20	19.06	18.90	19.20	-0.42
sh600763	1330	0	0	0	-404.11	39863	34.04	34.73	34.04	35.49	1.14
sz300015	4737	1268	0	0	-1713.06	114467	33.74	33.90	33.61	34.92	1.50
sz300014	-6703	889	3442	0	-3244.94	120662	19.65	19.42	19.22	19.67	-1.12
sz300017	1224	2922	-6763	0	1680.24	510667	10.98	11.15	10.97	11.29	1.27
sz300307	-1838	0	0	0	-469.73	34386	8.33	8.15	8.11	8.33	-1.69
sz300271	-476	0	0	0	-896.84	49099	15.29	15.33	14.98	15.39	0.66
sz300274	-19494	-453	3513	0	-2963.99	205406	17.23	16.80	16.72	17.37	-2.55
sz002320	424	0	0	0	416.11	26437	21.41	21.15	21.01	21.48	-1.21
sz002322	-1598	0	0	0	-1058.36	19789	19.08	18.70	18.69	19.09	-1.99
sz002323	-14120	-3836	-7931	0	-692.42	103499	6.85	6.70	6.66	6.88	-2.19
sh603398	-619	0	0	0	-430.10	20084	16.72	16.32	16.11	16.72	-3.55
sh603393	508	0	0	0	699.59	61870	37.21	38.82	37.07	38.95	3.74
sh600843	-4947	-2000	0	0	-512.70	19979	10.82	10.57	10.52	10.82	-1.86
sz300463	-2900	0	0	0	1888.75	59860	22.78	22.15	21.52	22.78	-2.59
sh600845	-1066	0	0	0	406.74	43011	18.55	19.01	18.54	19.20	1.49
sh603711	4829	6663	8996	0	-6490.58	242035	29.00	30.79	28.51	31.50	7.21
sz002036	-2250	-1008	0	0	-2513.21	60207	15.91	15.61	15.58	15.93	-1.89
sz002038	-31	1416	0	0	-797.49	55311	31.90	31.79	31.46	31.96	-0.84
sh603083	461	0	0	0	-2347.71	42614	46.11	45.90	44.63	46.66	-2.65
sh603081	-495	0	0	0	154.83	16764	27.82	27.19	26.88	27.97	-2.26
sz002783	-429	0	0	0	-1070.20	40423	18.13	17.35	17.21	18.19	-6.97
sz300568	1129	0	0	0	-563.84	21710	27.05	26.98	26.74	27.25	-1.32
sh600284	-6391	-6571	-3480	0	-119.52	37787	9.63	9.53	9.48	9.65	-1.14
sh600280	8588	5799	9419	0	773.43	87542	8.09	8.12	8.01	8.16	0.25
sh600282	-29104	-20928	-28344	0	-3892.48	756200	5.06	5.06	5.00	5.13	-0.59
sz002504	-25477	-12597	-6025	0	-441.14	191470	5.10	4.97	4.96	5.13	-2.93
sh600885	1588	0	0	0	-335.56	21616	44.21	44.48	43.85	45.46	-0.76
sh603882	-706	0	0	0	-4185.84	57901	33.36	32.34	31.66	33.36	-4.77
sh603880	-461	0	0	0	-168.59	21531	26.04	25.72	25.20	26.17	-2.83
sz002258	-1039	0	0	0	-350.50	64993	18.20	18.26	17.74	18.39	0.83
sh603660	-929	0	0	0	-1060.38	21142	34.30	33.50	33.17	34.45	-2.22
sh600060	1785	0	0	0	906.33	108079	15.95	15.87	15.65	15.99	-0.31
sz000672	45357	7491	13295	0	-5975.00	606411	12.68	12.72	12.48	13.08	-0.55
sh600062	-3527	-1452	0	0	-2060.40	71674	25.36	25.19	24.85	25.36	-0.98
sh600064	-1433	0	0	0	87.45	36021	14.63	14.60	14.52	14.71	-0.07
sh600067	-22554	-12434	-6503	0	-1194.55	126525	6.82	6.71	6.66	6.86	-1.76
sh600068	-32732	-20008	-8148	0	-5633.90	389870	8.75	8.73	8.67	8.84	-0.23
sz002818	-556	0	0	0	-281.12	11415	30.92	30.30	30.23	30.92	-1.97
sh603866	-67	-1306	0	0	-1726.24	27922	42.42	43.72	42.42	44.18	3.14
sh600449	89	725	2465	0	568.70	237015	12.30	12.60	12.23	12.98	2.86
sz000415	-2557	-1062	-282	0	-957.78	114391	5.97	5.94	5.92	6.00	-0.83
sz000411	518	0	0	0	453.63	11754	20.40	20.84	20.40	20.98	1.76
sz000413	-46055	-25275	-11313	0	-5605.95	392956	9.41	9.32	9.28	9.41	-0.96
sz000418	1689	1189	0	0	-999.96	34730	72.00	72.68	70.60	72.88	0.94
sh600661	894	0	0	0	-77.11	17163	25.06	24.34	24.31	25.06	-2.72
sh600660	13252	7993	0	0	1324.26	107345	29.58	30.00	29.40	30.00	1.21
sz000789	-13430	-1688	6998	0	-8196.00	833504	14.05	14.22	13.82	14.43	-0.84
sh601398	-38106	-28103	-57375	0	19494.80	2487389	6.08	6.16	6.06	6.19	1.15
sz000895	19775	3100	2006	0	6083.50	205156	27.50	28.56	27.34	28.57	4.50
sz000898	-194	1215	12505	0	543.59	381973	6.60	6.64	6.55	6.71	0.00
sh601390	-930	-3745	-4445	0	2050.71	325551	8.56	8.58	8.53	8.64	0.35
sz000070	-2477	-1370	0	0	-519.27	40170	9.46	9.29	9.22	9.46	-1.48
sh601009	52750	13005	24879	0	6271.89	620031	8.08	8.12	8.02	8.16	0.62
sh601006	-44770	-41210	-16725	0	2437.20	920616	9.90	9.87	9.80	10.05	0.10
sh601007	115	0	0	0	-76.13	12627	10.89	10.74	10.73	10.92	-1.01
sh601000	-80690	-74301	-60654	0	-3728.51	377495	4.86	4.82	4.77	4.89	-1.43
sh601001	-15922	-37	0	0	-88.59	173094	6.63	6.56	6.48	6.70	-1.80
sz000528	-18472	-8905	-6903	0	4.69	165891	8.72	8.65	8.52	8.78	-1.03
sz000525	-1788	-1259	0	0	-101.91	62536	22.74	22.85	22.52	23.18	1.56
sz000090	9204	6301	1092	0	693.30	135748	10.88	10.92	10.81	11.23	0.65
sh600711	-41213	-35856	-9158	0	-3514.99	723547	9.29	9.21	9.05	9.54	-1.71
sh600710	-8898	-6910	0	0	-145.15	34225	6.76	6.73	6.70	6.77	-0.30
sh600717	4496	5097	0	0	709.76	96159	10.67	10.76	10.64	10.78	0.84
sz000096	540	0	0	0	335.76	16641	13.54	13.89	13.54	14.09	2.66
sz300065	-276	0	0	0	-518.94	20911	17.40	17.28	17.22	17.54	-0.69
sh603856	2065	0	0	0	-702.34	49538	20.30	20.12	19.85	20.56	-2.24
sz002567	-12358	-11666	-5205	0	-1357.52	111981	8.05	7.88	7.73	8.05	-2.35
sz300204	-1246	0	0	0	-571.07	20741	13.90	13.77	13.70	13.94	-1.99
sz300207	4332	794	3453	0	1103.68	117120	10.21	10.10	10.08	10.37	-1.08
sz300203	381	0	0	0	-297.57	47419	35.65	35.42	35.18	35.89	-0.65
sz300208	-2428	-1000	0	0	-50.27	63230	12.08	11.76	11.66	12.15	-2.65
sz300209	-1641	0	0	0	-55.89	29690	18.24	18.40	18.05	18.57	0.38
sz002705	363	0	0	0	417.69	16613	12.80	12.79	12.75	12.93	-0.08
sz300519	-414	0	0	0	-226.56	15641	20.30	19.59	19.58	20.35	-4.53
sz002563	2581	181	0	0	1185.76	64337	8.16	8.33	8.15	8.35	1.96
sh603005	1984	0	0	0	1824.06	48346	32.02	32.89	32.00	33.20	1.80
sh603385	-833	0	0	0	-759.87	23251	22.22	21.82	21.62	22.30	-2.42
sh603386	86	0	0	0	-447.47	50604	17.02	16.35	16.30	17.06	-4.39
sh603388	762	0	0	0	23.20	10740	17.46	17.39	17.02	17.67	-1.08
sh600161	-809	0	0	0	-44.73	45793	30.00	29.92	29.63	30.07	-0.47
sh600874	-16738	-4910	-1110	0	-2058.13	329154	14.44	14.36	14.13	14.49	-1.98
sz300477	-479	0	0	0	-1002.53	24147	22.49	21.44	21.23	22.49	-4.67
sz300475	-1942	0	0	0	-80.19	14543	14.30	14.22	14.14	14.53	-0.84
sh603258	899	0	0	0	-278.52	9182	32.80	32.23	32.15	32.80	-2.07
sh603707	609	0	0	0	155.16	29351	29.03	28.25	28.00	29.05	-2.75
sz300478	-1625	-1141	0	0	-2331.86	31884	42.00	40.75	40.38	42.20	-4.77
sz002791	600	0	0	0	66.15	17085	19.15	19.42	19.00	19.42	1.78
sz002793	1605	0	0	0	-211.09	24849	17.59	17.63	17.21	17.63	-0.40
sz002792	-500	0	0	0	-1047.94	18690	35.45	35.02	34.80	35.60	-1.82
sz002027	-13190	-11946	4276	0	7970.00	520400	13.46	13.57	13.36	13.70	0.97
sz002026	-3737	-3315	0	0	-740.08	41211	8.14	8.08	8.04	8.18	-1.10
sz002025	5241	2412	0	0	414.36	49223	23.40	23.57	23.35	24.05	0.43
sz002029	-75	0	0	0	-322.09	27353	8.42	8.38	8.31	8.44	-0.48
sz002028	-3213	-200	0	0	-977.31	22664	16.33	16.04	15.99	16.33	-1.29
sh600271	15912	2142	5832	0	5341.48	279390	21.47	22.15	21.06	22.20	2.55
sh600278	-2030	0	0	0	-5.83	36698	12.31	12.12	12.02	12.45	-0.90
sz002247	-450	0	0	0	-185.80	12396	12.83	12.82	12.72	12.95	-0.23
sz002245	-18278	-14841	-5204	0	-1400.78	140873	10.40	10.28	10.18	10.43	-1.63
sz002244	-85904	-43962	-16756	0	553.15	389597	8.30	8.23	8.13	8.42	-1.20
sz002241	-36159	-23319	-23907	0	-8720.26	273168	16.94	16.70	16.59	17.08	-1.42
sz000662	536	0	0	0	-348.31	15254	14.86	14.87	14.69	14.93	0.07
sh600016	20963	33228	23199	0	14550.30	1339214	8.67	8.82	8.63	8.84	1.61
sz000666	98	4309	1809	0	-2629.21	119166	20.43	20.06	19.69	20.59	1.52
sz000669	4243	2762	2615	0	366.85	76915	14.35	14.55	14.17	14.68	1.46
sh600018	-47858	-36371	-32066	0	-4748.77	517651	7.09	7.01	6.93	7.16	-0.71
sz002801	-1357	0	0	0	136.03	6927	35.97	35.98	35.48	36.80	0.03
sz002805	415	0	0	0	-221.06	9933	29.67	29.00	28.63	29.94	-2.26
sz002807	-11715	-5575	-5494	0	-917.76	129744	8.28	8.26	8.18	8.34	-0.24
sh600383	52259	44929	29615	0	-2316.20	632600	15.70	16.08	15.65	16.20	1.58
sz002809	-423	0	0	0	-539.72	26961	33.00	32.34	32.01	33.00	-2.18
sh600388	-24489	-8960	343	0	-6830.66	213215	16.58	16.18	16.05	16.69	-3.23
sz300698	-443	0	0	0	119.18	27008	24.32	24.11	23.64	24.54	-1.83
sh600477	15603	3770	2899	0	754.61	171642	10.94	11.09	10.94	11.30	1.19
sh600475	-1004	0	0	0	-136.34	20583	14.74	14.50	14.42	14.82	-1.83
sz300697	870	1366	0	0	-1574.95	62413	25.15	24.19	24.10	25.40	-4.84
sh600658	-2697	-1000	0	0	12.83	22646	11.25	11.02	10.96	11.25	-1.08
sz000402	-13266	-16874	-8984	0	-4942.91	333855	11.79	11.63	11.54	11.96	-0.68
sz000400	-25331	-11054	-2253	0	-5128.70	138317	13.30	12.99	12.94	13.30	-2.26
sh600120	-227	0	0	0	1073.03	54248	24.79	25.19	24.79	25.37	1.74
sh600121	-992	277	0	0	-114.16	73793	6.45	6.42	6.28	6.55	-0.16
sh600122	7260	9800	3201	0	401.07	87159	9.46	9.46	9.37	9.61	-0.32
sh600123	-28370	-14641	4073	0	-2848.29	241217	9.76	9.66	9.55	9.82	-1.53
sh600125	-81723	-61800	-44488	0	-12189.49	593796	11.41	10.92	10.86	11.41	-4.29
sh600126	-295	0	0	0	-212.66	40847	7.03	6.97	6.90	7.05	-0.99
sh600498	-7519	-2055	0	0	-624.60	100673	29.56	29.15	28.91	29.56	-1.45
sz000881	-5039	-3095	0	0	-151.98	51746	13.72	13.22	13.21	13.78	-1.34
sz000887	-1022	9	0	0	368.12	56804	18.53	18.13	18.03	18.53	-2.21
sz000888	-4358	0	0	0	-563.20	39419	10.88	10.80	10.75	10.95	-1.10
sz000060	-5277	4350	5097	0	-4954.64	508949	11.41	11.34	11.31	11.63	-1.99
sh601019	-7083	-1169	0	0	-1172.42	146153	12.66	12.38	12.31	12.72	-2.44
sz000062	-2072	0	0	0	-1305.40	24777	23.65	23.40	23.35	23.93	-1.64
sz000069	-30517	-36770	-14284	0	-8800.99	690452	9.59	9.37	9.27	9.72	-1.37
sz000531	-799	0	0	0	-233.00	19658	8.10	7.98	7.98	8.11	-1.12
sh601636	-31458	-866	15429	0	2583.99	799617	7.45	7.61	7.36	7.85	2.15
sz000089	1139	-419	0	0	1677.67	84368	8.81	8.72	8.68	8.82	-0.80
sh601633	-9500	-4587	506	0	-4037.17	286426	12.32	12.28	12.04	12.43	-4.06
sh600727	-4644	0	0	0	-107.89	91396	8.79	8.64	8.54	8.79	-2.04
sh600723	458	0	0	0	-5.82	12776	8.38	8.34	8.28	8.38	-0.36
sh600720	27598	19709	8500	0	-1613.14	636995	11.62	11.84	11.56	12.28	1.54
sz300070	-23415	-14284	-5121	0	-5657.48	182474	17.58	17.35	17.24	17.58	-0.91
sh600872	304	0	0	0	-1555.66	31769	26.38	26.24	25.70	26.40	-0.15
sh600873	12042	3616	182	0	214.78	125175	5.48	5.48	5.43	5.51	0.37
sh601137	-1509	0	0	0	-413.35	45946	12.01	11.75	11.70	12.09	-3.05
sz002412	-500	0	0	0	7.41	3679	16.69	16.55	16.55	16.95	-0.84
sz002410	-4582	-3640	0	0	-1029.30	57482	20.49	20.30	19.99	20.64	-0.83
sz002140	-3338	-3569	-2820	0	-591.52	104103	11.42	11.59	11.28	11.73	1.85
sz002022	-926	0	0	0	-529.39	34796	14.04	13.82	13.67	14.08	-1.50
sz300212	-2589	0	0	0	-1427.11	43121	27.79	27.39	27.30	28.07	-1.19
sz002385	-15829	-18569	-2645	0	-3394.04	313643	6.61	6.46	6.38	6.62	-1.67
sz002493	-9188	-8744	-2000	0	-10562.73	231597	15.96	15.43	15.23	16.42	-2.96
sz002491	3144	4293	0	0	-753.10	53009	12.58	12.51	12.39	12.81	-1.34
sz002496	2821	-6982	2502	0	1401.07	375944	5.97	5.96	5.85	6.13	0.34
sh603466	-685	0	0	0	-2050.98	22622	52.03	50.69	50.32	52.56	-3.15
sz002499	-546	0	0	0	27.04	7757	19.90	19.83	19.69	20.07	0.15
sz002301	13287	11527	11527	0	172.64	23508	17.47	17.56	17.47	18.00	-0.34
sz002657	12952	3702	772	0	2138.20	212719	24.50	25.49	24.15	26.18	6.52
sz300503	204	0	0	0	-251.32	14539	12.95	12.69	12.61	12.95	-1.63
sz300502	553	0	0	0	630.77	33230	25.76	25.70	25.55	26.03	-1.00
sz300507	-450	0	0	0	-390.82	32535	27.03	28.43	27.03	29.20	6.32
sh600867	190	363	0	0	-2588.66	120697	24.48	24.55	24.17	24.59	0.24
sz300446	400	0	0	0	-316.40	10018	22.58	21.81	21.68	22.58	-2.81
sh603260	-5389	-1169	0	0	-6654.02	168329	60.67	61.79	60.66	65.62	1.03
sh603269	589	0	0	0	410.56	14219	25.43	25.25	24.79	25.67	-0.71
sz002014	-521	0	0	0	119.72	13655	11.81	11.87	11.73	11.92	0.59
sh603063	-2248	0	0	0	-986.97	26372	18.46	18.21	17.81	18.46	-1.46
sh603066	-1752	-1320	0	0	-269.59	33971	13.02	12.68	12.51	13.22	-3.43
sh603067	-600	0	0	0	-346.04	18714	12.97	12.71	12.59	13.05	-2.61
sz002019	-28891	-7166	-6802	0	-9964.21	251419	22.25	21.65	21.50	22.41	-3.65
sh603288	999	0	0	0	-282.07	36236	55.60	57.16	55.02	57.20	2.47
sh600261	-2143	1582	-2000	0	-24.20	44864	5.61	5.54	5.52	5.61	-1.25
sh600260	-600	0	0	0	-804.70	37396	30.27	29.98	29.62	30.38	0.10
sh600269	-10164	-13292	-5569	0	7.32	99163	5.20	5.19	5.16	5.21	-0.38
sh603283	540	0	0	0	707.83	2497	28.34	28.34	28.34	28.34	10.02
sz002273	-45225	-26901	-8868	0	-17160.10	293291	23.88	22.64	22.25	23.88	-5.19
sz002271	-1124	-1408	0	0	2104.87	67114	42.80	41.39	41.00	42.80	-3.54
sz002277	8648	13303	11536	0	-121.30	130745	5.93	5.97	5.91	6.02	0.84
sz002275	-2370	-1169	0	0	-286.26	14409	16.46	16.24	16.20	16.51	-1.28
sh603605	-251	0	0	0	-658.97	50041	29.28	28.99	28.70	29.44	-2.06
sh603607	112	0	0	0	-2157.49	43992	42.22	41.94	40.91	42.99	-3.59
sh603602	428	0	0	0	-263.86	27468	50.45	50.45	49.40	51.80	-1.08
sh603608	-1756	0	0	0	-120.34	23740	11.26	11.01	10.94	11.29	-2.57
sh603609	-1707	0	0	0	-233.22	22175	9.10	8.95	8.89	9.11	-1.65
sz002477	-58814	-35336	-29346	0	-1128.18	416220	4.68	4.60	4.57	4.68	-1.50
sh600007	2210	1643	0	0	1148.55	43835	17.72	17.76	17.30	17.80	-0.95
sz000657	-137	-1114	0	0	-45.10	35326	12.73	12.56	12.46	12.85	-1.95
sh600004	-8711	-696	2150	0	688.56	176740	15.02	14.85	14.71	15.02	-1.13
sz000650	-6330	-5147	-3701	0	-342.80	54937	5.41	5.35	5.32	5.43	-0.93
sh600000	48888	35136	6106	0	21528.50	906799	12.70	13.02	12.68	13.09	2.52
sh600009	-485	0	0	0	-3250.37	48186	44.04	43.80	43.50	44.18	0.09
sz002875	582	0	0	0	-890.90	15357	27.16	26.80	26.50	27.35	-3.11
sh600395	-14048	-9608	-853	0	-1274.93	146567	7.26	7.17	7.09	7.31	-1.78
sh603848	700	1003	0	0	-879.40	126728	23.02	22.67	22.27	23.33	-2.95
sz002879	-114	0	0	0	-3541.77	39052	58.46	54.35	53.55	58.46	-8.66
sh600398	-17723	-7065	336	0	-1566.87	99165	9.97	9.69	9.66	9.97	-2.81
sh600461	-782	134	0	0	210.52	22090	6.38	6.37	6.33	6.39	-0.16
sh600463	-1773	-1269	0	0	-134.25	20074	11.84	11.61	11.53	11.84	-1.94
sh603110	2326	2207	0	0	-188.79	54714	27.30	26.77	26.08	27.98	2.92
sh603113	-1243	-1152	0	0	-1093.29	53965	23.62	23.39	23.16	23.80	-1.81
sh600138	21462	7969	4539	0	-1369.64	247246	22.01	22.70	21.97	22.88	3.32
sh600648	1649	0	0	0	54.97	18159	18.93	18.83	18.62	18.94	0.00
sh600133	-16090	-4802	0	0	-1784.80	162130	9.89	9.77	9.62	10.05	-1.71
sh600132	2474	3787	2100	0	-1413.08	75601	22.48	23.00	22.15	23.20	0.61
sh600642	13	3098	3596	0	608.34	128056	5.93	5.93	5.91	5.96	-0.34
sz002908	1904	2263	2263	0	-1680.06	110149	29.61	31.19	28.81	32.00	3.01
sz002909	-885	0	0	0	-631.65	56959	22.20	21.86	21.21	22.31	-3.27
sz002900	-409	0	0	0	-1479.84	49143	30.00	29.35	28.89	30.17	-3.64
sz002901	-110	0	0	0	-1303.89	50207	37.60	37.30	36.31	37.87	-2.00
sz002902	-634	0	0	0	-2163.90	48484	41.50	40.32	39.68	41.50	-3.33
sh600480	-5843	-5347	0	0	-1319.46	56674	16.41	16.20	16.04	16.45	-1.58
sh600487	-29491	-11871	2266	0	-18387.00	315329	41.91	40.48	40.13	41.92	-2.62
sh600486	-546	0	0	0	41.87	48864	55.52	53.84	52.82	56.10	-3.48
sz002906	3660	3838	10608	0	-11866.30	297428	27.88	27.00	26.71	28.99	-2.10
sz002907	7731	13074	13747	0	-5200.77	226554	30.83	32.08	29.54	32.08	10.01
sh601020	502	0	0	0	75.79	31170	20.47	20.45	20.30	20.90	-0.73
sh601021	-4731	-1308	0	0	-720.08	75905	37.50	36.39	36.15	37.50	-3.42
sh603500	905	0	0	0	55.03	49195	26.10	26.61	25.80	26.88	2.19
sh601601	-6699	-12717	2608	0	-6947.10	357736	38.70	38.74	38.30	39.14	-0.49
sh601607	-14316	-6180	-3513	0	-3957.31	140600	25.60	25.18	24.90	25.68	-1.37
sz000501	-155	1538	0	0	349.87	51560	17.39	17.20	17.13	17.41	-1.49
sh600737	-18859	-11124	1148	0	-816.30	115157	8.17	8.07	8.04	8.20	-1.10
sh600736	-6178	-2033	0	0	-268.24	57632	6.37	6.29	6.23	6.37	-1.56
sh600739	-1273	-1187	0	0	369.88	62150	17.87	17.75	17.73	17.90	-0.34
sh600208	-112094	-124037	-102027	0	-8342.27	724992	5.33	5.17	5.10	5.38	-2.27
sz002561	-600	0	0	0	-126.67	17104	12.05	11.95	11.90	12.06	-0.50
sh601288	1054583	996060	916165	0	8854.30	4192770	3.82	3.91	3.81	3.92	2.09
sz300043	-10043	-6641	-2463	0	-914.95	101149	6.23	6.08	6.04	6.29	-2.25
sz300041	-417	0	0	0	-389.06	27278	10.32	10.13	10.06	10.32	-1.46
sh600015	61215	59640	28109	0	10275.54	487760	9.19	9.35	9.17	9.37	1.74
sh601515	-1472	0	0	0	-215.61	22574	9.97	9.87	9.79	10.03	-1.20
sh600012	-421	0	0	0	-128.40	16400	11.45	11.29	11.20	11.45	-1.40
sz300194	-10506	-4080	-2048	0	-321.69	36258	5.95	5.86	5.81	5.96	-1.18
sz300195	1289	0	0	0	66.19	8379	14.21	14.22	14.08	14.22	0.00
sz300196	-3519	319	0	0	-1765.69	30537	13.95	13.77	13.60	14.17	-1.57
sz300197	-23580	-16206	-8917	0	-4333.69	160803	11.50	11.37	11.26	11.50	-1.39
sz300190	-3174	-1000	0	0	-305.18	25827	11.93	11.78	11.69	11.93	-1.09
sh600380	-14706	309	5401	0	-8307.00	495023	12.75	12.51	12.21	12.95	-0.95
sh600382	-1781	0	0	0	12.31	25892	13.04	12.92	12.90	13.15	-1.15
sz300222	-1400	143	0	0	-1539.47	55008	20.35	19.98	19.80	20.36	-2.35
sz300221	1105	0	0	0	-1744.04	56419	16.82	16.63	16.43	16.82	-1.13
sz002482	-3118	1010	0	0	-530.24	85241	8.54	8.41	8.35	8.66	-2.21
sh603477	-2638	-1199	-1378	0	-831.66	186740	17.50	17.08	16.82	17.70	-4.58
sz002317	-10256	557	0	0	-1861.21	58727	12.38	12.24	12.18	12.39	-1.21
sz002311	401	0	0	0	1704.16	50318	22.79	22.30	22.06	23.17	-2.75
sz002310	-31695	-21669	-14799	0	-10735.10	301703	19.96	19.56	19.39	20.05	-1.86
sz002313	-6543	-4690	-2181	0	-1527.61	55190	32.71	31.83	31.74	32.71	-2.81
sz300536	402	3561	3561	0	-1055.05	105609	20.20	20.99	19.76	20.99	3.76
sz300537	2301	1132	0	0	41.69	24269	15.22	16.10	15.03	16.28	6.55
sz002649	33732	20816	13841	0	4969.32	316115	11.89	12.70	11.86	12.94	7.72
sh600826	167	0	0	0	-18.29	15775	13.52	13.43	13.31	13.61	-1.10
sh600820	-7111	-5334	9	0	12.21	134402	8.50	8.44	8.41	8.55	-0.94
sz300450	1203	1203	0	0	-5950.24	32151	61.40	59.08	58.53	61.78	-4.48
sh600816	-6735	-5330	0	0	101.55	95733	13.31	13.25	13.18	13.41	-0.90
sz300452	479	0	0	0	-1067.03	19959	29.18	27.82	27.82	30.50	-5.02
sz300457	-556	0	0	0	-1211.26	25471	26.40	25.82	25.50	26.45	-2.12
sz002009	1630	2012	2012	0	-1130.86	27270	16.88	16.80	16.68	17.00	-0.36
sz002008	12247	8168	1086	0	-3946.20	297286	53.45	54.05	52.00	54.38	1.12
sh603277	-810	0	0	0	-537.38	29295	18.67	18.18	18.01	18.75	-3.25
sz002003	-3230	-2688	0	0	-115.17	62453	12.63	12.35	12.23	12.68	-0.64
sz002002	-30261	-12674	0	0	-1366.64	129061	7.38	7.22	7.19	7.41	-2.17
sh603278	-1284	0	0	0	-1442.94	62485	24.30	23.50	23.21	24.30	-2.08
sz002007	1452	0	0	0	2642.93	64883	28.66	28.79	28.42	28.86	0.45
sh603076	2906	1000	0	0	416.40	29537	38.19	37.39	37.33	38.51	-3.21
sh603299	-553	0	0	0	-109.28	64244	10.10	10.22	10.00	10.29	0.39
sz002050	-24475	-11360	-2793	0	-7995.30	228154	20.50	20.24	20.02	20.60	-2.50
sh600479	-461	0	0	0	-48.35	15095	14.00	13.95	13.80	14.00	0.00
sh600926	-5742	-12937	-7477	0	-1476.14	240015	11.80	11.84	11.72	11.95	-0.08
sz002267	18969	-540	-9561	0	2509.73	340564	8.55	8.94	8.47	9.08	4.32
sz002262	-127	1104	0	0	-127.84	77590	15.10	15.03	14.95	15.28	-0.99
sz002468	1149	-889	0	0	2406.93	43386	24.81	25.41	24.81	25.46	2.25
sz002466	-18367	-10501	-4106	0	-18562.70	243812	57.49	55.71	55.11	57.79	-3.50
sh603619	4807	4345	4340	0	-2554.52	186058	47.50	46.86	45.50	49.65	3.51
sz002464	4422	2226	0	0	601.23	60616	30.38	31.58	29.51	31.88	3.71
sz002864	-4146	-3933	-2533	0	-4583.52	129535	37.00	38.44	34.55	40.25	0.34
sh603108	-1	0	0	0	118.10	28241	12.61	12.78	12.61	12.88	0.79
sh603103	-423	0	0	0	-771.74	32106	28.84	27.86	27.65	29.07	-3.30
sh603101	-707	0	0	0	-106.44	12219	13.52	13.15	13.07	13.53	-2.74
sh603100	-2164	0	0	0	-173.17	13963	10.12	9.99	9.96	10.12	-1.28
sh603106	3118	1093	0	0	2470.69	99088	23.70	24.79	23.33	25.35	4.16
sh600109	-15467	-4613	-2000	0	-852.01	135652	9.77	9.68	9.62	9.82	-0.82
sh600106	-3641	-3497	0	0	-259.10	97658	4.60	4.67	4.48	4.68	1.52
sh600101	-1841	-1000	0	0	-130.16	26454	9.35	9.24	9.21	9.40	-1.70
sz002911	-11949	-8650	-8510	0	-3637.33	293275	30.00	31.44	29.71	32.83	4.77
sz002910	-1395	0	0	0	-2888.54	153640	22.98	22.98	22.28	23.49	-2.79
sh600499	-7090	1779	220	0	-3381.56	303031	11.59	11.34	11.22	11.83	-1.22
sh600038	-2979	0	0	0	-4829.52	59087	46.10	45.76	45.14	46.20	-0.59
sh600033	-2263	-107	-2003	0	81.75	71526	3.69	3.68	3.67	3.70	-0.27
sh600030	15418	12050	29249	0	14866.20	1502584	19.47	19.61	19.23	19.74	0.87
sh600031	-24130	-18171	-18087	0	-2263.30	1247763	9.70	9.75	9.51	9.80	0.00
sh600036	33438	29571	-10657	0	30981.50	799282	29.66	30.53	29.58	30.77	2.55
sh600037	600	0	0	0	-678.15	34156	13.00	12.91	12.86	13.03	-0.54
sh600745	-1114	0	0	0	-1389.83	27168	33.37	32.71	32.53	33.44	-1.62
sh600746	-940	0	0	0	-79.30	21732	8.39	8.19	8.17	8.39	-2.15
sh600741	9424	5304	0	0	1882.03	136046	28.06	28.15	27.85	28.40	0.72
sh600742	-4442	-2768	0	0	-2961.39	48489	17.36	16.97	16.88	17.36	-2.30
sh600743	-2409	2897	7936	0	498.38	236523	4.18	4.09	4.04	4.22	-1.92
sz000429	-4098	-1027	0	0	-449.43	27855	8.24	8.21	8.19	8.25	-0.48
sz000423	514	0	0	0	-5247.59	63322	63.92	64.09	63.40	64.43	-0.25
sz300055	-32419	-15584	1370	0	-15592.57	323780	21.23	20.06	19.88	21.28	-5.29
sz300054	10736	-756	-187	0	2319.70	212120	12.10	12.55	12.10	12.69	2.70
sz002127	-4761	-425	0	0	2094.21	166472	12.49	12.56	12.20	12.65	0.08
sz300183	-1662	0	0	0	-625.89	46787	18.86	18.98	18.58	19.11	0.16
sz300182	-4863	-2513	-220	0	959.26	134833	9.23	9.23	9.16	9.37	-0.75
sz300180	830	0	0	0	104.56	8342	24.57	24.50	24.19	24.69	-0.81
sz300236	479	0	0	0	-1839.23	35596	33.75	33.28	32.70	34.23	-1.39
sz300231	16429	3052	3848	0	-1665.22	381300	11.30	11.94	11.18	12.13	4.74
sz300230	-3701	-1500	0	0	-1399.79	31477	13.47	12.93	12.83	13.47	-3.44
sz000701	1144	1000	0	0	292.34	31133	10.07	10.15	10.01	10.16	0.59
sz300494	-5592	-2684	0	0	-1214.24	81649	17.70	17.18	16.86	17.75	-6.83
sz002537	12305	15239	2006	0	-6458.10	256512	11.56	11.66	11.27	12.00	0.87
sz002126	-2606	0	0	0	-140.72	51436	9.53	9.48	9.40	9.60	-0.52
sz002675	-2042	0	0	0	-327.53	52227	11.59	11.32	11.26	11.59	-2.33
sz002672	-17690	-3616	-1399	0	-2347.22	91022	16.60	16.01	15.85	16.73	-3.90
sz002673	-19514	-13403	-3709	0	-6364.67	245562	12.61	12.41	12.34	12.75	-1.90
sz002670	189	2114	2114	0	-1387.77	99516	19.65	19.54	19.31	20.09	-0.96
sh603331	596	0	0	0	-23.83	19496	20.05	19.68	19.51	20.30	-3.43
sh600482	-418	0	0	0	-547.67	47560	24.80	24.39	24.34	24.91	-1.57
sh603488	-2571	-5152	-5152	0	109.12	38080	18.00	18.10	17.74	18.21	0.84
sz300428	-2855	0	0	0	-900.68	31651	20.52	19.71	19.57	20.52	-3.14
sz300429	490	0	0	0	54.09	12524	23.59	23.37	23.25	23.69	-0.97
sh600809	-1006	-1049	0	0	-1647.60	74385	58.99	59.10	57.71	59.41	-0.10
sh600808	14051	9773	13292	0	-1216.74	644874	4.30	4.29	4.24	4.34	-0.46
sh600803	-24841	-11932	-7678	0	-3438.19	240381	15.33	15.09	14.95	15.69	-2.08
sz002581	-388	0	0	0	-515.54	13376	19.00	18.85	18.66	19.18	-0.89
sh600801	-24439	-3498	438	0	-9229.81	455299	15.06	14.88	14.62	15.54	-1.98
sz002078	-10235	-16884	-11894	0	-3074.84	281337	9.90	9.78	9.72	9.97	-2.10
sz002071	9584	7010	0	0	165.93	43615	9.65	9.67	9.62	9.70	0.10
sh603599	-500	0	0	0	-499.78	38538	20.08	19.83	19.65	20.41	-1.39
sh603912	-2999	-2026	-2026	0	-1690.46	62324	26.89	25.99	25.55	26.98	-4.31
sh603916	-2997	-2057	0	0	-1964.19	93629	17.64	17.29	17.00	17.66	-2.54
sh603917	-200	0	0	0	-1617.15	75014	28.06	27.29	26.00	28.08	-4.78
sh603919	-3587	-1605	0	0	-110.09	20691	18.70	18.65	18.45	18.75	-0.85
sh603809	458	0	0	0	-1478.93	34547	36.37	35.60	35.00	36.77	-3.21
sh600933	8005	7255	9741	0	-1334.58	229685	16.43	16.59	16.11	16.87	-1.89
sz002292	-18896	-8302	0	0	-2857.52	100791	14.52	14.31	14.26	14.60	-2.12
sz002293	-4609	-1271	0	0	-1591.62	96336	14.69	14.00	13.81	14.97	-5.47
sz002294	-1947	0	0	0	-1680.80	68073	42.11	41.46	41.00	42.33	-1.29
sz002101	230	0	0	0	-1352.67	23584	20.61	20.35	20.03	20.69	-1.26
sz002456	-12898	-10033	-9872	0	-10096.83	307113	20.38	20.00	19.88	20.48	-1.62
sz002454	5300	90	0	0	2756.66	60494	12.10	12.38	12.06	12.42	2.65
sz002450	-86233	-70743	-33538	0	-20752.90	523902	22.40	21.70	21.40	22.54	-3.17
sz002853	2626	2180	2180	0	2343.61	66350	32.54	34.10	32.11	34.10	5.08
sz002856	-1366	0	0	0	135.38	31217	46.86	46.27	46.19	47.00	-3.58
sh601992	-3614	-5491	-7621	0	-4370.37	840171	6.06	5.99	5.96	6.13	-1.16
sh603826	-2102	0	0	0	-313.97	40179	15.03	14.52	14.40	15.18	-3.46
sh600997	-33613	-27725	-23641	0	-2027.32	213391	6.62	6.44	6.37	6.68	-2.72
sh600048	11081	-11893	-5642	0	9936.40	1432952	15.70	15.86	15.60	16.26	1.02
sz002831	-451	0	0	0	-51.20	7217	57.98	58.05	57.63	58.28	0.07
sz300265	-517	0	0	0	-96.26	11147	9.29	9.03	9.00	9.29	-1.53
sh601108	29920	45420	17655	0	7064.93	586732	18.07	18.54	18.05	19.25	2.71
sh603717	-1668	0	0	0	-469.79	23037	28.45	27.92	27.62	28.66	-2.85
sh600285	-6726	-3193	-2061	0	-920.59	32864	9.73	9.51	9.48	9.73	-1.86
sz000786	-15268	-14417	-2040	0	-7445.49	309646	25.25	24.81	24.44	25.36	-2.17
sh600663	-1128	0	0	0	-544.87	34047	20.32	20.04	19.98	20.49	-1.33
sh600668	-5517	-1000	0	0	-1878.58	63022	16.48	16.38	16.21	16.80	-0.67
sz300068	-3753	-477	0	0	-2101.83	48908	15.99	15.98	15.82	16.09	-0.50
sz300470	2860	1300	0	0	480.79	13175	41.09	41.39	40.77	41.64	0.49
sz300476	-685	0	0	0	-866.22	30881	25.44	25.40	24.85	25.47	-0.20
sh603890	-3484	-1283	0	0	-5091.06	76861	40.66	39.09	37.72	40.66	-4.77
sz000665	-979	0	0	0	-367.50	16775	10.15	10.05	10.01	10.15	-0.79
sh600019	-60688	-29574	-20352	0	939.32	686459	9.00	9.05	8.94	9.13	-0.55
sh600389	-308	0	0	0	-321.28	28249	18.80	18.67	18.40	18.87	-0.53
sh600655	1467	2402	2402	0	509.48	99737	11.56	11.42	11.42	11.70	-1.38
sz000796	-8818	-3166	-2000	0	-1332.90	49376	14.03	13.76	13.55	14.07	-1.85
sz000791	-16650	-4405	-4258	0	-1186.50	102526	8.05	7.91	7.81	8.06	-1.62
sh600491	-7363	-7213	-12121	0	-1127.25	72775	9.69	9.64	9.55	9.72	-0.31
sz000798	-2076	-2076	-2076	0	-145.11	14177	8.56	8.49	8.41	8.58	-1.05
sz000883	-8262	-1865	-2530	0	-649.51	73771	4.78	4.75	4.73	4.79	-0.63
sz300073	-2347	-1024	463	0	-2510.98	133975	24.96	25.71	24.35	25.73	2.59
sz000333	4402	-7062	-4009	0	5584.40	448966	59.59	60.56	58.90	61.30	1.82
sz300506	1706	0	0	0	111.69	37051	22.88	22.97	22.64	23.47	1.77
sh603289	-3061	0	0	0	-1409.27	62474	18.60	17.81	17.72	18.70	-5.42
sh600266	-14904	-6405	0	0	-1090.18	104130	13.88	13.65	13.60	14.05	-1.94
sz002588	-12590	-5850	0	0	-1229.43	51869	6.80	6.71	6.67	6.82	-1.76
sh600649	-12294	38	2720	0	-2358.79	161731	9.31	9.17	9.10	9.38	-1.82
sh600643	-16229	-5918	-3514	0	-45.60	136855	11.37	11.35	11.18	11.42	0.00
sz002242	-2668	-1331	0	0	682.92	92873	17.36	17.78	17.22	18.50	2.42
sz300046	-651	-1156	0	0	-457.90	53783	21.51	21.90	21.18	22.07	1.11
sz002001	-17593	-12496	-5861	0	-6418.80	195612	39.80	40.59	39.00	40.86	0.25
sh603617	460	0	0	0	181.49	13483	25.03	24.49	24.21	25.09	-2.00
sz002865	-398	0	0	0	83.16	14352	22.10	21.75	21.70	22.28	-2.25
sz300233	623	0	0	0	18.11	13412	18.70	18.62	18.28	18.87	-0.64
sh600804	-9636	-8302	-5300	0	159.02	68161	17.76	17.29	17.21	17.76	-2.21
sz002100	1071	0	0	0	27.57	22149	8.36	8.31	8.27	8.40	-0.72
sh601997	-2815	-517	-666	0	2044.06	148493	14.04	14.15	13.98	14.32	0.71
sh601998	-6873	49477	43030	0	4935.40	1071889	6.49	6.60	6.43	6.68	1.85
sh601999	-747	-939	-2468	0	-100.70	25605	7.67	7.58	7.53	7.72	-1.43
sh603829	-422	0	0	0	-676.58	43146	18.10	17.62	17.30	18.25	-3.56
sh600240	-21027	-15844	-5908	0	-1267.68	91286	9.18	9.06	8.96	9.24	-2.16
sh600113	-2733	0	0	0	-593.91	34790	10.65	10.34	10.30	10.65	-2.54
sh601199	-7200	-3629	-2121	0	-236.28	35777	5.73	5.69	5.67	5.78	-1.22
sh600115	-134738	-133541	-108214	0	-14460.30	1382153	8.32	8.19	8.13	8.32	-3.76
sh600114	-6859	0	0	0	-770.28	65514	15.63	15.25	15.08	15.64	-2.43
sh600118	-1500	0	0	0	-1398.20	49277	25.59	25.22	25.12	25.59	-1.41
sz000988	-4106	-255	3002	0	-2450.39	131989	17.32	17.10	17.03	17.38	-1.27
sh600029	-104369	-76102	-55078	0	-25541.40	1442784	11.40	11.48	11.26	11.64	-2.96
sz000635	-6	0	0	0	-569.74	42834	16.62	16.57	16.46	17.07	0.18
sh600026	-19264	-14838	-15979	0	-243.38	114615	6.26	6.25	6.19	6.27	-0.32
sz000631	-49597	-50529	-53045	0	-8003.49	812817	5.20	4.79	4.75	5.20	-4.39
sh600023	8412	5019	1667	0	586.27	194423	5.46	5.44	5.43	5.50	-0.18
sz000567	1726	1600	0	0	571.15	32792	24.07	24.65	23.85	24.74	2.92
sh601377	-72078	-40396	-17795	0	-4012.30	428719	7.43	7.39	7.33	7.53	-1.07
sz000568	1532	0	0	0	2607.00	125494	70.29	70.93	69.00	71.02	0.90
sh600757	-8046	-6335	0	0	-1067.24	89421	7.05	6.99	6.90	7.08	-1.13
sh600755	-14753	-11290	-5903	0	-52.57	341879	10.66	10.53	10.36	10.69	-1.13
sh600754	1188	0	0	0	623.16	49491	33.44	34.00	33.41	34.62	2.16
sh600750	-1231	0	0	0	-1049.06	30462	26.80	26.50	26.24	26.85	-1.45
sh600758	-11437	-3047	-4921	0	-352.21	112267	7.80	7.69	7.60	7.82	-1.66
sz002222	-5308	-1033	0	0	-809.14	83002	18.58	18.29	18.00	18.70	-1.88
sh603567	200	0	0	0	-255.20	13067	14.74	14.51	14.41	14.74	-1.63
sz002677	1709	1000	0	0	-447.92	21618	17.53	17.45	17.36	17.67	-1.13
sz002063	-14428	8362	8437	0	9321.10	596288	11.82	12.52	11.77	12.52	10.02
sz300527	-615	0	0	0	101.13	7401	23.54	23.24	23.23	23.79	-1.27
sz000338	-9085	25761	28716	0	3151.80	840231	8.89	8.92	8.75	8.94	0.56
sz300088	-64252	-50932	-29056	0	-6898.51	387020	7.91	7.72	7.67	7.91	-2.53
sh600170	-67356	-52487	-39058	0	-569.87	245838	3.84	3.80	3.78	3.84	-1.04
sz300082	695	0	0	0	-141.48	25435	6.97	6.96	6.87	6.98	0.43
sz000685	-4225	-1914	0	0	-369.97	38571	10.43	10.37	10.34	10.45	-0.38
sz000686	-50380	-35617	-30910	0	-9760.58	371701	8.83	8.67	8.63	8.85	-3.24
sz002668	6374	5148	2130	0	642.47	66592	19.44	20.84	19.20	20.87	6.93
sh603456	-452	0	0	0	-127.58	9834	15.30	15.10	15.06	15.32	-1.11
sz002661	-14	0	0	0	206.87	9781	14.52	14.47	14.31	14.52	-0.34
sh603555	-2155	0	0	0	222.70	25276	18.31	18.18	17.96	18.38	-0.71
sh603708	3116	1051	0	0	1363.67	55041	21.50	21.89	21.26	22.21	1.72
sh600831	-2264	-1049	0	0	-369.18	24053	8.24	8.15	8.11	8.24	-1.21
sh600837	-37931	-22538	-6963	0	1383.10	366198	13.45	13.52	13.39	13.65	0.22
sh600835	-13790	-6665	0	0	-5618.57	138738	24.73	24.74	24.28	25.47	-0.96
sz002597	-13891	-4171	-3087	0	-2042.16	128312	26.40	25.86	25.64	26.48	-2.01
sz002594	3261	2175	2175	0	4165.02	94265	65.60	65.67	64.88	65.97	0.38
sz300433	-2953	-3120	-2003	0	-13814.11	136092	31.51	31.00	29.93	31.83	1.57
sz002068	3570	-657	0	0	1006.58	108430	10.40	10.37	10.20	10.48	-1.33
sz002067	-37054	-22531	-5705	0	-2431.98	175346	6.10	6.01	5.96	6.11	-1.48
sz002065	79573	46785	22850	0	-634.74	745728	8.37	8.64	8.27	8.70	3.97
sh603055	-1510	-1137	0	0	-1373.04	56001	17.10	16.64	16.50	17.13	-3.59
sz002061	6596	9121	2106	0	122.10	158768	16.37	16.00	15.84	16.85	-2.26
sh603589	3797	-1157	0	0	1372.00	105311	47.79	50.09	47.31	50.58	4.79
sh603900	1782	0	0	0	-862.47	22238	31.86	31.54	31.10	31.90	-1.68
sh603557	-583	0	0	0	-9.39	21618	15.45	14.95	14.90	15.45	-3.73
sz002502	-6028	-3268	-3268	0	-584.64	40764	8.70	8.60	8.58	8.73	-1.38
sz002283	534	4333	2100	0	-367.43	55070	5.74	5.74	5.71	5.81	-0.17
sz300722	107	0	0	0	-2411.32	41344	37.11	35.83	35.52	37.11	-4.22
sz300720	453	0	0	0	-199.04	21550	31.53	30.65	30.34	31.88	-3.56
sh600900	-6698	-1683	-2108	0	-888.98	158928	16.14	16.17	16.08	16.25	0.25
sh603637	1100	0	0	0	263.25	7242	24.55	24.31	24.01	24.55	0.00
sh603630	-449	0	0	0	24.97	8601	27.71	27.64	27.56	27.87	-0.22
sz002440	-4607	369	0	0	-2319.24	100590	19.90	19.88	19.51	20.09	0.15
sz002110	-5430	-299	3213	0	-3049.00	350867	24.10	24.33	23.72	24.58	-0.53
sz002117	6200	1335	0	0	2850.46	68538	18.68	20.11	18.67	20.29	7.66
sz002448	-3099	-1438	0	0	-158.92	29379	9.21	9.06	9.02	9.21	-1.41
sz002119	446	0	0	0	-303.39	14384	19.15	18.71	18.62	19.20	-2.60
sz002589	-8214	-1088	0	0	-588.91	88302	13.46	13.43	13.32	13.68	-0.81
sh600340	60422	39706	24845	0	21819.30	634813	38.33	39.47	37.86	40.88	3.68
sz300497	-473	0	0	0	-102.87	12610	36.90	36.28	36.08	37.06	-2.00
sh600346	-35343	-8857	-5329	0	-8230.27	432825	14.74	13.79	13.44	15.03	-4.24
sh601985	-4451	-8076	-7313	0	266.66	196359	7.43	7.40	7.37	7.48	0.00
sh601988	413934	411757	395685	0	20731.50	3468125	3.97	4.03	3.96	4.04	1.77
sz000960	2038	3387	5342	0	673.97	207177	13.56	13.44	13.37	13.74	-1.32
sz000963	2582	0	0	0	1443.49	39633	56.61	57.70	56.55	58.18	0.89
sh603127	-493	0	0	0	-322.09	12842	58.12	56.82	56.00	58.69	-3.66
sh603128	-10936	-3867	0	0	-1489.02	174408	8.96	8.75	8.66	9.05	-1.24
sh600236	-5331	-892	0	0	-227.25	43067	5.73	5.69	5.66	5.76	-0.87
sh600230	1467	0	0	0	-293.05	149656	48.60	48.64	48.01	50.29	0.87
sh600231	-43472	-35816	-31095	0	-3421.41	336234	5.21	5.16	5.11	5.24	-1.71
sh600694	-404	0	0	0	-104.57	9136	34.30	33.93	33.67	34.47	-1.17
sh600160	-6609	-4232	-3842	0	-1867.81	267194	11.16	11.23	11.05	11.32	0.36
sh601188	-3039	0	0	0	-65.84	17862	4.19	4.15	4.12	4.20	-0.48
sh600690	71163	54194	42461	0	13780.30	859729	20.26	20.75	20.01	21.00	2.62
sh601186	29527	23631	10424	0	2718.67	346809	11.59	11.56	11.53	11.69	0.09
sh600168	-2136	-1204	0	0	-250.58	22951	8.45	8.37	8.35	8.46	-0.95
sh603369	1117	2599	2307	0	-422.02	169448	16.21	16.31	16.00	16.62	0.49
sh600580	-11551	-4294	0	0	-1367.99	115194	8.58	8.49	8.38	8.60	-1.39
sh600581	5892	9432	5446	0	813.64	434266	14.52	14.78	14.36	15.05	0.54
sz000999	-704	0	0	0	-39.51	30846	26.63	26.48	26.27	26.74	-0.26
sh600585	14649	5888	-1458	0	-13762.00	498450	33.50	33.71	33.33	34.73	0.99
sz000627	-17395	-9714	-2980	0	-432.85	134817	8.29	8.21	8.12	8.30	-1.32
sz000626	-1333	0	0	0	-658.57	34383	13.55	13.35	13.11	13.61	-1.91
sz000625	-16412	-14815	-11499	0	691.31	165757	13.03	13.05	13.00	13.12	-0.15
sz000623	-13292	-9486	-5453	0	-3568.05	114354	22.70	22.46	22.27	22.73	-0.71
sz000990	-1431	-1083	0	0	609.27	50459	17.82	17.64	17.51	17.96	-0.84
sz000620	-2634	-857	0	0	151.23	36921	6.45	6.39	6.31	6.45	-1.69
sh600768	-920	0	0	0	-262.84	12490	14.58	14.19	14.13	14.59	-2.67
sh601366	-538	0	0	0	44.17	28734	10.40	10.28	10.23	10.45	-1.63
sh601368	-1442	0	0	0	-177.31	19451	8.95	8.91	8.84	9.00	-0.78
sh600761	-3940	-3105	-2506	0	-602.12	77775	10.84	10.69	10.57	10.85	-1.47
sh600765	-14055	-7265	0	0	-613.14	80469	12.58	12.38	12.29	12.58	-1.67
sh600569	59166	50524	53669	0	3785.30	851010	5.06	5.14	4.98	5.20	0.98
sh600562	-2264	-27	0	0	-3556.63	50661	23.90	23.14	23.03	23.97	-3.10
sh600563	977	0	0	0	-1646.93	36434	49.72	48.00	47.88	49.99	-3.65
sh600565	-31155	-35973	-35034	0	-851.43	343389	4.47	4.41	4.36	4.50	-2.00
sh600567	-14464	-1883	-2780	0	-3356.60	551634	4.73	4.68	4.63	4.75	-1.06
sz001979	-28115	-32125	-5477	0	-2645.20	356191	22.00	21.75	21.47	22.48	-1.85
sh601966	136	0	0	0	268.83	50286	18.09	18.22	18.03	18.35	1.50
sh601965	-1000	1000	0	0	32.80	30378	8.72	8.83	8.61	8.86	0.57
sh601567	-2581	-2581	-2581	0	116.64	20600	9.72	9.68	9.65	9.81	-0.21
sh601566	-1009	0	0	0	-262.42	29383	14.23	14.21	14.16	14.32	-0.07
sz300097	-808	0	0	0	-3189.92	47765	28.00	26.47	26.21	28.01	-5.43
sz002615	21301	13763	2000	0	2234.80	64235	9.59	10.00	9.56	10.20	3.52
sz002617	-2153	0	0	0	-1178.78	30830	16.01	15.68	15.47	16.06	-1.94
sz000049	-187	0	0	0	-2753.34	38640	40.80	39.73	39.26	40.81	-2.62
sz300403	814	0	0	0	-416.78	18087	15.67	15.71	15.46	15.80	-0.38
sh600827	-223	1485	0	0	-1122.51	39721	13.58	13.43	13.35	13.65	-1.10
sz300407	-4501	-1359	-2277	0	154.42	124149	12.95	12.68	12.50	13.04	-4.01
sh600823	193244	178286	217621	0	12284.90	1845871	6.47	6.65	6.32	6.66	4.40
sz300409	356	0	0	0	216.04	40566	55.95	55.45	54.80	56.78	-1.82
sh600828	10664	7105	2714	0	302.38	57203	6.31	6.38	6.22	6.39	1.43
sz002053	-977	-1020	0	0	518.31	58424	11.49	11.44	11.40	11.61	-0.69
sz002051	-4098	1251	0	0	-1628.41	78564	18.82	18.62	18.53	19.12	-1.06
sz002056	75252	60541	20537	0	7540.87	605184	10.89	11.29	10.75	11.30	3.67
sz002057	-861	0	0	0	-688.90	38446	12.88	12.84	12.65	13.06	0.00
sz002726	-2728	-1058	0	0	-1540.68	91761	12.20	11.68	11.53	12.27	-4.11
sz002727	2784	1000	0	0	2021.94	41532	20.79	20.99	20.66	21.40	0.96
sh603020	-3008	-1508	0	0	-87.15	13897	12.33	12.19	12.13	12.33	-1.14
sz002626	-7154	-4556	0	0	-2244.01	61642	20.31	20.00	19.89	20.37	-2.68
sh601818	-326144	-356322	-385822	0	-3054.20	4624729	4.10	4.13	4.09	4.16	0.73
sz002620	-405	0	0	0	-24.31	25057	9.56	9.41	9.32	9.56	-1.57
sh603937	-587	-350	0	0	-2706.57	127330	25.25	24.65	24.50	25.73	-4.27
sh603933	-415	0	0	0	-872.74	14656	52.38	50.76	49.88	52.42	-3.26
sh603938	447	0	0	0	-1351.31	20885	38.87	38.37	38.15	38.97	-1.56
sh600917	12175	606	2061	0	-1671.57	401081	11.35	12.15	11.18	12.37	5.84
sz300716	-2339	-1468	0	0	-1900.02	67081	28.51	27.94	27.50	28.64	-3.95
sz300711	-481	0	0	0	-1416.39	57736	27.58	27.10	26.41	27.70	-2.69
sz300718	-500	0	0	0	-1787.96	28687	40.16	38.26	38.00	40.49	-4.71
sz002434	8185	1357	0	0	641.60	84481	10.01	10.16	10.00	10.22	1.20
sz002435	-35	680	0	0	-48.15	15597	17.23	17.29	16.70	17.33	-0.23
sz002124	-2534	-2015	0	0	-568.25	29108	8.83	8.73	8.70	8.85	-1.13
sz002123	8875	5490	3001	0	1040.40	54268	10.25	10.29	10.12	10.35	0.39
sz002128	-52672	-42804	-31944	0	-2535.74	297440	11.61	11.38	11.22	11.73	-2.65
sh600352	-7170	-15268	-4519	0	-4287.40	457244	12.32	12.34	12.16	12.47	-0.32
sh600350	8973	3133	10522	0	609.16	119563	6.15	6.15	6.10	6.17	0.00
sh600356	-4342	0	0	0	-176.37	18270	8.46	8.34	8.30	8.46	-1.53
sh600354	-24533	-8086	-2390	0	-1274.69	124611	7.30	7.12	7.05	7.30	-2.73
sh603803	-400	0	0	0	-360.25	14104	18.01	17.59	17.38	18.01	-2.06
sh603801	618	0	0	0	-126.15	14945	55.19	55.08	54.90	56.30	-1.48
sz002108	4198	-1322	-2734	0	923.49	144858	11.94	12.07	11.82	12.14	1.17
sz002548	-3690	-1500	0	0	-434.74	23535	10.88	10.69	10.59	10.96	-2.64
sz002540	-4174	-1430	0	0	-901.81	50952	7.60	7.58	7.50	7.63	-1.30
sz002541	-2205	0	0	0	-568.78	16610	14.14	13.89	13.81	14.14	-1.77
sz002543	-1731	0	0	0	-1205.62	29421	21.71	21.83	21.23	22.10	0.05
sh600177	-17903	-17940	-9881	0	-997.85	152795	9.61	9.55	9.47	9.64	-0.73
sh600176	-26702	-10680	-4033	0	-6695.16	383096	17.62	17.53	17.19	17.85	-0.06
sz000408	-3654	-1408	2693	0	-1086.63	163370	19.37	19.02	18.95	19.97	-1.45
sh600173	-22073	-8581	49	0	-2384.60	189603	6.65	6.51	6.38	6.74	-3.56
sh600171	-335	-5956	-349	0	-1593.63	337015	15.61	15.91	15.51	16.05	0.82
sz000761	-15696	-16148	-17888	0	601.01	205034	5.36	5.37	5.32	5.41	-0.19
sh600179	29682	15403	0	0	1665.60	128280	27.10	28.17	27.10	28.50	3.19
sh601888	-2153	0	0	0	-913.86	64666	46.80	46.38	45.80	46.90	-0.56
sh601886	-1640	-1100	0	0	-334.46	31118	8.88	8.81	8.70	8.90	-1.01
sz000612	-505	1051	0	0	-48.42	87697	9.15	8.97	8.91	9.21	-2.61
sh600594	-21107	-11678	0	0	-1565.92	110206	10.65	10.49	10.41	10.66	-1.87
sh600597	-11883	-7889	-2308	0	-1008.12	153608	15.36	15.14	14.93	15.38	-1.94
sh600596	-14664	-6922	-653	0	-2338.20	589842	12.00	11.95	11.61	12.25	0.00
sh600593	450	0	0	0	66.50	10594	27.84	28.00	27.60	28.01	0.61
sh600598	39975	14216	442	0	3483.33	384039	10.76	11.16	10.72	11.18	3.14
sh600779	1522	0	0	0	2448.19	84006	48.20	48.90	47.71	48.96	2.13
sh601311	-3994	0	0	0	-945.93	38580	13.18	13.08	12.96	13.30	-1.06
sh600572	197	2521	5918	0	-462.36	161227	7.38	7.27	7.22	7.44	0.69
sh601088	-1265	-7695	-208	0	-1817.70	542198	24.68	24.91	24.61	25.45	0.48
sh600688	14363	37127	35770	0	115.56	578227	7.08	7.00	6.94	7.18	1.01
sh600681	-1055	0	0	0	51.32	53135	14.12	14.12	13.88	14.20	0.43
sh601952	-2361	-194	0	0	-1112.86	93980	13.17	13.25	13.01	13.27	0.30
sh600684	-46385	-45395	-8638	0	-8173.32	586740	7.12	6.92	6.89	7.17	-3.49
sh600687	334	-2222	0	0	108.32	61657	11.50	11.51	11.32	11.53	0.00
sh601229	11770	3759	1664	0	-1631.16	235384	14.73	14.81	14.66	14.96	0.34
sh601225	-61409	-43008	-20404	0	-5033.50	742348	9.21	9.23	9.10	9.36	-0.75
sh601555	-35658	-28414	-16409	0	-4408.38	167871	9.80	9.64	9.57	9.83	-1.73
sz000548	179	1852	0	0	535.90	75173	6.61	6.68	6.61	6.82	0.75
sz000811	-8403	-4158	0	0	-538.60	58200	8.15	8.05	8.01	8.17	-1.83
sz000546	-315	0	0	0	-1007.41	42328	17.09	17.15	16.95	17.42	1.24
sz000544	-33	2649	2649	0	-927.33	23312	15.10	14.96	14.67	15.19	-0.93
sz300393	460	0	0	0	-92.27	13016	35.49	36.15	34.60	36.15	2.06
sz300396	790	0	0	0	-2005.34	19209	45.20	43.49	43.48	45.20	-4.16
sz300158	-4198	0	0	0	-781.89	35025	14.25	14.09	14.03	14.28	-1.47
sz000541	-7542	-1773	-1410	0	-1100.19	83402	9.35	9.29	9.24	9.42	-0.64
sz002714	-5951	-4564	-2059	0	1297.79	62233	59.13	59.33	58.33	60.17	-0.47
sh600986	124	0	0	0	-145.27	22458	11.01	10.79	10.72	11.04	-1.73
sz002653	-600	0	0	0	-207.07	11498	11.75	11.56	11.47	11.80	-2.12
sz300572	897	0	0	0	-235.32	3488	61.29	61.13	60.79	62.17	-0.26
sz002603	9183	5513	7731	0	-2954.95	164306	16.00	16.19	15.82	16.34	3.85
sz002601	23292	12113	3358	0	7923.71	302472	17.40	17.78	17.31	17.85	1.89
sz300378	1640	0	0	0	340.79	56058	14.79	15.04	14.75	15.24	1.62
sh600985	-5228	-1378	0	0	-2464.97	117578	15.90	15.29	15.03	16.21	-4.38
sz300371	-596	0	0	0	-169.12	9731	19.67	19.00	18.90	19.67	-2.46
sz300374	882	0	0	0	-286.83	33529	16.25	15.89	15.63	16.25	-1.97
sz300375	-1948	693	2051	0	-955.83	72292	18.33	18.02	17.65	18.35	-2.07
sz300376	-13684	-1869	-4133	0	-1453.74	143420	7.45	7.31	7.28	7.49	-2.01
sz002733	-615	0	0	0	158.50	24132	17.45	17.37	17.31	17.49	-0.74
sz002043	-26362	-19868	-9017	0	-1777.79	151603	12.57	12.33	12.13	12.60	-2.45
sz002048	-1190	-1000	0	0	-1362.97	35855	24.79	24.86	24.42	24.97	-0.24
sh600966	-50183	-31973	-19237	0	-2908.98	245959	6.24	6.14	6.04	6.26	-1.60
sz300705	2352	1885	0	0	-1461.22	61530	30.63	31.15	28.06	31.77	1.50
sz002139	-4457	1063	0	0	-1261.94	54183	11.42	11.28	11.24	11.55	-1.66
sz002138	-5189	-361	0	0	767.09	73596	17.06	16.72	16.55	17.11	-2.11
sz002136	-1451	0	0	0	-229.95	36144	14.76	14.63	14.40	14.78	-0.95
sh603323	2876	-1662	0	0	-366.48	146173	8.54	8.64	8.50	8.65	0.93
sh603321	413	0	0	0	-288.10	42442	12.00	11.51	11.47	12.00	-3.84
sh603320	1626	1543	0	0	-818.72	76558	27.58	30.33	27.50	30.81	8.28
sh600367	-1648	-1173	0	0	-732.80	57232	11.59	11.30	11.22	11.66	-2.67
sh603819	673	0	0	0	29.43	11451	17.30	17.10	17.04	17.43	-2.68
sh603818	-2984	0	0	0	-381.70	17644	14.34	13.94	13.86	14.47	-2.99
sz002080	-536	0	0	0	-1124.89	55419	25.90	25.70	25.18	26.18	-1.00
sh603816	-500	0	0	0	-573.06	15337	61.09	61.38	60.18	61.93	0.54
sh603920	98	0	0	0	-331.82	53884	18.88	19.05	18.67	19.32	0.63
sz002551	-2911	0	0	0	-751.19	47833	9.33	9.22	9.18	9.37	-1.71
sh603922	-1014	0	0	0	-338.55	30456	28.68	27.81	27.44	28.71	-3.54
sz002557	-4454	-1042	0	0	-933.11	34194	16.00	15.64	15.51	16.00	-2.19
sh601163	-418	0	0	0	-78.17	28753	20.73	20.52	20.39	20.76	-1.39
sh601166	282504	339191	368340	0	131358.00	3677332	17.18	18.18	17.17	18.20	5.82
sh601169	14134	14430	5400	0	11973.00	586262	7.26	7.30	7.22	7.33	0.83
sz000605	-1296	0	0	0	-640.60	28751	19.15	18.75	18.61	19.20	-1.88
sz000601	-8978	-2364	2500	0	-279.25	42879	7.44	7.40	7.29	7.45	-0.27
sz000975	2571	2385	0	0	-1196.27	64427	13.85	14.01	13.75	14.03	0.50
sz000609	-532	0	0	0	-279.09	22406	11.39	11.18	11.02	11.39	-1.67
sz000608	-2439	0	0	0	-159.35	42740	6.91	6.83	6.73	6.94	-2.01
sh600782	131448	101817	75754	0	9080.20	1084765	7.08	7.49	6.91	7.50	4.61
sh600783	-936	-1242	0	0	-1423.30	42450	15.06	14.56	14.51	15.06	-2.93
sh600787	-19954	-15824	-10506	0	-605.28	191965	11.52	11.57	11.37	11.59	-0.09
sh600548	-1920	-1000	0	0	18.06	14242	9.06	9.01	8.97	9.06	-0.88
sh600547	-6193	-6612	-2549	0	-7772.27	176728	31.61	31.25	30.96	31.98	-2.01
sh601098	-1034	-1050	0	0	-741.66	55463	14.03	14.01	13.86	14.06	-0.21
sz000779	-440	0	0	0	-282.24	12067	13.70	13.64	13.50	13.81	-1.09
sz000778	-22631	-15553	-11788	0	-2212.68	267817	5.49	5.46	5.42	5.53	-0.55
sh601766	167395	112801	53456	0	-20707.30	1621134	12.22	12.24	12.13	12.36	0.33
sh600141	-16746	-3791	-2321	0	-4421.20	152327	18.98	18.52	18.14	19.14	-2.53
sh601238	-2183	149	0	0	-572.01	49475	24.50	24.60	24.47	24.71	0.37
sh600180	-66	0	0	0	-27.28	16139	10.82	10.76	10.63	10.92	-0.46
sh601233	-21352	-3865	1030	0	-6487.20	332723	28.09	26.53	26.10	28.15	-3.67
sh601231	-2718	8566	7165	0	-3199.06	150219	14.69	14.46	14.26	14.75	0.77
sz000151	-3287	-1200	0	0	-963.16	32998	12.76	12.61	12.40	12.80	-1.79
sh601788	-9329	-5404	0	0	-2544.21	88743	13.90	13.80	13.70	13.97	-0.72
sz000983	-37590	-11483	-9632	0	643.27	441505	10.72	10.67	10.55	10.88	-1.48
sz002408	79	-1322	0	0	887.37	115254	12.78	12.58	12.46	12.85	-1.41
sz000981	1021	0	0	0	115.94	20506	8.94	8.86	8.82	8.95	-0.45
sh600020	-16216	-14548	-7053	0	-1975.77	159156	5.04	5.02	4.96	5.06	-0.40
sz000559	-5687	-1291	321	0	-1529.76	152894	10.30	10.10	10.02	10.35	-1.37
sz002155	-13739	-9481	-5089	0	-2182.33	132269	9.55	9.48	9.44	9.64	-1.15
sz000553	-854	0	0	0	-216.54	63844	16.45	16.58	16.30	16.77	0.48
sz300387	-3938	-3544	-2719	0	-2299.06	92443	18.26	18.50	17.90	19.40	2.95
sz002153	132	-1339	0	0	4458.04	93197	25.74	26.60	25.42	26.80	2.74
sz300388	-1645	0	0	0	-1446.30	40760	22.68	22.24	22.15	22.93	-3.30
sz300146	3158	6433	3481	0	6270.10	416212	15.62	15.75	15.40	15.88	1.09
sz300145	916	3338	0	0	-680.32	84736	11.94	11.96	11.83	12.04	-0.25
sz300144	3433	3574	2200	0	-598.94	53459	18.49	18.30	18.29	18.68	-1.08
sz002636	2594	2407	2407	0	-472.79	57248	16.30	16.24	16.02	16.50	-0.92
sz002637	-500	0	0	0	-135.05	9700	10.86	10.75	10.72	10.89	-0.56
sz002635	-11096	-9630	-4731	0	-5623.96	185858	24.53	23.51	23.08	24.60	-3.65
sz300565	-421	0	0	0	-137.45	20961	21.90	21.30	21.02	21.90	-2.56
sz300360	-945	-1087	0	0	-278.86	26412	10.73	10.55	10.41	10.76	-1.40
sz300365	-1668	0	0	0	729.28	5618	32.30	32.30	32.30	32.30	10.01
sh603797	1055	1412	0	0	-319.63	59000	20.90	20.32	20.10	21.24	-2.31
sh603001	-809	0	0	0	-217.56	18968	14.94	14.70	14.66	14.98	-2.33
sz002701	-16863	-9254	-10680	0	-707.30	97562	6.10	6.09	6.06	6.12	-0.16
sh603008	1682	1882	0	0	-200.95	27208	18.97	18.84	18.62	19.09	-0.26
sz002709	-1259	0	0	0	-3864.08	40907	48.23	47.61	47.05	48.59	-0.42
sz002094	1030	0	0	0	64.23	35089	17.90	17.77	17.66	17.95	-0.73
sz002092	-10540	-10947	-8958	0	-3082.94	454750	14.97	14.86	14.63	15.15	-1.07
sz002091	-9410	-6508	-2800	0	-1926.34	93201	9.20	9.04	8.97	9.24	-1.74
sh600979	-5051	-2345	-2000	0	-30.67	60359	5.32	5.28	5.23	5.33	-0.94
sh600978	1014	-1014	0	0	-656.26	57145	9.20	9.12	9.06	9.29	-0.98
sh600977	-5040	0	0	0	-1392.38	78580	15.55	15.23	15.15	15.57	-2.12
sh600976	509	0	0	0	273.82	13275	23.70	23.70	23.12	23.75	0.13
sh600971	-20703	-9186	0	0	-2229.72	249984	11.33	11.25	11.12	11.54	-1.32
sh600970	-32112	-30679	-15208	0	-4275.91	370625	10.37	10.28	10.10	10.53	-1.25
sz002419	-7151	-5092	0	0	-790.31	80115	15.89	15.65	15.59	16.10	-2.19
sz002148	-5581	-1803	0	0	-484.58	73027	9.25	9.13	9.06	9.26	-0.98
sz002146	77781	87628	53751	0	7816.50	892728	10.93	11.10	10.88	11.45	1.46
sz002411	-5433	-6293	-4337	0	298.01	22270	26.95	26.75	26.63	26.98	-0.15
sz002416	291	0	0	0	3.04	35551	9.62	9.44	9.42	9.64	-1.77
sz002142	17750	9456	9609	0	3310.46	282090	17.69	18.03	17.69	18.12	1.81
sz002143	14876	22222	12019	0	-370.93	103877	13.65	13.63	13.44	13.73	-0.51
sh603311	-1165	0	0	0	75.35	8156	16.10	15.92	15.83	16.13	-1.30
sz002380	-500	0	0	0	-295.29	10610	16.95	16.80	16.60	17.02	-1.06
sz002381	-3143	-1727	0	0	-278.47	24119	7.89	7.74	7.67	7.89	-1.78
sz002895	-1805	-1214	0	0	-1061.78	55908	25.29	24.62	24.35	26.00	-2.57
sz002892	1451	0	0	0	-633.21	27120	41.68	41.52	40.29	42.60	-1.38
sz002893	9318	5417	8450	0	1172.56	44570	31.20	32.92	31.00	32.92	9.99
sz002898	-694	0	0	0	-1248.58	63251	22.60	22.10	21.40	22.60	-3.54
sz002899	450	0	0	0	-198.55	13850	28.30	27.76	27.48	28.46	-2.46
sh601878	6949	10340	2040	0	561.99	179693	16.31	16.46	16.31	16.89	0.30
sh600201	-295	211	0	0	-1306.80	77089	31.15	30.42	30.06	31.25	-2.06
sz000026	-2584	0	0	0	-658.38	21967	11.23	10.97	10.87	11.23	-2.23
sz002562	-4141	0	0	0	43.60	82208	17.48	17.31	17.22	17.69	-1.37
sh601155	2734	3131	0	0	145.15	181562	32.68	32.97	32.36	33.48	0.79
sh601158	-6158	-2773	0	0	100.03	44022	6.54	6.48	6.47	6.54	-0.77
sh600897	-531	0	0	0	223.82	10486	23.08	22.89	22.75	23.14	-0.82
sh600377	-4311	-345	-2145	0	-458.38	48784	9.95	10.01	9.89	10.01	0.70
sh600376	-18459	-13250	-14630	0	43.65	120161	10.62	10.37	10.27	10.65	-1.71
sh600793	-21	0	0	0	-354.55	31898	26.80	26.89	26.12	27.35	0.49
sz000011	-1377	0	0	0	-858.66	62177	17.63	17.45	17.25	17.99	-1.69
sz000012	-58947	-43721	-27299	0	-3900.16	281629	8.82	8.75	8.66	8.92	-1.91
sh600790	-9864	-5619	0	0	-505.51	55682	6.13	6.07	6.04	6.14	-1.14
sz000018	-10107	-9983	0	0	-127.39	75989	6.28	6.21	6.18	6.30	-1.74
sh600559	-38	1562	0	0	-1966.15	71999	30.88	31.21	30.21	31.26	0.39
sz000498	-17984	-5031	-2254	0	-928.02	93297	6.89	6.78	6.70	6.91	-1.45
sz002475	-19526	-9505	-6296	0	-9845.20	291982	24.00	23.30	23.04	24.00	-3.32
sz000708	-798	1226	0	0	-801.12	35467	11.68	11.55	11.49	11.76	-1.45
sz000709	-208400	-165448	-127278	0	-1762.75	756142	4.07	4.03	4.01	4.09	-1.23
sh601939	250969	197996	157883	0	2475.90	1276000	7.58	7.78	7.56	7.78	2.91
sh600153	-1715	602	0	0	-598.81	149681	11.85	11.59	11.52	11.86	-1.28
sh601200	-2310	-1203	0	0	-2068.77	58501	24.55	24.10	23.95	24.59	-1.71
sz000651	91774	69449	25643	0	23221.00	1086824	49.30	51.05	48.97	51.96	3.34
sh601339	-1188	3011	609	0	-416.10	44236	5.33	5.28	5.26	5.37	-0.56
sh601336	-10328	-1579	0	0	-4407.50	238841	64.20	63.35	62.50	64.20	-1.75
sz000830	-29545	-19770	-10250	0	-8977.16	394597	18.26	17.98	17.81	18.27	-2.12
sz300170	21625	6951	658	0	2309.35	184965	12.23	12.59	12.11	12.64	2.19
sz300178	17914	10334	692	0	5635.33	107058	13.73	14.40	13.64	14.51	5.03
sh600393	-33145	-20697	-17207	0	-2765.73	166439	6.86	6.74	6.62	6.86	-1.89
sz002872	-505	0	0	0	-211.45	20263	31.90	31.75	31.26	32.20	-1.64
sz300284	-1530	0	0	0	-287.19	20276	16.41	16.18	16.18	16.47	-1.40
sz300286	-813	0	0	0	-359.46	10307	18.17	17.94	17.90	18.28	-1.27
sz300282	-798	0	0	0	-1302.05	21611	18.29	18.05	17.79	18.29	-1.42
sz002624	-1722	0	0	0	-238.43	25532	31.60	30.89	30.83	31.60	-2.25
sz300355	-47748	-27200	-3357	0	-6134.83	388130	13.06	12.80	12.72	13.19	-2.36
sz300351	-2480	-1037	0	0	-395.64	22411	14.57	14.24	14.12	14.57	-1.93
sz000951	590	-1071	0	0	-1593.71	61390	18.05	17.47	17.44	18.17	-2.57
sh603787	-21	0	0	0	455.34	14713	14.30	14.35	14.07	14.39	0.00
sz002716	-2006	-2471	0	0	684.00	96418	20.16	20.32	19.96	20.50	0.79
sz002081	-41458	-27488	-24571	0	-10720.81	282726	16.43	15.94	15.77	16.58	-3.74
sz002045	1342	2012	0	0	-2026.33	62298	17.91	17.76	17.63	18.11	0.06
sz002083	4680	2931	0	0	255.25	45991	6.74	6.78	6.69	6.78	0.74
sz002085	-5188	-2884	0	0	-1254.21	76661	16.26	15.77	15.70	16.26	-3.19
sz002087	-46121	-27716	-13738	0	-2273.69	117893	5.98	5.85	5.79	6.02	-2.50
sz002088	58	0	0	0	-192.76	24572	13.79	13.72	13.58	13.93	-0.36
sz002047	-18630	-10577	-7286	0	-561.19	112661	7.70	7.60	7.55	7.83	-2.06
sz002883	-3390	-3390	0	0	-2436.05	40446	63.00	60.00	58.83	63.50	-3.44
sz002158	-25778	-12165	12087	0	-12897.17	404527	14.19	13.13	12.97	14.19	-4.02
sh603303	-1494	0	0	0	-318.20	25545	14.36	13.84	13.75	14.37	-3.42
sz002406	-3536	0	0	0	-225.90	26214	7.27	7.16	7.14	7.29	-1.51
sz002152	188737	175783	158051	0	15866.60	1004425	7.43	8.11	7.39	8.11	10.04
sz002403	44	0	0	0	-239.31	17262	12.28	12.08	12.00	12.29	-1.55
sz002394	-3435	-1536	0	0	-660.84	19399	12.43	12.28	12.20	12.43	-1.13
sz002396	-3271	0	0	0	-648.51	73977	21.71	21.46	21.25	21.72	-0.92
sz002391	1248	0	0	0	-779.57	41515	16.13	15.71	15.51	16.18	-2.36
sh603168	-3105	0	0	0	-578.87	44002	14.95	14.82	14.80	15.08	-0.67
sh603167	1107	-288	0	0	-484.82	108120	12.02	12.19	11.82	12.20	1.58
sh600894	-5755	-4064	0	0	-452.47	27628	9.61	9.47	9.45	9.63	-1.15
sh600895	-3328	1500	0	0	-319.56	42363	15.17	14.98	14.93	15.25	-0.86
sz002573	-25439	-9972	-2881	0	-7171.30	203867	21.56	21.04	20.81	21.58	-2.77
sz002572	-274	0	0	0	-1218.41	44328	38.90	38.21	38.08	38.90	-2.15
sz002407	-7967	-1099	0	0	-3087.87	146433	21.04	20.65	20.44	21.04	-2.55
sh603766	-17992	-9500	-6026	0	-551.79	89488	7.18	7.01	7.00	7.18	-1.96
sh600415	-25600	-14876	-8457	0	-1056.74	116930	5.94	5.88	5.85	5.96	-1.34
sh600641	-10596	-6146	-3383	0	-1887.31	170553	14.10	14.00	13.83	14.39	-1.06
sz000959	-23381	-16438	-14432	0	-1376.54	92119	6.16	6.02	6.00	6.16	-2.11
sh600098	-7622	-8393	-10693	0	-103.17	59365	7.15	7.12	7.06	7.17	-0.28
sh600094	-4562	-2451	0	0	-45.78	49688	7.28	7.20	7.14	7.36	-1.23
sz000952	-3238	0	0	0	37.42	32351	15.04	14.81	14.78	15.04	-1.73
sh600090	-1198	3622	4639	0	-315.75	39268	8.25	8.10	8.03	8.25	-1.46
sz000957	-3573	473	0	0	-725.20	102861	11.31	11.32	11.19	11.43	-1.74
sh600093	-41153	-33505	-27668	0	4978.22	129715	15.40	15.40	15.40	15.40	10.00
sz002889	418	0	0	0	-161.10	32435	28.95	28.55	28.12	29.52	-2.23
sh600308	-9282	-4610	-933	0	-1196.07	111279	6.70	6.65	6.58	6.74	-0.75
sh600305	-1908	-463	0	0	-1966.06	118637	11.99	11.67	11.62	11.99	-2.91
sh600306	-1533	0	0	0	-359.85	25512	10.77	10.55	10.52	10.82	-2.04
sz002882	-870	0	0	0	-445.29	34062	13.92	13.48	13.31	13.93	-2.53
sz000002	14081	4930	10480	0	-6335.40	453695	35.60	35.67	35.50	36.70	-0.47
sz000001	348652	307619	257990	0	45696.20	2403277	13.04	13.47	12.92	13.49	2.98
sh600521	-4159	0	0	0	-634.84	64942	28.90	28.50	28.10	28.90	-1.32
sh600523	-404	0	0	0	-273.65	12055	16.53	16.28	16.25	16.65	-1.81
sh600529	-2428	-200	0	0	-1748.76	37195	21.66	21.09	21.00	21.73	-2.23
sz002903	-458	0	0	0	-1364.72	34847	40.18	39.13	38.40	40.57	-4.14
sz000488	-45331	-29252	-21941	0	-4278.10	294572	18.21	17.88	17.65	18.24	-1.49
sz000719	400	0	0	0	-178.10	18980	9.30	9.17	9.15	9.30	-1.29
sz000717	45626	24545	28343	0	2522.60	832116	8.85	8.98	8.76	9.14	-0.11
sz000712	-4291	0	0	0	-1022.83	50359	16.61	16.79	16.60	16.84	0.42
sz000711	-799	-1518	0	0	-194.62	41778	12.79	12.64	12.50	12.82	-1.02
sh601928	-3922	-2194	0	0	-304.56	55661	8.11	8.08	8.05	8.14	-1.10
sh601211	-22755	-12492	-13363	0	-6110.75	290517	19.34	19.16	19.00	19.40	-0.73
sh600639	-4230	-1147	0	0	-284.17	18220	17.61	17.32	17.17	17.61	-0.92
sh600630	-3317	-1208	0	0	-662.69	47411	10.76	10.51	10.37	10.87	-2.14
sh600633	-9608	-5284	-2110	0	-2437.95	78456	15.02	14.75	14.63	15.03	-1.73
sz000821	-15723	-4353	-176	0	-2444.90	105687	11.90	11.80	11.38	11.99	-0.92
sz000823	-9623	-1007	-2016	0	-529.54	145171	15.10	14.92	14.77	15.44	-0.20
sh601858	-722	0	0	0	-478.47	34372	10.67	10.46	10.39	10.75	-2.43
sz000825	-60963	-43579	-28618	0	-167.93	542514	5.18	5.15	5.09	5.23	-1.15
sh601328	-155831	-174015	-167879	0	-2614.40	2324403	6.27	6.32	6.27	6.39	0.64
sz000826	2209	1000	0	0	197.27	46651	33.27	33.24	33.01	33.54	-0.09
sz000828	-1578	0	0	0	-630.02	21854	11.22	11.19	11.13	11.26	-0.18
sz300298	-1845	0	0	0	-127.39	27401	20.77	20.36	20.18	20.77	-2.26
sz300296	-6106	-2210	0	0	-2723.10	74409	20.82	20.38	20.28	20.85	-2.11
sz300295	61	0	0	0	-580.60	35743	18.58	18.57	18.25	18.78	-0.11
sh600848	-1778	0	0	0	-862.32	70125	24.10	23.79	23.40	24.60	-0.63
sz002427	1120	1000	0	0	298.88	37763	33.18	32.65	32.49	33.43	-1.95
sz300343	2204	1000	0	0	-304.44	54325	12.97	13.03	12.85	13.48	0.93
sz300342	-1865	0	0	0	-186.90	21721	15.46	15.23	14.92	15.51	-1.36
sz002424	-8839	-7505	-2198	0	-2393.90	80903	16.00	15.79	15.63	16.08	-1.86
sz002422	-418	0	0	0	507.30	71326	27.10	27.03	26.80	27.58	-1.06
sz000505	-5495	-2514	0	0	-493.38	37892	8.91	8.78	8.71	8.95	-2.77
sz002768	2069	1094	0	0	504.13	20286	27.80	27.69	27.12	27.96	-0.40
sz002039	-963	0	0	0	-106.39	17196	15.97	15.93	15.83	16.06	-0.31
sz002766	-14680	-2603	-3018	0	-957.14	143975	15.20	15.13	14.81	15.49	-4.00
sz002762	-488	0	0	0	-740.17	17185	16.32	15.97	15.88	16.44	-2.68
sz002781	-1800	0	0	0	-889.40	14182	24.80	24.02	23.96	24.95	-3.88
sh600887	24658	16227	4834	0	-5908.10	481590	34.50	34.62	34.20	34.88	0.09
sh600362	3901	10810	2097	0	-3286.20	653375	20.76	20.66	20.50	21.50	-1.57
sh600363	-1689	0	0	0	-636.60	31537	12.30	12.20	12.14	12.33	-0.73
sz002166	-1365	-184	-184	0	-1347.56	78412	11.20	10.92	10.82	11.30	-1.18
sz002367	-1556	0	0	0	-450.79	37376	8.75	8.61	8.58	8.78	-1.37
sz002188	-12346	-7302	0	0	-2301.30	89346	14.73	14.14	14.07	14.76	-3.87
sz002182	-10877	-5875	-2353	0	-1765.28	141529	9.43	9.25	9.21	9.52	-2.12
sz002187	-142	0	0	0	-67.16	11603	10.50	10.38	10.31	10.53	-1.14
sh601100	-3977	-1013	0	0	-548.81	58575	33.72	33.46	32.76	34.60	-0.51
sh600368	-10095	-6867	0	0	-225.90	52506	5.34	5.32	5.28	5.37	-0.75
sz300621	2032	-773	-1055	0	-3085.37	116350	24.49	23.78	22.67	25.15	0.00
sh603198	-1623	0	0	0	-117.71	31854	18.16	17.96	17.81	18.16	-1.21
sh603970	-498	0	0	0	-3387.47	78198	31.78	30.33	30.29	32.09	-5.43
sh600884	-18688	-12007	-7205	0	-6161.55	193811	20.25	19.77	19.40	20.26	-2.37
sh600348	-38536	-28327	-27930	0	-828.22	310275	7.75	7.76	7.68	7.86	-0.77
sh603979	-1419	0	0	0	-344.44	25300	10.49	10.27	10.24	10.49	-1.72
sh600409	-31148	-13513	-1951	0	-2868.35	382714	10.24	10.11	10.01	10.26	-1.27
sh603996	405	0	0	0	34.97	9976	17.85	17.77	17.73	17.89	-0.17
sh603997	802	0	0	0	48.85	20428	11.00	11.02	10.90	11.08	-0.27
sz000928	-30024	-15385	-5404	0	-1073.32	155167	6.88	6.74	6.70	6.90	-2.60
sh600089	-84872	-73809	-43154	0	-13847.79	506874	10.10	9.93	9.89	10.15	-1.78
sh600085	-1076	0	0	0	-2961.63	55466	33.37	33.30	33.00	33.65	-0.54
sz000920	-3555	0	0	0	-679.60	31633	10.00	9.77	9.73	10.04	-2.40
sz000921	-1507	-519	-2036	0	999.55	87254	14.96	14.88	14.80	15.18	-1.46
sz000923	3954	3366	3366	0	-2517.39	94773	24.90	24.61	24.33	25.35	1.57
sz002215	-15406	-7674	-2000	0	-1600.32	86668	7.23	7.06	7.03	7.28	-2.75
sz000036	-43726	-27667	-11013	0	-2929.89	498688	10.58	10.30	10.10	10.58	-1.90
sz000030	-3689	0	0	0	258.70	30210	8.20	8.15	8.12	8.23	-0.85
sz000038	-1192	0	0	0	-545.51	31226	20.75	20.33	20.11	20.85	-2.49
sz000039	-7663	-5194	-6361	0	844.64	155630	22.59	22.45	22.20	22.94	-1.66
sh600535	-644	0	0	0	841.54	31199	36.80	36.62	36.32	36.84	-0.49
sh601919	-22920	-443	171	0	-805.97	557107	7.11	7.12	6.98	7.14	0.28
sz000722	-2226	0	0	0	-332.34	24160	9.12	8.97	8.91	9.18	-1.97
sz000723	-29330	-18301	-16454	0	-930.70	153216	6.84	6.69	6.68	6.84	-2.19
sz000726	-7454	-1000	0	0	-181.35	40544	11.05	10.98	10.91	11.08	-0.54
sh601139	21725	12076	2048	0	1275.18	376312	8.18	8.49	8.13	8.55	3.92
sz000729	-13324	-7871	-6820	0	-20.72	181507	7.11	7.14	7.05	7.20	-0.42
sh600629	-434	0	0	0	-508.42	16089	15.59	15.16	14.98	15.64	-2.76
sh600628	-400	0	0	0	-95.73	23882	10.36	10.23	10.20	10.36	-1.25
sh600622	-5103	0	0	0	-3776.45	64610	17.71	17.40	17.34	17.89	-3.28
sz300400	-1908	-1000	0	0	-140.71	29685	13.65	13.15	13.04	13.78	-2.74
sz002558	879	0	0	0	993.29	53034	36.30	36.65	35.70	37.60	1.83
sz000581	2813	326	0	0	-1376.64	163052	24.91	24.92	24.63	25.10	-0.72
sh601688	-12435	-215	1714	0	13113.70	766802	19.99	19.91	19.63	20.08	1.12
sh601689	-1975	0	0	0	248.10	32767	25.16	25.22	24.68	25.38	0.44
sz300119	-822	0	0	0	-120.40	9288	12.12	12.10	11.93	12.20	-0.41
sh603885	-9999	-2011	0	0	-1046.50	101801	15.77	15.25	15.10	15.85	-3.30
sz300113	2683	-417	0	0	603.34	90237	18.26	18.63	18.06	18.77	1.53
sh601668	348356	359922	337975	0	44651.70	3156901	9.48	9.61	9.46	9.75	1.69
sh601669	-23669	-23589	-20524	0	-130.40	152647	7.49	7.45	7.42	7.54	-0.80
sh601666	-14770	-4949	1742	0	-1844.76	332101	6.93	6.84	6.78	6.98	-2.15
sz300023	500	0	0	0	111.97	11734	10.94	11.03	10.91	11.09	0.55
sz300027	-37747	-32386	-18819	0	-9645.86	574009	9.53	9.60	9.42	9.71	0.63
sz000676	-3523	-1530	0	0	-238.18	28328	11.35	11.15	11.13	11.40	-2.11
sz300335	-1900	1100	0	0	-2135.59	55011	17.13	16.95	16.73	17.22	-0.88
sz300336	-534	0	0	0	-168.99	44244	11.56	11.35	11.31	11.56	-1.65
sh600650	-900	0	0	0	-606.46	27621	15.34	15.04	14.95	15.49	-1.31
sh600312	-5020	1633	2000	0	-1374.06	64424	9.97	9.85	9.81	9.97	-1.01
sz002779	240	-3026	-3918	0	1282.60	66885	20.88	22.53	20.88	22.53	10.01
sz002775	-5755	-1000	0	0	-3598.69	66220	21.26	20.42	20.28	21.33	-4.36
sz002772	598	0	0	0	19.93	16076	10.98	10.86	10.79	10.98	-1.18
sz300244	-2123	-1000	0	0	-1540.94	43851	24.24	23.89	23.68	24.28	-2.01
sz002810	-772	0	0	0	-776.63	24769	24.27	24.70	24.25	24.94	1.86
sh600657	-12091	-5813	1087	0	-1027.91	204334	6.35	6.19	6.16	6.36	-2.06
sh603699	987	0	0	0	-54.19	14749	19.95	19.92	19.75	20.16	-0.35
sz002172	-3178	-1326	0	0	-227.50	27810	6.19	6.08	6.03	6.19	-1.78
sh603367	-56	1101	0	0	-2041.71	115477	21.05	20.17	19.80	21.15	-5.31
sh603365	-886	0	0	0	-665.31	45798	23.55	22.90	22.82	23.73	-3.38
sz002373	-15566	-6508	-5076	0	-2273.00	129549	14.80	14.54	14.41	14.86	-1.76
sz002372	-3577	0	0	0	559.10	59570	20.83	20.53	20.34	20.96	-2.05
sz002370	-600	0	0	0	163.70	11616	14.45	14.30	14.18	14.48	-0.56
sz002376	713	70	0	0	1381.76	77526	11.87	11.88	11.65	11.99	0.76
sz002375	-3637	1201	0	0	-62.61	50718	7.78	7.72	7.70	7.80	-0.90
sz002191	-31629	-30288	-24921	0	-2168.35	81477	9.30	9.21	9.19	9.33	-1.39
sz300438	-1201	0	0	0	-3992.40	51530	30.40	29.03	28.90	30.48	-5.07
sz002195	208416	143569	82238	0	7378.03	897197	6.05	6.30	6.03	6.35	3.96
sh603363	-8060	3660	4857	0	-2785.11	226827	17.97	17.21	16.71	18.16	-7.32
sz300632	-1300	0	0	0	-479.70	13894	22.52	21.84	21.52	22.52	-3.02
sz300635	179	0	0	0	169.29	23118	19.80	19.69	18.98	19.88	-0.66
sh603188	-901	0	0	0	-676.30	33125	16.68	16.46	16.38	16.69	-1.14
sz002513	-400	0	0	0	-17.34	12391	10.33	10.21	10.16	10.36	-1.16
sh603963	84	0	0	0	-548.84	53549	32.82	32.49	31.50	32.99	-2.64
sz002590	-3950	-2484	0	0	-1138.26	42341	13.36	13.19	13.11	13.48	-2.44
sh603969	-4176	763	0	0	-1022.57	164042	14.03	13.74	13.52	14.20	-3.38
sh603968	-985	0	0	0	-783.29	18988	19.67	19.19	19.05	19.67	-1.74
sz002518	505	0	0	0	-443.60	21547	17.31	17.39	17.25	17.64	0.06
sh600436	2134	563	0	0	5940.40	128992	73.30	72.43	71.33	74.68	0.49
sz000603	-6952	-4663	0	0	-611.85	64342	12.44	12.22	12.03	12.50	-2.86
sh603989	-7390	-4839	-3039	0	4271.63	80161	40.50	43.82	40.03	43.82	9.99
sh603980	-2050	0	0	0	-1853.49	38449	20.70	20.31	20.11	20.86	-1.98
sh603987	-3203	-1004	0	0	-354.75	38352	12.60	12.40	12.25	12.60	-1.90
sz000937	7255	13810	18399	0	680.54	243434	6.32	6.22	6.17	6.35	-1.58
sz000933	28241	14093	27907	0	-4238.40	998896	10.56	10.70	10.48	11.05	0.85
sz000932	-33591	-13288	-2567	0	-1546.55	397844	9.28	9.12	8.93	9.29	-1.41
sh600326	14997	24400	11313	0	4327.64	562216	10.34	10.61	10.21	10.69	2.31
sh600327	-5806	-1276	0	0	-96.92	24536	7.57	7.52	7.49	7.59	-0.92
sh600325	-60731	-45121	-25861	0	870.24	695644	8.47	8.40	8.26	8.62	-0.83
sz002203	3916	0	0	0	291.01	81001	8.00	7.94	7.93	8.12	-1.12
sz002202	-21970	-5747	-4031	0	-6793.68	286292	18.69	18.48	18.18	18.76	-1.86
sh600329	-1700	-1000	0	0	-495.16	26393	15.20	15.03	14.99	15.31	-1.44
sz002206	-7962	-1134	0	0	-677.07	56608	6.13	6.02	5.97	6.14	-1.79
sh600980	1431	0	0	0	43.53	29591	15.82	15.72	15.64	16.18	-1.32
sh600508	4396	1606	0	0	-289.02	79390	13.01	12.97	12.83	13.22	-0.84
sh600509	-9131	943	2648	0	-464.27	43631	6.94	6.89	6.84	6.94	-0.58
sh600502	-62134	-43791	-18871	0	-3248.73	294803	7.39	7.19	7.15	7.42	-2.04
sh600054	-4064	-1221	0	0	-992.83	34982	14.42	14.25	14.11	14.46	-1.18
sh600507	851	-1827	-15017	0	-1526.55	451341	14.75	14.87	14.35	15.10	-0.27
sh600056	-11431	608	0	0	-3732.92	180255	25.60	24.61	24.45	25.62	-4.50
sh600057	-3532	-1005	0	0	222.70	68115	8.08	8.03	7.97	8.11	-0.74
sh601900	-1176	0	0	0	-319.17	19815	11.70	11.49	11.46	11.70	-1.79
sh600185	-36451	-14151	-801	0	-763.83	219356	6.44	6.30	6.25	6.44	-1.72
sh600183	-18097	-17012	-19022	0	-3209.05	348640	17.89	17.53	17.07	17.89	-2.12
sz000733	-7279	0	0	0	-1738.17	53192	14.73	14.52	14.45	14.75	-1.56
sh601127	-6082	0	0	0	-1836.28	61316	20.06	20.16	19.45	20.24	0.50
sh600188	12371	11392	6101	0	-1668.00	476601	16.80	17.09	16.65	17.41	0.12
sh600618	-84	1000	0	0	-435.45	67564	11.92	11.70	11.58	11.92	-1.76
sh600619	-4858	1015	0	0	-957.76	54582	11.70	11.52	11.40	11.79	-2.62
sh600615	-562	0	0	0	-180.08	14944	13.44	13.17	13.03	13.44	-2.08
sh600612	-487	0	0	0	-1208.67	11978	42.49	41.84	41.60	42.49	-1.81
sh600611	-10561	-1455	0	0	-245.87	65279	5.08	5.08	5.05	5.10	-0.20
sz000598	-27682	-22003	-2046	0	-399.39	123805	5.47	5.45	5.42	5.48	-0.55
sz000591	-33083	-21859	-14322	0	-1168.71	164945	5.74	5.65	5.63	5.75	-1.57
sz000596	53	0	0	0	-1480.92	34737	70.00	70.10	68.54	70.30	-0.16
sz000021	63530	45198	22066	0	12580.48	645668	9.65	10.28	9.52	10.30	6.20
sz000780	-2584	938	0	0	-231.06	42304	5.11	5.10	5.05	5.13	-0.20
sz000023	-428	0	0	0	-12.50	12899	21.40	21.12	21.10	21.83	-1.35
sh601699	-40963	-33908	-21001	0	-13322.75	723793	12.68	12.51	12.30	12.96	-2.27
sz000027	-6316	-8175	-7372	0	-558.30	63706	6.13	6.15	6.10	6.15	0.16
sz000848	3021	3984	0	0	-280.24	111308	10.04	9.99	9.86	10.20	0.20
sz000783	-10080	-4375	1919	0	-332.28	219016	8.03	8.04	7.96	8.07	-0.25
sz300102	-10248	-3106	-3518	0	-1985.93	155863	9.65	9.64	9.48	9.71	-0.62
sh601678	-26459	-18624	-11937	0	-3078.93	222582	8.84	8.77	8.64	8.94	-1.57
sz300727	-5685	-3894	-2224	0	-2245.07	90250	30.60	30.11	29.97	31.43	-5.79
sh600545	2215	1195	0	0	178.62	74462	10.38	10.48	10.23	10.67	0.48
sh601588	-5233	4840	7003	0	-2553.42	233968	5.76	5.59	5.55	5.80	-2.78
sz300033	913	0	0	0	-1957.42	50724	51.49	51.69	51.22	52.80	0.64
sz300031	-995	0	0	0	-68.36	15404	16.13	16.08	16.01	16.32	-1.17
sz300039	-4761	-1010	0	0	-101.79	40704	6.47	6.40	6.35	6.48	-1.08
sz300327	-452	0	0	0	-387.37	30118	31.70	31.36	31.10	31.96	-1.17
sz300326	-1751	0	0	0	-19.82	30149	8.77	8.66	8.60	8.77	-1.25
sz300324	-2467	0	0	0	-1103.07	44432	14.32	14.25	13.88	14.32	-0.28
sz300323	1368	-3149	0	0	-570.08	161699	15.68	15.48	15.08	15.88	-1.46
sz300723	15500	10874	7303	0	-6361.40	206770	39.00	43.82	38.38	43.82	9.99
sz300726	119	1180	0	0	-2776.98	94870	31.60	31.06	30.16	32.20	-3.69
sz300258	-943	0	0	0	-270.07	17473	14.92	14.62	14.59	14.95	-2.01
sz002285	-25709	-16237	-7306	0	-8743.97	454577	11.67	11.47	11.28	11.86	-2.38
sz300252	-1000	0	0	0	-943.12	26051	16.50	16.16	16.09	16.50	-2.06
sz300251	-6311	-2047	0	0	35.44	176990	10.96	10.79	10.68	11.04	-1.28
sz000776	1116	9580	10923	0	231.80	380189	17.75	17.78	17.56	17.95	0.79
sz002521	-1523	-1054	0	0	-65.19	17106	9.35	9.23	9.18	9.37	-1.28
sz002527	208	0	0	0	-182.76	24473	10.04	9.94	9.93	10.10	-1.00
sh603421	-1880	-1952	0	0	-318.31	33910	26.32	26.85	26.06	27.00	2.05
sh603357	-2000	0	0	0	-1115.67	49410	22.31	22.10	21.85	22.57	-1.69
sz002443	31268	32058	25712	0	3753.74	166269	9.09	9.43	9.00	9.55	3.63
sz002695	-8560	-2428	0	0	-2901.66	66128	17.76	17.27	17.10	17.83	-2.32
sz002690	-2605	-1401	0	0	-1949.58	45605	18.53	17.92	17.92	18.59	-3.08
sz002343	-1023	0	0	0	-719.77	61558	34.23	32.99	32.55	34.23	-2.68
sz002699	2585	-33	0	0	331.22	37568	17.47	17.68	16.93	17.82	1.32
sz002444	-3918	-1352	0	0	-1169.31	79335	14.04	13.91	13.85	14.20	-1.00
sz300340	-406	0	0	0	-697.28	29357	58.94	56.83	56.58	58.94	-2.69
sz300641	662	0	0	0	-192.48	11176	14.78	14.43	14.31	14.84	-2.24
sz300487	2467	0	0	0	665.86	46706	17.20	17.66	17.15	17.75	3.03
sh603226	426	0	0	0	169.00	8120	29.52	29.30	28.70	29.53	-0.75
sh603225	-145	0	0	0	-2175.58	74676	40.10	39.57	39.39	40.63	-1.49
sh603229	-470	0	0	0	-296.47	16791	17.50	17.10	16.80	17.50	-2.73
sz000417	-9327	-2209	0	0	-742.58	52530	8.02	7.92	7.90	8.08	-1.74
sz002472	-11539	-2003	-2006	0	-2358.63	70053	9.85	9.47	9.38	9.85	-3.66
sh600028	669803	650713	575262	0	-6265.50	4694376	7.17	7.15	7.10	7.35	2.14
sz002223	-3957	41	0	0	772.22	84878	20.93	21.02	20.61	21.45	0.14
sz002111	-400	0	0	0	-355.02	14934	14.66	14.39	14.38	14.66	-1.44
sz002449	-11980	-12388	-3003	0	-1897.23	79364	18.00	17.50	17.41	18.00	-2.89
sh600345	-46	1050	0	0	-883.90	98454	31.72	30.96	30.44	31.72	-2.33
sz002612	418	0	0	0	322.58	20534	11.71	11.77	11.68	11.97	0.43
sz300408	-3691	-1526	-2205	0	-4407.86	118844	21.72	21.96	21.55	22.25	1.01
sh603808	-5037	-1011	0	0	-1215.20	29798	21.80	21.07	20.96	21.80	-3.35
sh600229	-1737	0	0	0	-147.57	22587	7.78	7.64	7.61	7.78	-1.42
sz000967	-9718	-62	0	0	-1225.99	63271	9.49	9.38	9.24	9.49	-0.95
sz000813	-3906	-1000	0	0	-658.56	57729	8.94	8.88	8.80	8.94	-1.22
sz300570	-1812	0	0	0	-1755.09	57231	21.39	21.16	20.73	21.54	-2.35
sh601198	-2660	0	0	0	-2906.55	81538	14.46	14.20	14.10	14.57	-2.14
sh600549	-11956	1239	2241	0	-13326.67	389563	27.30	26.39	26.03	27.49	-2.66
sz000980	-3836	-2147	0	0	-339.59	105547	12.21	12.07	12.00	12.22	-1.47
sz002016	550	4981	3803	0	139.88	211687	12.16	12.01	11.76	12.29	-0.66
sz002384	955	0	0	0	-3101.49	78950	30.15	30.00	29.34	30.40	-1.64
sz002479	-12146	-5347	2826	0	-66.44	84214	10.12	10.04	10.00	10.17	-1.47
sh600551	-2253	0	0	0	-304.65	15442	12.20	12.01	11.95	12.21	-1.56
sh600528	-3053	-690	0	0	-1234.53	112623	12.23	12.32	12.13	12.34	0.82
sh600638	-559	0	0	0	-436.78	24035	16.15	15.69	15.50	16.15	-1.88
sz002183	20188	16854	16465	0	469.18	279817	7.26	7.35	7.26	7.56	1.66
sh600400	9201	6200	0	0	307.23	42762	7.15	7.15	7.10	7.17	0.00
sh600406	-7755	-885	-2255	0	-3471.05	156501	18.03	17.80	17.72	18.07	-1.17
sh600081	2190	2000	2000	0	-16.85	33948	12.42	12.78	12.41	12.80	2.49
sz000822	-15643	-4692	-669	0	-2339.69	197090	9.63	9.56	9.43	9.64	-0.42
sh600908	3788	575	0	0	193.15	127072	8.20	8.19	8.13	8.24	0.37
sh600303	-5785	-1041	0	0	-732.32	60250	9.36	9.20	9.11	9.41	-2.13
sz300481	473	0	0	0	-205.05	16281	22.20	21.87	21.61	22.22	-1.58
sh603099	-423	0	0	0	-159.03	11062	12.23	11.99	11.91	12.24	-1.96
sz300160	-3405	1394	2010	0	-619.42	38955	7.82	7.68	7.60	7.82	-1.29
sh603377	-600	0	0	0	-385.05	11209	40.43	40.47	39.93	40.49	-0.07
sh600886	28997	12388	589	0	-5386.08	412966	7.33	7.40	7.29	7.42	0.82
sz000728	-17536	-12430	-4131	0	-4101.38	195291	11.10	10.91	10.90	11.22	-1.89
sz002179	-2728	-1338	0	0	-5187.54	97938	38.62	38.10	37.40	38.83	-1.17
sh600338	0	0	0	0	-685.34	30718	42.51	42.06	41.78	42.92	-2.73
sz002757	0	0	0	0	-321.83	6641	37.60	37.68	36.87	38.70	-0.84
sh603508	0	0	0	0	-133.74	5007	38.79	38.28	38.02	38.79	-1.39
sh603507	0	0	0	0	-1030.52	26423	40.10	39.46	39.00	40.59	-2.21
sz300658	0	0	0	0	24.18	5625	30.41	29.52	29.32	30.57	-3.56
sz300655	0	0	0	0	-251.81	13427	28.38	27.52	27.04	28.39	-2.48
sz300653	0	0	0	0	46.05	4231	34.19	33.74	33.11	34.19	-1.55
sz300652	0	0	0	0	-120.64	6868	28.28	27.50	27.21	28.28	-2.10
sz300651	0	0	0	0	228.86	6124	33.19	33.81	33.10	34.06	1.23
sz300650	0	0	0	0	-332.69	6461	37.60	36.56	36.11	37.81	-3.33
sh600850	0	0	0	0	-153.25	14382	19.27	19.35	19.08	19.39	0.26
sh603238	0	0	0	0	-471.50	11235	22.35	21.69	21.56	22.35	-2.82
sh603233	0	0	0	0	-160.08	6642	52.30	51.51	51.13	52.53	-1.62
sz002530	0	0	0	0	-102.46	5492	23.45	23.44	23.24	23.52	0.73
sh603726	0	0	0	0	-116.96	5816	31.35	30.73	30.50	31.40	-2.10
sh603722	0	0	0	0	-1236.64	31711	38.91	36.83	36.29	39.13	-6.21
sh603721	0	0	0	0	-429.96	14260	27.00	26.17	25.80	27.00	-3.04
sh603658	0	0	0	0	90.54	5371	50.96	50.25	50.00	50.96	-1.20
sh603656	0	0	0	0	-239.50	6420	30.43	30.03	29.80	30.55	-1.70
sz002829	0	0	0	0	-541.85	10856	27.11	26.76	26.73	27.11	-1.44
sz002820	0	0	0	0	-241.14	6970	25.81	25.15	24.94	25.81	-2.78
sz002827	0	0	0	0	-28.91	15374	18.35	18.41	18.27	18.74	-0.43
sz300453	0	0	0	0	-368.95	9213	16.69	16.07	15.91	16.69	-3.77
sz002825	0	0	0	0	-263.56	9285	25.53	24.77	24.65	25.54	-2.40
sh603683	0	0	0	0	-630.55	32032	20.46	19.59	19.51	20.49	-4.44
sh603536	0	0	0	0	-91.80	10752	19.72	19.64	19.25	20.29	-0.91
sh603535	0	0	0	0	-189.83	16466	26.09	25.47	25.26	26.33	-2.90
sh603538	0	0	0	0	-108.51	5801	27.32	26.59	26.20	27.32	-2.53
sz300569	0	0	0	0	-115.80	12469	22.89	22.30	22.04	22.89	-1.85
sz002324	0	0	0	0	5.27	2804	23.76	23.82	23.46	23.82	0.08
sh603396	0	0	0	0	-49.98	27265	42.39	43.17	41.83	43.79	1.03
sz300662	0	0	0	0	-526.57	8922	24.25	23.78	23.60	24.29	-1.94
sz300660	0	0	0	0	-139.46	4678	67.44	66.65	66.13	67.48	-0.69
sz300665	0	0	0	0	-174.96	10552	28.14	27.24	27.20	28.14	-2.23
sz300669	0	0	0	0	138.27	7682	24.40	23.86	23.69	24.40	-2.21
sh603716	0	0	0	0	-9.13	3007	50.44	49.80	49.60	50.80	-1.27
sz002789	0	0	0	0	-470.58	7739	40.40	39.80	39.10	40.40	-1.39
sh603086	0	0	0	0	-75.11	6679	37.78	36.64	36.38	37.78	-2.66
sh603883	0	0	0	0	-162.38	7923	65.50	64.35	63.77	66.18	-2.75
sh603203	0	0	0	0	-238.66	4742	39.35	39.19	38.80	39.35	-0.78
sh603887	0	0	0	0	-8.86	4736	25.88	25.73	25.53	26.09	-0.73
sh603669	0	0	0	0	50.91	11534	19.80	19.37	19.25	19.81	-2.96
sh603667	0	0	0	0	-165.03	5362	21.81	21.68	21.45	22.14	-0.46
sh603888	0	0	0	0	-248.51	13056	23.53	23.31	23.20	23.64	-1.19
sh603665	0	0	0	0	257.82	13267	34.73	35.61	34.70	35.80	2.53
sh603663	0	0	0	0	45.05	6074	20.48	19.96	19.86	20.48	-2.54
sh603977	0	0	0	0	299.04	12573	13.68	13.73	13.39	13.79	0.37
sh603869	0	0	0	0	-55.20	9329	21.50	21.18	21.09	21.57	-1.40
sh603860	0	0	0	0	158.56	11504	36.25	36.39	35.82	36.90	-0.93
sh603861	0	0	0	0	-239.03	11570	17.18	16.93	16.90	17.46	-2.48
sz002815	0	0	0	0	-706.70	10288	30.87	30.18	30.15	30.94	-2.24
sz002811	0	0	0	0	-124.16	9607	19.68	19.10	19.03	19.69	-2.80
sz300688	0	0	0	0	-598.24	11129	53.21	51.57	51.18	53.38	-2.66
sz300689	0	0	0	0	-511.91	9191	43.26	41.53	41.01	43.26	-3.19
sz300681	0	0	0	0	1.95	8171	52.13	50.89	50.09	52.13	-2.38
sz300683	0	0	0	0	-1102.64	13162	55.80	54.08	53.51	55.91	-3.12
sz300687	0	0	0	0	389.75	10248	47.69	47.71	46.81	48.17	0.85
sz000524	0	0	0	0	-56.48	8938	11.58	11.49	11.49	11.65	-0.78
sh603527	0	0	0	0	-924.18	30342	28.94	27.93	27.75	28.95	-4.09
sh603416	0	0	0	0	-71.80	3622	32.35	31.72	31.56	32.35	-1.73
sz300518	0	0	0	0	-116.27	3377	50.59	50.06	49.60	50.59	-1.07
sh600167	0	0	0	0	-68.39	13859	24.30	24.43	23.90	24.61	0.08
sz300510	0	0	0	0	349.67	8633	26.51	26.82	26.35	27.00	1.21
sz300514	0	0	0	0	-256.90	10365	28.03	27.00	26.39	28.03	-3.19
sz300516	0	0	0	0	-90.52	3422	45.72	44.78	44.00	45.72	-1.63
sz300517	0	0	0	0	-74.98	6517	19.35	18.92	18.92	19.55	-3.22
sz300512	0	0	0	0	-21.45	7117	17.78	17.66	17.60	17.90	-0.67
sh603380	0	0	0	0	-268.71	17552	20.56	20.07	19.80	20.57	-2.43
sh603383	0	0	0	0	139.07	8748	43.50	43.61	43.08	44.46	-0.07
sh603387	0	0	0	0	-1377.29	14727	58.85	57.24	56.85	59.59	-3.05
sz300677	0	0	0	0	-46.91	23658	59.00	57.94	56.70	59.00	-1.85
sz300670	0	0	0	0	-425.59	13340	22.55	21.87	21.60	22.58	-1.97
sz300673	0	0	0	0	-199.33	6667	43.78	42.09	42.01	43.94	-3.66
sz300473	0	0	0	0	644.67	20503	40.18	41.81	39.88	42.44	5.69
sh603701	0	0	0	0	-6.40	6838	18.93	18.67	18.55	19.09	-1.79
sz002790	0	0	0	0	-20.46	5100	26.75	26.70	26.47	27.15	-0.37
sz002796	0	0	0	0	-149.51	14052	31.53	31.00	30.28	31.71	-1.52
sz002798	0	0	0	0	-767.95	4749	52.89	51.60	51.55	52.93	-1.81
sh603090	0	0	0	0	-152.38	8945	20.04	20.12	19.50	20.30	0.40
sh603679	0	0	0	0	322.11	8892	25.94	25.75	25.24	25.94	-1.53
sz002800	0	0	0	0	-419.50	9357	30.67	29.85	29.59	30.88	-2.64
sz002803	0	0	0	0	-38.88	1453	43.50	43.56	43.14	43.88	0.11
sz002802	0	0	0	0	38.23	7515	28.68	28.36	28.13	28.95	-1.36
sh600381	0	0	0	0	-46.60	23627	10.53	10.45	10.38	10.56	-1.32
sz300693	0	0	0	0	-726.72	14373	35.37	34.10	34.05	35.80	-4.43
sz300690	0	0	0	0	-442.60	7171	57.86	56.38	55.48	57.88	-2.02
sh600729	0	0	0	0	-254.60	21376	25.17	24.70	24.60	25.32	-2.29
sz002795	0	0	0	0	-16.50	19022	16.07	15.67	15.54	16.07	-3.27
sh603879	0	0	0	0	-18.65	11511	20.25	20.24	20.05	20.41	-0.05
sh603096	0	0	0	0	4.77	9502	61.60	59.59	59.01	62.15	-3.17
sz300219	0	0	0	0	25.37	27825	11.85	11.56	11.46	11.85	-2.45
sz300509	0	0	0	0	1.92	13407	28.90	26.30	25.75	28.90	-1.13
sz300505	0	0	0	0	-298.26	11553	30.66	30.30	29.92	30.88	-1.66
sz300447	0	0	0	0	-120.86	6777	19.18	18.88	18.82	19.36	-1.51
sz300445	0	0	0	0	62.28	5426	15.91	15.68	15.50	15.91	-0.44
sh603266	0	0	0	0	11.85	6374	26.10	25.46	25.10	26.10	-2.45
sz300443	0	0	0	0	377.90	10795	16.49	16.25	16.06	16.59	-1.16
sh603268	0	0	0	0	-82.56	3048	27.96	27.44	27.19	28.38	-1.72
sh603060	0	0	0	0	-77.17	8717	22.20	21.72	21.61	22.26	-1.85
sh603286	0	0	0	0	547.27	11591	38.19	38.46	37.53	38.60	0.71
sh603179	0	0	0	0	-340.75	9477	37.23	36.45	36.00	37.40	-2.46
sz002878	0	0	0	0	-194.69	9190	35.90	35.02	34.60	36.19	-3.02
sh603116	0	0	0	0	-46.96	11342	15.61	15.42	15.39	15.61	-1.34
sh600137	0	0	0	0	-160.07	23222	24.53	24.02	23.91	24.59	-2.16
sh600640	0	0	0	0	77.31	12807	14.75	14.59	14.51	14.75	-0.75
sz300042	0	0	0	0	-85.05	1899	31.51	31.52	31.31	31.74	-0.54
sh603878	0	0	0	0	-663.51	21934	17.10	16.56	16.52	17.10	-3.16
sz300227	0	0	0	0	-25.49	14903	21.52	21.63	21.37	21.76	0.28
sz002315	0	0	0	0	-224.77	11471	21.92	21.81	21.62	22.16	-0.50
sz300535	0	0	0	0	-437.57	7949	36.81	35.77	35.60	36.86	-2.90
sz300532	0	0	0	0	-209.05	12701	24.30	23.98	23.79	24.60	-0.70
sz300533	0	0	0	0	4.82	4935	50.30	49.90	49.00	50.39	-0.99
sz300530	0	0	0	0	-8.97	1392	36.49	35.98	35.58	36.58	-1.40
sz002462	0	0	0	0	-258.25	19046	28.08	27.59	27.33	28.08	-1.46
sz002867	0	0	0	0	-297.41	12812	28.60	28.38	28.15	28.89	-1.05
sz002866	0	0	0	0	-156.50	9287	35.78	36.53	35.50	36.89	2.61
sz002862	0	0	0	0	-206.98	4870	28.58	27.44	27.15	28.71	-4.39
sh603858	0	0	0	0	-2169.68	28389	52.38	51.49	51.03	52.38	-1.76
sz002869	0	0	0	0	-19.93	8646	30.43	30.12	29.85	30.60	-1.99
sz002868	0	0	0	0	-87.15	7500	24.70	24.01	23.81	24.70	-2.40
sz300237	0	0	0	0	679.59	20770	16.36	16.21	16.17	16.66	-0.92
sz300521	0	0	0	0	-372.54	16196	15.40	15.17	15.09	15.46	-2.13
sh603042	0	0	0	0	382.62	19682	28.18	27.89	27.30	28.18	-1.06
sh603043	0	0	0	0	-786.50	20442	19.70	19.22	19.14	19.72	-2.54
sh603041	0	0	0	0	51.18	7382	22.55	22.33	22.03	22.64	-0.98
sz002859	0	0	0	0	-394.37	15731	34.11	34.24	34.11	34.92	0.00
sz002852	0	0	0	0	-404.23	12709	33.90	32.80	32.61	33.90	-3.22
sz002850	0	0	0	0	-506.93	8882	62.37	61.11	60.91	62.56	-2.11
sz002857	0	0	0	0	-32.07	6277	28.69	27.85	27.71	28.99	-2.93
sh603825	0	0	0	0	46.42	7398	30.58	30.48	29.80	30.59	0.03
sh603823	0	0	0	0	-139.30	18997	16.55	15.91	15.81	16.55	-2.81
sh603139	0	0	0	0	-187.46	22551	26.50	26.82	25.72	26.98	0.45
sh603136	0	0	0	0	-70.22	11876	43.19	41.94	41.36	43.63	-1.87
sh603133	0	0	0	0	-23.41	18468	33.22	32.41	32.10	33.60	-2.41
sh603131	0	0	0	0	-249.56	13369	21.05	20.34	20.25	21.16	-3.37
sh603197	0	0	0	0	-900.75	12883	54.63	52.18	52.02	54.63	-4.92
sz002778	0	0	0	0	45.23	7375	25.13	25.26	24.93	25.69	0.56
sh601579	0	0	0	0	-94.13	15388	12.11	12.13	11.95	12.22	-0.41
sz300522	0	0	0	0	-92.74	7461	20.70	20.30	20.20	20.70	-1.55
sz300526	0	0	0	0	-214.11	16414	18.73	18.20	17.97	18.73	-2.15
sz002669	0	0	0	0	-17.46	11928	23.65	23.81	23.63	24.04	-0.96
sz002664	0	0	0	0	-19.36	12691	26.99	26.81	26.75	27.11	-0.70
sz300554	0	0	0	0	-110.91	6858	60.89	59.40	58.39	61.24	-3.07
sz300550	0	0	0	0	-100.54	3374	30.68	30.40	30.28	30.87	-1.39
sz300553	0	0	0	0	-90.42	1676	40.86	40.34	40.02	40.86	-1.56
sz300558	0	0	0	0	1071.70	14363	62.61	63.01	62.23	63.30	0.02
sz300559	0	0	0	0	1.48	1401	38.29	37.74	37.54	38.45	-1.46
sz300439	0	0	0	0	-163.56	9746	19.35	19.03	18.95	19.40	-1.30
sz002595	0	0	0	0	-119.47	6349	19.11	19.00	18.93	19.18	-0.58
sh603586	0	0	0	0	-81.84	10034	24.64	23.95	23.88	24.64	-2.68
sh603585	0	0	0	0	-294.79	6629	32.70	32.21	32.01	32.83	-1.83
sh603580	0	0	0	0	-94.17	6338	30.74	30.04	29.60	30.79	-2.28
sh603903	0	0	0	0	-133.18	19653	39.70	39.09	38.88	40.80	-1.56
sh603906	0	0	0	0	-66.30	11340	15.37	14.97	14.88	15.46	-2.60
sh603909	0	0	0	0	21.56	1380	31.85	31.45	31.30	32.17	-0.94
sz002287	0	0	0	0	-233.93	14629	36.80	36.35	36.10	37.18	-1.76
sh603633	0	0	0	0	-23.80	6045	17.98	17.63	17.50	17.98	-1.51
sz002116	0	0	0	0	-308.88	16508	10.83	10.67	10.62	10.87	-1.66
sh603129	0	0	0	0	-420.30	17436	27.16	26.15	25.71	27.18	-3.72
sh600233	0	0	0	0	-76.29	22836	17.20	17.03	17.00	17.28	-0.93
sh600697	0	0	0	0	-926.18	16156	25.97	25.49	25.36	26.00	-2.00
sz300338	0	0	0	0	-29.49	4798	20.39	20.34	20.01	20.55	-0.05
sh600566	0	0	0	0	-589.07	24349	40.34	40.33	40.08	40.90	-0.62
sz300547	0	0	0	0	-202.35	4259	49.80	48.48	48.07	49.80	-2.42
sz300546	0	0	0	0	-85.93	7348	21.02	20.67	20.46	21.04	-1.81
sz300545	0	0	0	0	61.74	3145	61.54	61.98	60.80	61.98	1.36
sz300543	0	0	0	0	-44.59	12766	29.20	29.60	29.06	29.90	0.51
sz300549	0	0	0	0	44.83	6211	21.30	20.81	20.65	21.34	-1.98
sz300548	0	0	0	0	-184.97	5365	48.48	47.21	47.00	48.48	-2.01
sz002728	0	0	0	0	265.33	14199	18.60	18.55	18.34	18.65	-0.32
sh603025	0	0	0	0	-133.19	8417	30.18	30.51	30.01	30.63	1.03
sh603026	0	0	0	0	-507.20	22841	24.97	24.32	24.08	24.99	-2.84
sh603027	0	0	0	0	-245.82	13360	19.58	19.31	19.12	19.73	-1.03
sz002627	0	0	0	0	-156.25	7075	18.31	18.19	18.12	18.31	-0.38
sh603936	0	0	0	0	-611.61	14021	24.53	24.06	23.88	24.69	-1.76
sz300717	0	0	0	0	-864.54	22047	37.35	36.15	35.51	37.58	-3.86
sz300715	0	0	0	0	-257.02	11779	33.70	32.71	32.52	33.95	-3.22
sz300712	0	0	0	0	-891.63	31689	24.33	23.51	23.21	24.58	-4.35
sz300710	0	0	0	0	-723.69	14847	42.32	40.66	40.00	42.32	-3.99
sh603336	0	0	0	0	95.07	20405	23.03	22.48	22.10	23.42	-2.73
sh603157	0	0	0	0	103.77	40075	17.15	16.87	16.63	17.15	-1.98
sh603158	0	0	0	0	25.97	2126	18.32	18.48	18.32	18.54	0.16
sh603159	0	0	0	0	-126.81	8355	25.35	24.63	24.52	25.35	-2.65
sh601799	0	0	0	0	-235.19	5566	52.37	50.87	50.80	52.47	-3.10
sz300395	0	0	0	0	-221.00	13612	16.33	16.20	16.10	16.44	-0.74
sz002602	0	0	0	0	566.97	22530	35.05	35.04	34.61	35.48	0.55
sz300575	0	0	0	0	74.61	6669	40.29	40.22	39.60	40.75	0.02
sz300501	0	0	0	0	-181.41	3461	35.19	34.20	33.98	35.30	-2.79
sz002732	0	0	0	0	43.87	13662	28.01	27.98	27.84	28.45	-0.57
sz002731	0	0	0	0	-15.04	7463	18.31	18.12	17.88	18.31	-1.04
sh603033	0	0	0	0	-44.17	5198	18.76	18.33	18.26	18.77	-2.34
sh600969	0	0	0	0	-146.57	12695	12.62	12.47	12.42	12.62	-1.19
sz300701	0	0	0	0	-761.27	21761	37.68	37.08	36.48	38.00	-3.64
sz300702	0	0	0	0	-923.93	21939	43.01	42.36	41.53	43.17	-2.55
sz300707	0	0	0	0	-1152.33	22684	46.53	44.49	43.90	46.99	-5.60
sh603326	0	0	0	0	-143.14	8754	19.62	19.10	19.01	19.62	-2.65
sh603496	0	0	0	0	-582.93	11213	33.19	32.50	32.12	33.39	-2.81
sh603499	0	0	0	0	-138.91	15774	24.37	23.50	23.30	24.37	-3.77
sh603328	0	0	0	0	205.07	32098	15.24	15.17	14.92	15.26	-0.46
sh603811	0	0	0	0	-245.09	15839	32.82	31.72	31.00	32.82	-2.88
sh603813	0	0	0	0	-523.46	20295	30.28	28.88	28.61	30.28	-4.66
sh603928	0	0	0	0	-292.19	15518	15.35	14.99	14.81	15.36	-2.47
sh600211	0	0	0	0	37.58	8380	34.60	34.46	34.28	35.11	-1.32
sh600785	0	0	0	0	-101.79	3497	21.29	20.91	20.78	21.39	-1.78
sz002735	0	0	0	0	-258.36	3588	33.05	32.01	31.92	33.05	-3.03
sz300561	0	0	0	0	-196.73	4377	32.89	32.55	32.12	32.94	-1.33
sz300560	0	0	0	0	-659.41	14977	34.28	33.53	33.20	34.28	-2.19
sz300563	0	0	0	0	-94.66	2805	31.03	30.63	30.61	31.03	-1.29
sh603798	0	0	0	0	-88.22	7279	17.60	17.25	17.00	17.70	-1.15
sh603556	0	0	0	0	-231.34	8087	36.36	35.70	35.59	36.46	-1.87
sz002144	0	0	0	0	-137.20	9414	14.25	14.07	14.01	14.28	-1.26
sh603313	0	0	0	0	269.49	11965	26.26	26.65	25.91	26.72	1.02
sh603319	0	0	0	0	-175.30	5993	29.55	29.00	28.77	29.55	-2.06
sz002896	0	0	0	0	-1767.74	20305	41.19	39.30	38.90	41.19	-4.89
sz002890	0	0	0	0	-118.48	8642	34.42	33.20	32.60	34.42	-3.49
sz002891	0	0	0	0	211.94	10104	34.60	34.57	34.34	35.30	0.09
sh603178	0	0	0	0	27.36	9401	14.63	14.57	14.44	14.72	-0.82
sh603959	0	0	0	0	-106.46	7185	32.49	32.70	32.00	32.77	0.86
sh603955	0	0	0	0	-181.37	10541	41.69	40.74	40.40	42.03	-2.49
sz300619	0	0	0	0	-797.85	12746	44.67	42.98	42.50	44.67	-3.22
sh603776	0	0	0	0	39.49	18285	61.50	62.31	61.20	63.56	0.27
sh603777	0	0	0	0	-446.35	14460	27.33	26.76	26.62	27.35	-2.01
sz300576	0	0	0	0	-61.31	6006	17.09	16.85	16.65	17.20	-1.92
sh600379	0	0	0	0	128.59	9197	11.18	11.11	11.01	11.23	-0.63
sh600419	0	0	0	0	-628.36	6527	46.34	44.91	44.66	46.34	-3.11
sz002876	0	0	0	0	-1409.55	22650	64.76	63.85	63.01	67.18	-1.37
sz002877	0	0	0	0	-569.95	21253	22.87	22.28	21.88	22.99	-2.92
sz002871	0	0	0	0	-105.78	5378	35.22	34.57	34.31	35.35	-2.67
sz002873	0	0	0	0	-2023.90	15131	41.64	40.10	39.60	41.99	-4.75
sz300357	0	0	0	0	-101.18	9612	47.02	46.80	46.20	47.28	-1.16
sz002718	0	0	0	0	69.72	2258	46.26	45.83	45.55	46.26	-0.37
sh603010	0	0	0	0	-297.24	15717	27.02	26.36	26.33	27.04	-2.62
sh603018	0	0	0	0	-84.86	6170	28.01	27.91	27.72	28.01	-0.43
sz002880	0	0	0	0	-242.02	8177	57.04	56.33	55.68	57.46	-1.42
sh603305	0	0	0	0	-1134.69	20664	37.16	36.66	35.89	37.28	-1.95
sh603306	0	0	0	0	55.37	5937	28.80	28.41	28.30	28.87	-0.94
sz300617	0	0	0	0	-107.89	3905	50.89	49.59	49.04	50.91	-2.63
sh603767	0	0	0	0	-260.66	21323	15.38	14.87	14.82	15.46	-3.32
sz002881	0	0	0	0	-404.72	12322	28.80	28.03	27.61	28.80	-2.94
sz002885	0	0	0	0	-611.61	13370	36.75	36.20	35.52	36.80	-2.58
sz002884	0	0	0	0	-79.65	6961	52.60	51.18	50.80	52.65	-2.70
sz002905	0	0	0	0	-393.84	17344	36.19	34.99	34.83	36.19	-3.21
sz300703	0	0	0	0	-409.07	13377	33.80	33.34	32.80	33.94	-2.26
sz300294	0	0	0	0	447.67	8853	30.79	31.05	30.76	31.12	0.84
sz002788	0	0	0	0	-576.78	13694	29.85	29.19	29.08	29.88	-2.57
sz002769	0	0	0	0	32.00	13863	14.62	14.28	14.01	14.62	-0.70
sz002763	0	0	0	0	-336.50	11861	13.93	13.63	13.56	13.93	-2.43
sh603688	0	0	0	0	346.29	19845	15.47	16.02	15.23	16.04	3.49
sz002186	0	0	0	0	-450.70	12278	18.13	17.90	17.82	18.20	-1.05
sz300626	0	0	0	0	36.77	1960	28.67	28.55	28.45	30.96	-0.42
sz300625	0	0	0	0	141.38	14624	25.31	25.30	24.99	25.43	0.08
sz300620	0	0	0	0	-273.88	9484	38.09	36.74	36.51	38.09	-3.34
sh603199	0	0	0	0	-357.05	5817	30.93	29.96	29.90	30.93	-3.14
sh603200	0	0	0	0	365.92	6507	40.46	40.70	40.01	41.09	0.37
sh603976	0	0	0	0	-104.55	17180	27.85	27.44	27.00	27.85	-2.03
sh603757	0	0	0	0	-233.63	4636	59.80	58.42	58.02	59.95	-1.98
sh603990	0	0	0	0	-19.66	2955	38.79	37.90	37.76	38.79	-1.56
sh603518	0	0	0	0	28.66	6093	19.71	19.39	19.30	19.78	-1.97
sh601595	0	0	0	0	-276.27	17076	20.51	20.20	20.18	20.79	-2.08
sh603515	0	0	0	0	-1.95	13901	44.20	43.15	42.91	44.37	-2.51
sh603569	0	0	0	0	76.68	7603	25.08	24.78	24.59	25.38	-1.24
sh603568	0	0	0	0	-197.86	20390	21.88	21.75	21.62	21.91	-0.78
sz002817	0	0	0	0	282.13	6393	31.00	30.89	30.50	31.18	-0.80
sz002776	0	0	0	0	278.78	10044	19.86	20.37	19.80	20.63	0.89
sz002771	0	0	0	0	-158.97	13496	18.90	18.60	18.40	19.09	-2.77
sz300246	0	0	0	0	-417.89	9495	20.71	20.36	20.21	20.72	-1.97
sz002173	0	0	0	0	-91.01	7823	13.17	13.02	13.01	13.20	-0.38
sh603360	0	0	0	0	-145.74	6689	22.24	21.80	21.60	22.34	-1.98
sz300631	0	0	0	0	-213.94	13553	23.31	23.23	23.04	24.04	0.04
sz300637	0	0	0	0	-9.09	4576	21.08	20.36	20.20	21.08	-3.19
sz300636	0	0	0	0	-81.00	8831	31.06	30.70	30.21	31.29	-2.23
sh603181	0	0	0	0	-384.83	38015	24.40	23.60	23.31	24.40	-3.56
sh603960	0	0	0	0	-493.14	8242	29.50	28.38	28.00	29.58	-4.44
sh600053	0	0	0	0	-5.91	8744	24.23	24.05	23.96	24.46	-1.96
sz000028	0	0	0	0	490.76	17828	60.04	61.14	59.82	61.14	1.82
sh603758	0	0	0	0	9.31	21644	13.70	13.40	13.28	13.78	-2.55
sh603908	0	0	0	0	-18.40	3740	36.15	34.96	34.86	36.15	-3.18
sz300721	0	0	0	0	-1452.05	29342	37.96	36.45	36.00	37.99	-3.93
sz002748	0	0	0	0	-414.12	18820	15.19	14.98	14.94	15.22	-1.96
sz002749	0	0	0	0	-285.51	4781	65.70	64.28	64.12	65.99	-2.22
sh603355	0	0	0	0	-81.27	7178	45.46	44.79	44.40	45.79	-1.32
sh603359	0	0	0	0	-399.09	15733	34.64	33.60	33.30	34.76	-2.52
sh603768	0	0	0	0	-66.49	12298	18.52	18.11	18.04	18.77	-2.63
sz300648	0	0	0	0	-298.75	3132	66.80	63.80	63.00	66.80	-3.60
sz300640	0	0	0	0	-99.27	5927	25.32	24.80	24.51	25.41	-2.75
sz300488	0	0	0	0	12.12	2061	31.50	30.80	30.69	31.50	-1.79
sz300486	0	0	0	0	-302.42	8582	20.29	20.03	20.00	20.47	-1.28
sz300484	0	0	0	0	-577.07	12110	21.10	20.81	20.60	21.20	-2.57
sh603730	0	0	0	0	629.98	21328	35.00	35.72	34.16	36.00	1.74
sh603738	0	0	0	0	-22.94	2384	24.70	23.72	23.57	24.70	-2.75
sh603098	0	0	0	0	-98.38	11864	17.83	17.76	17.61	18.03	-1.39
sz002861	0	0	0	0	-367.66	13474	26.84	26.47	26.20	27.00	-2.14
sz002860	0	0	0	0	-295.72	11405	42.95	41.49	40.65	42.95	-2.95
sz000985	0	0	0	0	34.07	9783	20.68	20.60	20.40	20.98	-0.29
sz300430	0	0	0	0	-503.10	9048	19.78	19.35	19.05	19.79	-1.73
sz002441	0	0	0	0	-103.61	19463	10.14	9.99	9.95	10.14	-1.67
sh603368	0	0	0	0	-82.84	9243	48.10	47.67	47.58	48.37	-0.85
sz300401	0	0	0	0	-814.65	12649	44.69	44.62	44.21	45.08	-0.49
sh603339	0	0	0	0	-87.98	15215	23.78	23.33	23.07	23.83	-1.89
sh603806	0	0	0	0	-34.37	8505	35.36	34.30	34.15	35.58	-2.89
sz300573	0	0	0	0	9.17	4753	24.80	24.50	24.21	24.98	-1.69
sz300571	0	0	0	0	-201.19	5847	47.39	46.51	46.36	47.40	-1.00
sh603031	0	0	0	0	15.60	4685	24.35	24.04	23.99	24.57	-2.12
sh603926	0	0	0	0	-272.20	9355	26.90	26.19	26.06	26.95	-2.82
sz000639	0	0	0	0	5.92	11576	19.28	19.06	18.92	19.28	-1.35
sz300385	0	0	0	0	-236.10	7753	24.97	24.44	24.32	24.99	-1.77
sh603007	0	0	0	0	25.26	16245	12.88	12.80	12.50	12.91	-0.47
sz002090	0	0	0	0	326.93	6654	22.22	22.19	22.05	22.46	0.45
sh603316	0	0	0	0	-81.22	13664	14.43	14.01	13.82	14.48	-2.91
sz002897	0	0	0	0	-714.37	18483	38.01	36.62	36.40	38.36	-4.14
sh603309	0	0	0	0	-140.80	6369	18.01	17.71	17.55	18.11	-1.67
sz002393	0	0	0	0	-169.39	8211	32.02	31.87	31.63	32.23	-1.12
sh603165	0	0	0	0	-1091.56	18496	58.95	56.98	56.58	58.99	-3.14
sz002888	0	0	0	0	36.11	6768	27.20	26.58	26.28	27.20	-2.10
sz300347	0	0	0	0	-276.51	15627	35.15	34.49	34.22	35.75	-2.27
sz300627	0	0	0	0	500.58	13227	46.91	46.90	46.33	47.25	0.88
sz300622	0	0	0	0	-67.49	6136	25.61	25.20	24.91	25.65	-1.25
sh600889	0	0	0	0	145.20	19477	8.73	8.65	8.62	8.76	-1.59
sh603991	0	0	0	0	62.81	4227	27.96	27.30	27.01	28.04	-2.15
sz002777	0	0	0	0	181.93	6317	33.51	34.06	33.28	34.46	1.98
sz300638	0	0	0	0	-558.46	20074	42.77	41.68	40.52	42.77	-1.86
sz300633	0	0	0	0	-234.61	8216	26.68	26.95	26.66	27.06	-0.30
sz300435	0	0	0	0	11.52	5072	15.94	15.78	15.60	15.94	-0.44
sh603183	0	0	0	0	-70.81	24312	41.35	40.33	40.20	41.40	-3.38
sh603985	0	0	0	0	-110.39	5461	37.50	36.78	36.51	37.67	-2.02
sh603519	0	0	0	0	8.22	2793	20.86	20.69	20.60	20.94	-0.81
sz002696	0	0	0	0	-126.78	8728	17.60	17.69	17.40	17.73	-0.23
sz300647	0	0	0	0	-66.72	9535	19.40	19.05	18.80	19.51	-2.16
sh603223	0	0	0	0	-52.14	3567	23.46	23.66	23.22	23.67	0.85
