sz000901	-509	0	0	0	-315.47	37046	23.10	23.12	22.85	23.24	-0.04
sh601628	-14764	-1738	-2836	0	-5537.40	256209	31.30	30.93	30.71	31.56	-0.64
sh600993	-6814	-1427	0	0	-860.49	55043	21.17	20.94	20.82	21.17	-1.13
sh600995	-4405	0	0	0	-331.29	27558	9.22	9.16	9.12	9.23	-0.11
sh600338	-2286	0	0	0	-1538.67	29900	39.00	38.83	38.40	39.31	-1.42
sh600048	-171106	-121496	-86754	0	-15757.80	1929381	17.78	17.84	17.70	18.40	0.51
sh600511	-2512	0	0	0	-2473.04	39837	27.26	27.07	27.00	27.26	-1.02
sz002832	0	0	0	0	127.62	2370	59.00	59.83	58.00	60.60	3.60
sh601116	-1373	-1818	0	0	313.75	45203	20.87	20.90	20.66	21.13	0.58
sh601117	-72238	-47182	-33256	0	-6658.22	339763	7.50	7.38	7.26	7.51	-1.60
sh600426	-25834	-9243	-6160	0	-522.81	243289	19.09	19.17	19.04	19.73	-1.08
sz000987	280	3371	3310	0	-293.11	58196	10.40	10.37	10.32	10.60	-0.29
sz000877	-40706	-16594	-8413	0	-3566.38	249583	11.71	11.65	11.47	11.77	0.00
sh601800	-28145	-5717	3378	0	-6429.55	326446	14.45	14.35	14.15	14.74	-0.83
sh601801	84	3287	0	0	1310.20	105636	10.44	10.66	10.34	10.75	2.11
sz000055	-81846	-82006	-87419	0	-5378.70	868493	7.53	7.71	7.45	7.90	1.58
sz000550	-17035	-6123	0	0	-2307.15	80554	19.80	19.43	19.28	19.80	-2.12
sz300004	-3323	2045	0	0	-231.06	57095	10.81	10.98	10.72	11.04	1.39
sh600335	-1233	2020	0	0	-387.73	58720	10.48	10.61	10.36	10.65	1.24
sz002042	-446	1034	0	0	-299.12	36177	12.68	12.75	12.64	12.86	0.00
sz002643	1806	6044	3155	0	1114.81	104342	11.02	11.27	11.02	11.43	1.81
sz002236	-9320	1531	7852	0	-2394.60	283599	26.50	26.30	25.90	26.54	-1.09
sz300316	-1292	7153	534	0	1724.99	256442	20.38	20.97	19.90	21.18	2.49
sz002646	-3461	0	0	0	-571.63	29744	16.00	15.81	15.78	16.14	-1.06
sz002756	-1088	0	0	0	-86.59	14861	23.78	23.72	23.55	23.96	-0.34
sz300262	9172	5089	2226	0	1288.91	74634	9.02	9.23	8.91	9.26	2.44
sz002354	-1718	1243	-3803	0	3528.16	196167	17.28	18.08	17.14	18.13	4.45
sz002356	-1890	0	0	0	52.71	25648	31.99	31.60	31.01	32.30	-1.22
sz300658	-200	0	0	0	970.49	6845	29.17	30.00	29.00	30.08	2.42
sz300654	0	0	0	0	-4.61	6194	30.96	31.11	30.90	31.60	0.10
sz300651	500	0	0	0	187.71	3428	35.20	35.55	34.67	35.87	0.99
sh600850	-559	0	0	0	258.92	28520	17.76	17.92	17.50	17.99	1.13
sh600987	-4088	-1001	0	0	-62.83	22372	11.21	11.26	11.21	11.29	0.00
sz300499	0	0	0	0	108.08	5509	18.81	19.27	18.80	19.39	1.69
sh600856	68211	59827	39758	0	3429.60	353267	13.53	14.19	13.51	14.29	3.73
sz002531	-9458	-3119	-178	0	-1975.37	145409	7.29	7.21	7.09	7.30	-1.23
sz002533	-1294	0	0	0	-111.90	21443	6.55	6.60	6.53	6.61	0.61
sh603727	0	0	0	0	-447.42	18322	24.08	24.16	23.90	24.35	0.29
sh603721	-261	0	0	0	-335.51	25260	28.23	29.06	28.00	29.52	3.31
sh600298	-43337	-11439	-4292	0	-15039.60	164369	35.55	33.94	33.59	35.63	-3.14
sh600297	-29530	-7597	-4286	0	-1775.83	160592	8.00	7.84	7.77	8.04	-1.13
sz002221	-2943	1786	0	0	-1215.02	96657	12.42	12.48	12.30	12.58	0.56
sz002220	-2916	0	0	0	15.98	14496	7.45	7.43	7.36	7.45	-0.27
sh603656	0	0	0	0	168.21	4493	29.80	30.26	29.80	30.34	1.07
sh600079	15128	18852	17460	0	2246.69	166185	17.69	17.99	17.65	18.01	1.70
sh600075	-8273	-2540	0	0	-406.95	58354	8.00	7.94	7.85	8.00	-0.63
sz000681	4725	1514	0	0	3824.72	108076	18.76	20.00	18.29	20.52	6.72
sz002829	-479	0	0	0	-511.65	7907	26.45	26.91	26.44	26.99	1.13
sz300453	-2581	-1800	0	0	-384.52	18603	15.69	15.38	15.24	15.69	0.52
sh601101	-26225	146	2058	0	-1502.79	142708	8.55	8.38	8.30	8.58	-1.99
sh603683	-11187	-1139	-2687	0	-1991.48	144891	24.55	25.44	24.20	26.36	0.79
sh601108	-33766	16770	-1772	0	1998.30	930772	21.70	21.91	21.05	22.12	2.43
sz000042	-2206	0	0	0	-208.85	11078	17.03	17.00	16.78	17.36	-1.16
sz000040	-7304	0	0	0	-46.79	25589	13.16	13.00	13.00	13.17	-1.14
sz300127	-1292	0	0	0	-329.74	27899	16.93	16.90	16.58	16.98	0.48
sz300121	-4151	0	0	0	338.02	62201	14.72	14.86	14.50	15.14	1.64
sh600701	-2397	-1891	-2891	0	602.44	122340	9.13	9.25	9.03	9.31	1.09
sh600763	-268	0	0	0	370.18	35345	37.39	38.70	37.16	38.86	3.37
sz300015	-845	35	0	0	6681.79	122450	35.58	36.33	35.05	36.84	2.08
sz300017	375784	360506	279315	0	14981.30	1477469	12.60	13.69	12.54	13.89	8.39
sh603535	-212	0	0	0	-455.84	47539	26.22	26.90	26.22	27.38	2.71
sz300274	1002	3773	5015	0	3987.44	190575	17.20	17.62	17.00	17.75	1.67
sz300569	-726	0	0	0	-134.83	13135	22.67	22.88	22.32	22.97	0.93
sz002320	-8974	-1577	0	0	292.12	92362	26.38	27.28	26.12	27.56	1.83
sz002322	-2785	1500	0	0	-566.20	33179	17.61	17.82	17.35	17.99	0.85
sh603398	0	0	0	0	-27.08	8312	16.13	16.20	16.01	16.30	0.62
sh603393	-977	0	0	0	-171.77	27215	36.15	36.73	36.15	37.37	1.80
sz300669	-658	0	0	0	227.37	9364	24.37	24.69	24.12	24.78	0.86
sh600843	-2969	-1000	0	0	-332.02	19691	10.47	10.48	10.39	10.49	0.00
sz002035	-5816	508	0	0	-72.54	72773	33.75	33.01	31.89	33.83	-1.67
sz002036	-2620	-1089	0	0	280.68	56295	15.22	15.54	15.19	15.66	1.83
sz002789	-245	0	0	0	-126.90	7847	41.04	41.29	40.80	41.44	0.81
sz002038	-4000	-1105	0	0	1698.97	90732	32.29	33.15	32.20	33.49	2.95
sh603086	0	0	0	0	362.34	7518	37.12	37.75	36.72	37.80	1.70
sz002783	-1252	0	0	0	-738.65	39190	18.76	18.90	18.41	18.92	-0.26
sh600285	-3602	0	0	0	-688.75	34144	9.16	9.16	9.10	9.20	-0.11
sh600284	-4121	0	0	0	-53.53	32792	9.64	9.65	9.60	9.68	0.42
sh600885	-2863	0	0	0	-569.94	31784	43.44	44.04	42.60	44.19	0.96
sh603887	-251	0	0	0	-84.62	8120	29.05	29.63	28.95	29.72	1.47
sh603665	600	0	0	0	146.62	10367	38.35	38.82	37.83	38.85	2.64
sh603660	-1714	0	0	0	-1445.84	19341	33.80	33.44	33.18	33.85	-1.12
sh600062	-5977	-1420	0	0	-1030.52	46688	24.21	24.10	23.79	24.39	-0.45
sh600066	-10306	5909	2169	0	-629.62	181762	23.40	23.08	22.92	23.43	-1.03
sz002815	277	0	0	0	-1173.62	13255	29.30	29.27	29.10	29.40	0.07
sz002811	0	0	0	0	215.87	10890	19.20	19.30	19.13	19.39	0.31
sh600449	-12385	-2000	0	0	-1086.13	70082	12.15	11.98	11.83	12.18	-1.32
sz300683	-308	0	0	0	313.63	11605	54.06	55.30	53.99	55.33	2.29
sh600661	-520	0	0	0	90.71	10889	24.00	24.81	23.90	24.85	2.39
sz000895	-29492	-12757	-13450	0	-13042.40	193281	29.35	28.58	28.48	29.39	-2.99
sh601007	-1616	0	0	0	-88.78	16351	10.78	10.86	10.69	10.89	1.02
sh601001	-32172	-12410	-2125	0	-1339.22	163254	6.58	6.50	6.39	6.58	-1.37
sz000528	-23722	-9722	-4034	0	-537.89	169841	8.56	8.52	8.41	8.59	-0.70
sz000524	302	0	0	0	24.47	7720	11.45	11.51	11.41	11.55	0.70
sh600711	-144549	-67652	-40499	0	-9172.87	693196	9.75	9.59	9.47	9.77	-2.54
sh600710	-3610	0	0	0	-123.69	28450	6.35	6.35	6.28	6.39	-0.47
sh600717	-19561	-1116	0	0	-1352.92	116151	10.93	10.86	10.83	10.99	-0.55
sz000096	-269	0	0	0	-71.66	9031	13.26	13.29	13.10	13.36	-0.75
sz300065	157	0	0	0	407.87	37955	15.34	15.65	15.15	15.67	2.09
sh603856	-676	0	0	0	258.21	35992	19.99	20.20	19.93	20.40	1.25
sz002567	-7929	-2795	-2795	0	-227.62	49789	7.52	7.53	7.46	7.55	-0.40
sz300209	-4328	-1157	0	0	117.43	33539	17.80	18.05	17.60	18.08	1.29
sh603416	-456	0	0	0	-92.07	11134	27.70	27.89	27.40	28.08	0.36
sz300518	0	0	0	0	151.85	4456	49.82	50.89	49.73	50.98	1.64
sz300519	-320	0	0	0	9.51	11290	20.58	21.18	20.29	21.19	2.77
sh600167	-2297	0	0	0	-264.63	13858	25.04	25.00	24.70	25.40	-0.95
sz300510	-264	0	0	0	364.89	12151	25.33	26.27	25.02	26.67	4.20
sz300511	648	0	0	0	54.04	8229	22.80	22.69	22.40	23.00	-0.09
sz002335	-335	0	0	0	380.86	14422	30.86	31.04	30.31	31.04	0.98
sz300516	0	0	0	0	178.34	5371	46.29	46.20	45.30	46.59	0.65
sz300512	569	0	0	0	583.36	23591	17.61	17.98	17.41	18.14	2.10
sh603383	-22	0	0	0	770.14	18464	44.90	46.65	44.90	46.95	4.25
sh603386	1064	2283	0	0	-150.85	84616	17.16	17.52	16.90	17.90	2.94
sh600874	-16965	-1724	-446	0	-1296.99	206259	13.68	13.75	13.57	13.98	0.15
sh603258	0	0	0	0	330.27	11354	30.10	30.89	30.10	31.02	1.38
sh603701	-217	0	0	0	121.62	8320	18.70	18.84	18.57	19.14	0.75
sz002026	-1077	-1000	0	0	-126.23	31886	7.82	7.85	7.77	7.86	0.51
sz002798	-257	0	0	0	135.02	3809	52.04	51.30	51.13	52.04	-0.19
sh600278	-1289	0	0	0	88.22	31395	12.31	12.27	12.17	12.43	0.33
sz002245	-3657	5536	8544	0	517.74	114165	9.25	9.39	9.19	9.45	0.75
sz002244	-33915	1031	11767	0	-1750.95	315812	8.68	8.71	8.52	8.84	0.35
sz000662	4913	0	0	0	-206.63	21611	14.64	14.73	14.40	14.74	0.61
sz002803	0	0	0	0	-154.37	2614	43.43	43.10	43.01	43.47	-0.94
sh600381	-26026	-4059	-4009	0	-310.86	206817	12.03	11.98	11.72	12.18	-2.04
sz002807	-95401	-38362	-31765	0	-4156.87	686172	9.19	9.21	8.98	9.41	-2.02
sh600389	-3071	-1000	0	0	-215.36	26863	18.48	18.11	17.87	18.58	-2.00
sh600475	-1022	0	0	0	-29.19	15690	14.11	14.19	14.09	14.23	-0.07
sz300693	-65	0	0	0	461.68	13986	35.08	36.15	34.86	36.17	3.14
sh600122	-2622	6420	5074	0	188.49	134412	9.62	9.55	9.51	9.64	-0.73
sh600123	-113966	-73308	-55819	0	-10530.89	496033	9.40	9.23	9.11	9.44	-4.85
sh600125	-10549	-3648	-1421	0	-96.70	318413	10.22	10.40	10.20	10.53	1.07
sh600126	-4543	0	0	0	329.37	44355	7.13	7.08	7.04	7.15	-0.70
sz000887	-681	-1584	0	0	966.94	64594	17.49	17.73	17.28	17.87	1.08
sz000889	-1384	0	0	0	49.62	17813	12.52	12.80	12.50	12.85	-0.39
sz000888	-1509	2518	0	0	133.61	39785	10.58	10.60	10.47	10.63	0.00
sz000065	605	0	0	0	184.65	38489	17.84	18.12	17.74	18.25	1.57
sz000060	-145157	-81551	-82591	0	-22894.30	808815	11.65	11.48	11.38	11.69	-2.79
sz000062	670	0	0	0	1388.70	33057	23.10	23.57	22.86	23.75	2.08
sz000069	-75269	-71984	-64731	0	-8218.00	1158087	10.37	10.41	10.32	10.73	0.39
sh601633	509	2693	0	0	-403.32	52181	12.40	12.30	12.21	12.43	-0.73
sh600729	1050	1264	0	0	-1099.60	41604	26.45	26.48	26.16	26.61	0.72
sh600727	-13612	-2018	0	0	159.52	54913	8.04	8.10	8.02	8.17	0.00
sh600720	-12713	17454	13916	0	-1385.44	242366	11.25	11.19	11.05	11.28	-0.62
sz300070	22117	24654	20747	0	-2591.60	419665	16.51	16.86	16.51	17.07	1.75
sh601137	-1175	0	0	0	-61.84	27385	11.55	11.62	11.38	11.64	0.43
sz002410	-7333	2253	0	0	-2324.90	63608	19.20	19.10	18.76	19.38	0.00
sz300219	-7310	54	0	0	-1645.74	65294	12.19	12.10	11.88	12.19	1.09
sz002491	18170	3682	0	0	1819.86	108683	12.17	12.65	12.05	12.65	4.20
sh603466	-7008	-6355	0	0	4803.78	81244	52.33	56.43	52.33	57.43	8.08
sz300509	-252	0	0	0	-154.35	6491	25.77	25.85	25.40	25.97	0.04
sz002308	2103	2721	0	0	1684.42	63796	10.76	11.05	10.71	11.08	3.27
sz300506	-625	-1151	0	0	1155.37	32811	22.25	22.59	22.18	22.72	1.26
sz300446	583	0	0	0	-38.46	18004	21.44	22.14	21.11	22.57	3.26
sz300445	-1082	0	0	0	-224.58	10349	15.62	15.86	15.62	15.88	1.02
sh603060	-906	0	0	0	-420.62	12120	22.41	22.26	22.00	22.41	-0.71
sh603288	-1002	-1046	0	0	-666.94	26954	56.97	55.96	55.89	57.40	-1.98
sh603289	1375	1028	0	0	1604.13	91216	19.16	19.90	19.02	19.95	3.75
sh600267	-29949	-22888	-13933	0	-1159.56	211914	13.95	13.92	13.39	14.12	-0.22
sh600266	-13880	3054	3108	0	-2366.61	105856	14.22	14.25	14.09	14.48	-0.14
sz002270	-300	0	0	0	-28.09	7571	9.41	9.43	9.32	9.46	0.43
sz002271	-2080	-1123	0	0	-185.75	58210	40.57	40.23	39.00	40.81	-0.91
sh603607	0	0	0	0	-81.84	22061	42.90	43.16	42.50	44.03	0.58
sh603602	0	0	0	0	1403.33	21148	46.68	48.11	45.99	48.48	3.17
sh600004	-7285	9663	4695	0	3931.73	219050	16.36	16.75	16.26	16.80	1.58
sz000650	24739	27955	25531	0	120.53	98483	5.31	5.38	5.29	5.39	1.32
sz002588	3922	-1332	0	0	-117.42	77991	6.88	6.99	6.84	7.03	1.60
sh603179	776	0	0	0	197.99	16795	34.96	35.36	34.54	35.58	0.17
sz002878	-400	0	0	0	176.81	16267	36.69	37.46	36.10	37.80	2.29
sh600466	-38441	-20969	-5878	0	529.40	440290	12.69	12.80	12.55	13.17	0.00
sh600463	-1543	0	0	0	67.93	51322	12.40	12.61	12.26	12.67	0.16
sh603110	0	0	0	0	480.57	26502	26.58	27.02	26.55	27.40	1.85
sz002908	-4276	-1329	0	0	-2205.83	71897	32.92	32.80	32.50	33.99	0.80
sz002909	-527	0	0	0	432.99	37747	22.44	22.83	22.21	23.17	1.74
sz002901	571	0	0	0	-258.07	40339	37.20	37.77	36.60	38.50	1.70
sh600486	-2035	0	0	0	368.11	26631	53.80	53.98	53.42	54.75	0.20
sh601020	-16194	-1133	0	0	-3684.15	86753	21.00	20.56	20.30	21.05	-3.61
sh601607	-6257	-2656	-239	0	-1410.95	82868	24.25	24.39	24.23	24.44	0.41
sh600737	-7104	530	5841	0	-449.30	125644	8.15	8.19	8.09	8.20	0.37
sh600736	-9769	-4590	0	0	-307.95	55159	6.57	6.62	6.54	6.72	0.30
sh600739	-24890	-16096	-8194	0	-447.53	205213	18.28	18.48	18.17	18.65	1.15
sz002561	-891	0	0	0	8.20	24212	12.05	12.08	12.03	12.16	0.25
sh601288	1090583	1046224	929140	0	-12489.00	12098990	4.54	4.53	4.48	4.68	1.12
sz300046	3113	947	2000	0	994.87	55696	19.40	19.98	19.11	20.14	3.10
sz300194	-434	2803	0	0	-38.27	45519	5.93	5.97	5.86	5.98	1.53
sz300196	-9854	0	0	0	-1197.34	44652	12.30	12.34	12.10	12.37	0.08
sh603878	231	0	0	0	64.51	20505	17.02	17.21	16.90	17.23	0.41
sh600382	4054	3048	0	0	388.40	37541	12.99	13.23	12.98	13.32	1.77
sz300227	-906	0	0	0	-228.20	19520	21.89	22.25	21.66	22.29	1.51
sh603477	263	1046	0	0	942.30	97101	15.09	15.36	14.80	15.79	2.47
sz300536	2431	1063	0	0	352.34	55922	16.07	16.25	15.70	16.37	1.31
sz002649	-3349	-674	0	0	358.75	96760	11.45	11.62	11.27	11.63	1.48
sz300533	-266	0	0	0	675.89	13588	48.50	51.47	48.12	51.47	6.04
sh600816	-20166	-1038	-2125	0	-991.03	167596	13.46	13.51	13.22	13.53	0.75
sz300452	-244	0	0	0	-665.09	15557	25.41	25.80	25.32	26.19	0.78
sz002008	-9901	-3342	-2241	0	-417.10	202094	53.89	53.91	52.96	54.48	0.34
sz002002	-5870	-938	3000	0	-1453.93	107679	7.09	7.12	7.06	7.20	0.28
sh603278	-384	0	0	0	-277.77	35574	23.50	23.68	23.31	23.73	0.47
sh603076	-2043	-1140	0	0	-61.99	20227	35.90	35.93	35.60	36.35	0.17
sh603298	-300	0	0	0	-480.97	25059	16.28	16.30	16.15	16.40	0.06
sh600926	-38534	-920	6367	0	869.76	450363	12.90	12.93	12.82	13.28	0.00
sz002267	-6645	-3271	0	0	-728.51	114180	8.12	8.24	8.10	8.33	1.35
sh603617	0	0	0	0	-15.21	12045	22.18	22.35	22.02	22.46	0.81
sz002468	-486	0	0	0	-147.23	14584	24.37	24.32	24.25	24.45	0.16
sz002466	-8873	-2656	-3705	0	-3319.42	130910	51.80	51.75	50.86	51.80	0.10
sh603619	-10241	-3334	0	0	-984.72	105275	44.59	44.66	44.11	46.17	2.27
sz002464	-236	0	0	0	-285.87	11375	30.45	30.56	29.92	30.87	0.36
sz002864	-2633	0	0	0	-1020.89	43955	31.64	32.43	31.42	32.90	2.24
sz002861	0	0	0	0	155.07	9641	25.81	26.32	25.52	26.40	1.74
sh603858	-1149	0	0	0	-2517.79	34791	51.00	50.91	50.40	51.10	0.04
sz002869	-334	0	0	0	-327.42	15906	31.52	32.02	31.14	32.17	1.01
sz002868	-253	0	0	0	-431.70	9284	24.80	24.85	24.70	25.07	-0.72
sh603103	987	7720	5419	0	11661.60	131982	30.58	33.88	30.06	33.88	10.00
sh603101	4223	6065	6065	0	499.84	53639	14.40	14.70	14.09	15.08	0.55
sh603100	-2919	0	0	0	-131.30	14606	10.14	10.17	10.11	10.20	0.10
sh600651	-8212	1434	2142	0	518.78	157842	9.56	9.85	9.56	9.98	3.03
sh600106	-11642	-3911	0	0	-288.46	53565	4.51	4.49	4.49	4.53	-0.22
sh600101	-4687	-2227	-2227	0	-701.68	28617	9.02	9.06	8.98	9.06	-0.11
sz002910	-5424	-2739	-2630	0	-1062.50	177985	24.64	25.43	24.11	25.99	2.87
sh600033	7397	5038	-754	0	697.40	180529	3.80	3.84	3.78	3.84	1.32
sh600031	-86587	-50021	-34106	0	-20537.60	1352584	9.65	9.63	9.47	9.73	-0.72
sz000513	-1614	702	0	0	-8393.72	98507	79.60	78.69	78.62	82.80	1.54
sh600745	-1670	0	0	0	1423.57	28100	30.39	30.25	29.73	30.39	-0.49
sh600743	-14768	10951	21903	0	1140.42	335394	4.08	4.17	4.04	4.22	1.71
sz300054	2082	2732	0	0	3302.88	131159	10.96	11.39	10.90	11.45	3.92
sz300237	-200	0	0	0	-83.46	6748	15.71	15.93	15.71	15.98	0.89
sz300231	5307	4607	-1113	0	2868.07	195087	10.58	11.00	10.55	11.07	4.17
sz300230	-760	0	0	0	3.80	19511	12.21	12.38	12.14	12.40	1.48
sz300233	9676	1010	0	0	4.17	31383	17.08	17.40	17.02	17.47	1.75
sz002126	-17166	-7807	-5000	0	-1266.88	48623	9.18	9.16	9.05	9.26	-0.11
sh603331	0	0	0	0	-55.29	9727	19.52	19.85	19.45	19.96	1.74
sh600482	4268	0	0	0	2535.81	52288	24.01	24.59	23.82	24.66	2.12
sz300429	-1094	0	0	0	-562.24	31009	24.32	24.78	24.24	24.85	1.14
sh600804	-2758	2524	2108	0	-3300.39	77404	17.55	17.41	17.25	17.65	-0.63
sh600801	-26500	-5774	-817	0	-2594.67	184382	14.49	14.30	14.20	14.55	-1.31
sz002078	-53076	-17619	-18016	0	-4823.95	490177	11.29	11.06	10.80	11.38	-2.04
sz002071	20502	10355	3000	0	129.64	89058	9.15	9.36	9.06	9.39	1.85
sh603912	-1123	0	0	0	-344.56	88026	27.74	29.02	27.74	29.28	4.01
sh603916	-897	0	0	0	-257.63	66506	18.29	18.45	18.05	18.64	1.37
sh603809	-203	0	0	0	-134.96	20289	35.97	36.22	35.70	36.48	0.70
sz002295	-1417	0	0	0	-354.95	10635	11.75	11.70	11.65	11.82	-0.43
sz002859	-745	0	0	0	126.21	13565	31.49	32.00	31.18	32.16	0.34
sz002857	5019	4169	4169	0	-9.40	10923	27.12	27.98	27.12	28.28	0.97
sh603823	191	0	0	0	-13.78	18707	15.81	16.09	15.68	16.16	1.07
sh601998	18784	25024	24730	0	-1088.60	1012732	7.39	7.40	7.30	7.53	0.27
sh603829	-1183	0	0	0	-334.88	53618	19.31	19.42	18.92	19.62	-0.15
sh603136	243	0	0	0	285.16	11755	43.75	44.05	43.10	44.60	1.61
sh601199	1556	1128	0	0	217.07	23063	5.67	5.68	5.64	5.69	0.18
sh600114	-3871	0	0	0	-366.02	41187	15.13	15.16	14.95	15.23	0.26
sz000631	-60869	-30085	-15421	0	-1560.21	206300	4.66	4.56	4.53	4.66	-2.56
sz000567	-2678	-42	0	0	-821.72	44064	25.55	25.69	25.19	26.16	-1.19
sh601377	137822	170707	152591	0	7207.80	1387334	7.94	8.11	7.79	8.15	2.53
sz000568	-14997	-1612	-2113	0	-12921.50	119088	70.70	68.75	68.30	70.76	-2.51
sh600755	-30183	-16098	236	0	-6964.42	399092	10.91	10.79	10.72	10.94	-0.92
sh600750	-3364	0	0	0	-1401.89	26027	26.97	26.87	26.77	27.05	-0.44
sh600758	-20561	-3443	-4793	0	-627.37	97799	7.43	7.37	7.28	7.43	-0.41
sh603197	0	0	0	0	-100.48	4993	50.20	50.36	49.60	50.55	0.14
sz002778	176	0	0	0	953.97	21542	25.30	25.58	25.10	25.79	0.39
sz300527	-437	0	0	0	-274.29	5821	23.10	23.05	22.81	23.19	-0.22
sz000338	-48161	-54852	-8997	0	-23459.30	1124827	9.22	9.02	9.00	9.35	-1.74
sz300088	89108	75642	63317	0	3346.64	865684	7.12	7.52	7.06	7.65	5.32
sh600170	-168	9945	5400	0	2692.64	556833	3.89	3.92	3.88	3.95	0.77
sz300082	-1379	-158	0	0	196.38	59068	7.09	7.20	7.04	7.23	1.55
sz002669	-1094	0	0	0	-212.68	9876	24.90	24.80	24.42	24.94	0.28
sz300557	-243	0	0	0	56.07	5664	37.66	38.45	37.31	38.50	2.29
sh600831	171	1129	0	0	156.17	39140	8.16	8.29	8.11	8.33	1.59
sh600835	1398	3866	0	0	2286.17	97749	22.80	23.50	22.80	23.56	2.40
sz300433	-11351	137	0	0	6179.04	177694	26.41	27.14	26.15	27.67	3.63
sz300430	-821	0	0	0	-44.12	9623	18.40	18.83	18.31	18.95	0.32
sh603586	-257	0	0	0	172.98	10860	24.28	24.57	24.15	24.65	0.53
sh603580	-543	0	0	0	-238.25	15450	31.50	31.28	31.00	31.62	-2.31
sh603906	572	0	0	0	35.35	14552	15.82	15.95	15.74	16.07	0.95
sh603909	-251	0	0	0	-62.71	4422	32.20	32.09	31.88	32.74	-1.44
sh603557	-1343	0	0	0	118.96	35629	16.80	17.20	16.61	17.20	1.96
sz002283	-8208	-1010	0	0	316.05	58184	5.67	5.73	5.65	5.74	0.70
sz002287	-963	0	0	0	48.15	14733	35.05	35.28	34.91	36.80	0.77
sh603637	-303	0	0	0	-9.67	9732	26.20	26.42	26.20	26.88	-1.01
sh603630	0	0	0	0	288.26	18177	26.87	27.65	26.72	28.41	3.09
sz002440	-3866	-288	0	0	-554.35	131759	20.28	20.48	20.18	20.77	0.74
sz002448	-97	-1171	0	0	326.50	31633	9.04	9.16	9.04	9.17	0.66
sh600340	-35876	-4910	-4525	0	-17406.70	431881	43.79	42.90	42.60	44.88	-2.39
sz300497	-710	0	0	0	844.37	26412	38.71	40.57	38.71	40.59	4.03
sz000963	1108	0	0	0	-3420.30	32980	55.95	56.09	55.55	56.77	0.18
sh600236	3381	4990	4000	0	-695.61	39155	5.72	5.72	5.70	5.75	0.35
sh600230	-2800	0	0	0	581.68	76165	47.58	47.66	46.53	47.96	0.57
sh600231	-22831	-6277	-10926	0	-742.32	300460	5.17	5.17	5.12	5.22	-0.19
sh601188	-9169	-3270	-2000	0	-168.62	44094	4.21	4.21	4.17	4.27	0.24
sh601186	-8805	29153	23983	0	4616.40	621009	12.04	12.14	11.94	12.24	1.00
sh603368	0	0	0	0	-348.98	9481	47.48	47.58	46.71	47.62	0.63
sh600580	-6355	3640	2695	0	-1231.13	139060	8.57	8.64	8.44	8.72	0.58
sz000626	1478	1005	0	0	610.00	32859	12.42	12.67	12.26	12.94	2.43
sh600768	-1580	0	0	0	-99.23	11016	13.79	13.71	13.69	13.92	-0.51
sh600761	-13547	-3498	-2298	0	-878.32	54834	10.65	10.60	10.52	10.65	-0.56
sh600569	-67629	-22054	-22940	0	-249.34	694524	5.25	5.27	5.20	5.34	-0.57
sh600566	-7043	-1119	0	0	73.46	57075	42.00	42.88	41.98	43.58	2.27
sh601567	-3675	0	0	0	-296.45	19685	9.43	9.45	9.38	9.46	0.32
sz002615	-2658	0	0	0	-141.67	17180	9.04	9.10	8.93	9.11	0.66
sz300547	-657	0	0	0	-245.06	7124	55.07	54.94	54.66	55.88	-0.11
sz300401	-3845	200	0	0	-4451.13	46646	48.42	48.01	46.81	48.87	-1.32
sh600823	-187705	-134766	-135635	0	-9670.16	737322	6.02	5.88	5.86	6.08	-2.00
sz300409	-4901	-1020	0	0	83.75	56943	49.80	50.39	47.50	50.40	-1.39
sh600828	21317	-4891	0	0	-225.53	106747	6.34	6.45	6.30	6.48	1.74
sz002053	-1468	-1144	0	0	151.07	20925	11.40	11.48	11.35	11.48	0.79
sz002056	-12259	-4606	-169	0	-801.48	163200	9.93	10.06	9.84	10.08	0.90
sz002057	-2085	-1208	0	0	-96.80	29331	12.17	12.30	12.00	12.44	0.82
sz002727	-4070	-1016	0	0	727.92	44062	21.10	21.36	20.98	21.61	0.85
sz002627	-948	0	0	0	247.34	7253	18.33	18.48	18.18	18.49	0.82
sh601818	277533	185374	126746	0	-12360.50	4416485	4.77	4.80	4.70	4.87	0.00
sz002620	-1435	0	0	0	-127.30	27298	9.84	9.88	9.80	9.97	-0.10
sh603936	0	0	0	0	-82.52	4650	24.09	23.89	23.79	24.09	0.38
sh603933	300	0	0	0	402.39	10087	49.60	50.39	49.24	50.46	1.33
sh603938	-277	0	0	0	-531.08	16487	35.90	35.81	35.38	36.07	-0.58
sz300716	-1423	0	0	0	-311.69	32825	26.30	26.60	26.12	26.99	0.87
sz300712	-1763	-2180	0	0	824.18	81372	26.19	27.45	25.86	27.92	5.74
sz002124	-3883	709	3000	0	13.22	72240	9.36	9.30	9.16	9.53	0.00
sh603808	-1439	0	0	0	-364.02	12063	21.19	21.04	20.80	21.19	0.05
sh600350	19617	18439	17176	0	-51.88	390895	6.40	6.53	6.40	6.66	1.87
sh600356	-2479	-1109	0	0	172.51	31732	8.50	8.49	8.39	8.55	-0.82
sh603803	-261	0	0	0	-49.59	12005	18.08	18.23	18.02	18.30	0.28
sh603806	-859	0	0	0	32.41	7500	33.22	33.56	33.16	33.70	1.21
sz002541	-1068	0	0	0	219.79	20138	13.95	14.15	13.91	14.17	1.07
sh603158	-165	0	0	0	-243.65	4950	18.09	17.99	17.76	18.09	-0.88
sh600176	-45656	-12060	-6920	0	-6136.21	242394	17.87	17.46	17.32	17.90	-2.35
sh600171	-8459	-2518	-10032	0	-2151.99	414315	14.17	14.48	13.98	14.60	3.43
sz000761	-72588	-43282	-40908	0	-277.73	417331	5.80	5.76	5.66	5.88	-0.69
sz000967	-18976	-2775	0	0	-853.71	57485	8.97	8.91	8.86	8.97	-1.00
sz000968	-7943	-2952	0	0	-852.70	52059	14.51	14.20	14.14	14.53	-2.07
sh601311	165	1334	0	0	-116.61	37986	12.84	12.90	12.73	12.92	0.62
sh600771	-436	0	0	0	-112.84	19708	43.00	43.51	42.55	43.59	0.83
sh600688	56984	79066	70969	0	6962.69	758452	6.75	6.94	6.68	6.98	3.12
sh600687	8952	1689	0	0	546.79	45155	12.07	12.08	11.87	12.10	0.17
sh601229	-45065	-2101	-5387	0	1777.60	546672	16.01	16.06	15.86	16.23	0.44
sh601555	-13363	13740	11373	0	919.54	392421	10.29	10.42	10.08	10.50	1.66
sh601799	-214	0	0	0	850.20	9865	47.50	48.89	47.02	49.38	2.47
sz000811	-6380	-5000	-5000	0	-448.98	37979	7.98	8.03	7.98	8.06	0.37
sz300396	-575	0	0	0	-29.13	13223	41.80	41.95	40.55	42.45	0.91
sz002653	-3536	0	0	0	-493.07	14821	11.12	11.09	11.00	11.13	-0.63
sz002602	231	0	0	0	-1204.47	16623	35.55	35.32	34.81	35.64	-0.14
sz300378	-893	0	0	0	347.68	42985	12.82	13.16	12.77	13.25	2.09
sz002043	12942	5902	5708	0	-1703.82	155962	11.58	11.74	11.40	11.80	1.56
sz002048	-3508	0	0	0	-730.73	31075	22.94	22.81	22.46	22.94	-0.09
sz300701	-581	0	0	0	170.35	15722	37.23	37.65	36.53	37.77	1.37
sz300707	-653	0	0	0	-821.67	32902	47.00	47.22	46.51	48.19	0.47
sz002136	-2499	0	0	0	-326.96	19670	14.10	14.08	13.91	14.14	-0.35
sh603323	-71722	-58801	-59845	0	-19514.90	966518	10.10	10.14	9.90	10.42	-0.69
sh603320	-1209	0	0	0	-739.57	19060	28.35	28.43	28.12	28.79	-0.91
sh603328	-6519	-2301	0	0	-492.49	39119	13.67	13.66	13.37	13.77	0.00
sh603819	10	0	0	0	-72.99	9203	17.10	17.21	16.86	17.30	0.64
sh603818	0	0	0	0	26.16	7444	13.47	13.42	13.34	13.50	-0.37
sh603929	-790	0	0	0	-186.14	19834	24.63	24.65	24.15	25.15	0.04
sh603922	-203	0	0	0	-377.86	20229	28.50	28.75	28.20	28.87	1.16
sz002557	15942	2082	0	0	4055.26	78779	15.60	16.36	15.55	16.39	6.23
sz000975	-14572	-2200	0	0	-1113.51	42028	14.88	14.60	14.58	14.88	-1.35
sz000608	-79987	-60934	-52525	0	2350.65	112890	8.49	8.49	8.49	8.49	9.97
sh600549	-37638	-5783	-3539	0	-10040.86	244420	25.70	25.76	25.28	25.85	-1.34
sh600547	-19299	-6007	-2500	0	-6440.67	196328	32.88	32.87	32.46	33.08	0.46
sz000778	20845	33644	29478	0	-548.74	353795	5.47	5.50	5.43	5.56	0.55
sh600180	-10153	-2116	-3081	0	-145.82	110985	11.16	11.46	11.01	11.88	-0.78
sh601128	-72198	-20649	-7067	0	-3832.87	703642	8.50	8.60	8.30	8.78	-0.35
sh601788	37237	28630	20977	0	7500.58	332687	14.76	15.21	14.60	15.27	3.26
sz000983	-62585	-30042	-15680	0	-5022.29	325274	10.40	10.22	10.15	10.43	-1.73
sz002408	10771	16733	17856	0	-1947.82	117895	13.18	13.14	13.02	13.23	0.15
sz000559	-24956	-6959	-3539	0	-1971.38	100809	9.99	9.85	9.78	10.02	-1.10
sz300385	0	0	0	0	-48.96	5664	24.68	24.78	24.43	24.79	0.57
sz300387	-1532	0	0	0	-158.56	19832	17.28	17.41	17.12	17.47	0.52
sz300388	11	-1022	0	0	927.43	30318	21.90	22.51	21.86	22.55	2.04
sz002636	-7247	0	0	0	-939.79	31211	15.18	15.05	14.87	15.20	-0.86
sz300560	-276	0	0	0	231.14	16105	31.78	32.44	31.25	32.60	1.85
sh603556	0	0	0	0	-248.91	8332	35.65	36.15	35.54	36.30	1.35
sh600971	-80939	-56359	-51828	0	-18126.66	473810	11.10	10.93	10.77	11.15	-3.45
sh600970	55578	43381	40405	0	6109.27	616317	9.96	10.54	9.96	10.85	6.57
sz002419	14907	8290	-1028	0	2829.43	155340	16.35	17.10	16.30	17.23	4.46
sz002144	-339	0	0	0	-73.72	8784	14.24	14.19	14.10	14.27	0.00
sz002411	844	0	0	0	189.53	7625	26.57	26.60	26.48	26.66	0.11
sz002143	-19516	-14603	-10216	0	-669.24	89426	14.02	14.07	13.85	14.15	0.43
sh603313	433	0	0	0	42.99	8380	25.87	26.07	25.76	26.12	0.50
sz002380	655	0	0	0	349.52	9268	16.52	16.85	16.43	16.89	2.00
sz002381	-2276	0	0	0	-152.05	20847	7.80	7.82	7.71	7.84	0.26
sz002897	-475	0	0	0	-350.79	29375	38.73	39.68	38.73	40.28	0.84
sz002892	-740	0	0	0	89.72	12300	40.34	40.05	39.31	40.34	-0.22
sh603178	2098	1000	0	0	264.86	12095	15.05	15.27	14.93	15.30	1.26
sh603959	12	0	0	0	-127.15	10022	31.11	31.20	30.80	31.58	-0.26
sz002562	-9160	3385	3385	0	-2165.89	61668	16.40	16.27	16.10	16.44	-1.03
sh603776	-2318	-2160	0	0	-2392.35	42654	63.50	63.04	62.00	64.55	-0.38
sh603777	-411	0	0	0	-27.80	13940	26.85	26.95	26.77	27.19	0.26
sz002479	-11226	-4880	0	0	-1074.99	93115	10.29	10.30	10.27	10.44	-0.48
sz300577	0	0	0	0	-193.44	5354	65.90	65.26	64.67	66.65	-1.03
sh600897	-1159	0	0	0	-211.14	11868	23.71	23.64	23.50	23.75	-0.30
sh600377	6775	5000	2000	0	775.41	110989	10.21	10.48	10.20	10.49	2.44
sh600790	-3129	0	0	0	122.10	45527	6.06	6.08	6.03	6.09	0.50
sz000708	-2044	0	0	0	-642.16	41193	11.76	11.80	11.70	11.88	0.43
sh601939	-207991	-196188	-213723	0	-21500.30	2826664	9.73	9.67	9.57	9.88	-1.43
sh600153	52564	32083	10071	0	3687.13	327615	12.10	12.34	12.05	12.42	1.73
sh601200	-4225	-1168	0	0	-1051.87	45938	23.60	23.81	23.45	23.83	0.21
sz300170	44203	26033	11098	0	4012.37	466756	12.68	13.65	12.62	13.77	7.06
sz300178	931	0	0	0	1012.79	64747	13.32	13.80	13.32	13.95	2.91
sz002876	0	0	0	0	430.39	13773	68.00	68.00	67.73	69.90	-1.25
sz002871	527	0	0	0	117.99	5292	34.79	35.23	34.55	36.00	1.21
sz300285	-4821	0	0	0	-1081.00	37526	18.60	18.19	18.10	18.60	-1.14
sz300357	0	0	0	0	371.21	8263	48.76	49.54	48.28	49.70	1.60
sz300351	494	-1236	0	0	364.40	33144	14.22	14.48	14.22	14.51	1.54
sz002718	0	0	0	0	221.02	3248	47.98	48.24	47.23	48.67	0.58
sz002716	-11560	-3054	0	0	-660.89	91054	20.80	20.80	20.46	20.85	-0.43
sz002045	-6653	2274	2274	0	-224.12	110626	18.20	18.18	17.39	18.41	2.02
sz002880	0	0	0	0	-141.71	5834	53.85	54.50	53.72	54.85	1.13
sz002736	11	18020	31914	0	-3368.40	677271	13.55	13.55	13.11	13.73	0.67
sz002573	-23264	-5516	-2164	0	1371.74	173769	20.57	20.64	20.12	20.77	-0.19
sz000959	-1252	543	3680	0	207.10	74251	6.13	6.16	6.13	6.21	-0.16
sh600098	15882	6190	5312	0	766.36	86372	7.17	7.21	7.14	7.23	0.56
sh600094	-9334	1453	0	0	-493.75	47440	7.33	7.29	7.25	7.33	0.14
sh600305	-6893	-2083	0	0	349.78	108608	12.00	12.00	11.89	12.18	-0.17
sz002885	0	0	0	0	-113.83	7997	34.90	35.21	34.56	35.38	0.95
sz002886	-600	0	0	0	-767.74	15177	33.65	33.94	33.33	34.18	0.30
sz000001	-78702	-9749	22406	0	-13255.30	2591292	14.66	14.64	14.50	15.08	-0.07
sh600529	911	0	0	0	180.00	19811	20.87	21.20	20.75	21.39	1.58
sz000712	-988	386	-2387	0	2313.27	157136	16.82	17.21	16.73	17.38	2.50
sh600638	-4374	0	0	0	-524.27	21623	15.81	15.73	15.60	15.97	-0.69
sh600633	-10382	-3710	-2430	0	-1706.48	199556	15.46	15.66	15.07	15.80	1.75
sz000825	-158329	-130847	-107779	0	-1345.27	632797	5.33	5.29	5.22	5.35	-0.75
sz000828	-1614	1243	0	0	-182.80	56289	11.32	11.45	11.26	11.54	1.33
sz300295	-1765	-318	0	0	2645.18	90666	17.84	18.82	17.45	18.98	5.20
sz300342	-1535	-706	-2927	0	297.17	16195	14.65	14.81	14.56	15.00	0.54
sz002768	-253	0	0	0	-168.48	7645	25.54	25.56	25.30	25.84	0.04
sz002769	-4673	0	0	0	-765.64	19979	14.14	14.07	13.98	14.18	-0.50
sh603577	-2944	0	0	0	-143.30	34678	15.14	14.93	14.53	15.16	-1.52
sh600887	-71385	-26772	-12013	0	-12686.90	373307	35.53	35.05	34.85	35.64	-1.16
sh600362	-159121	-81458	-52879	0	-43681.40	798857	19.45	19.09	18.84	19.46	-3.73
sz002367	-4421	0	0	0	-205.60	32750	9.05	9.06	8.96	9.14	-0.22
sz002183	11661	31395	28465	0	999.15	416091	7.72	7.86	7.59	7.93	1.81
sz002186	-1241	0	0	0	-221.65	10558	18.25	18.36	18.20	18.42	0.77
sz300626	403	0	0	0	119.16	2067	28.17	28.56	27.90	29.60	1.31
sz300627	0	0	0	0	631.13	9214	46.03	47.03	46.03	47.41	2.00
sz300625	134	0	0	0	334.09	17908	24.38	24.68	24.16	24.78	1.02
sz300621	-133	0	0	0	-82.44	34427	21.42	21.68	21.10	21.89	0.93
sh603198	-5654	0	0	0	-1219.36	32267	18.06	17.95	17.84	18.08	-0.61
sh603199	0	0	0	0	75.83	6013	26.96	27.27	26.72	27.34	1.22
sh603200	0	0	0	0	-257.67	6321	39.02	39.43	39.02	39.65	0.43
sh600886	34078	45378	43665	0	3740.71	326129	7.23	7.32	7.20	7.33	1.10
sh600400	7046	1000	0	0	-693.23	48694	7.22	7.20	7.15	7.23	-0.41
sh600089	-11137	50207	48386	0	3847.90	719879	10.08	10.25	10.04	10.36	1.28
sz002215	-8771	0	0	0	-24.67	43489	6.99	6.96	6.88	6.99	0.14
sz000036	-56292	-18032	-2525	0	-3996.76	263340	10.22	10.10	10.06	10.35	-1.17
sz000038	-1537	0	0	0	556.16	31050	19.80	20.12	19.73	20.30	2.03
sh600535	4250	1241	0	0	-956.38	38534	37.28	37.56	37.15	37.60	0.56
sh601919	94994	107303	78316	0	7455.01	765825	6.90	7.16	6.88	7.17	3.62
sz000722	-1548	0	0	0	-183.07	18466	9.13	9.16	9.03	9.16	0.33
sz000723	-9599	-5412	-8784	0	-538.95	82899	6.82	6.77	6.72	6.83	-0.73
sh601595	318	-1000	0	0	1456.69	84697	21.23	22.44	21.03	22.76	5.06
sh603515	-291	0	0	0	-517.60	11962	45.80	46.33	45.26	46.34	0.98
sh600622	-634	0	0	0	-532.93	45714	17.27	17.79	17.27	18.03	1.37
sh603517	0	0	0	0	-243.54	5385	38.70	38.65	38.50	39.07	-1.13
sz300400	3854	2849	0	0	255.46	21693	14.22	14.44	13.94	14.44	1.69
sz000581	-7093	544	-466	0	844.34	143768	25.57	25.85	25.51	25.90	1.10
sh601688	112104	182971	143376	0	36364.80	1671811	20.76	21.66	20.53	21.76	5.30
sz300119	-1609	0	0	0	-137.12	11907	11.61	11.75	11.54	11.75	0.95
sh601669	-7193	6124	1943	0	-612.35	288765	7.67	7.71	7.64	7.79	0.13
sz300023	-1235	0	0	0	-172.25	22603	12.40	12.18	12.02	12.40	0.41
sz000676	-2871	-1985	0	0	560.25	42643	11.03	11.29	10.80	11.32	2.36
sh600650	-3003	0	0	0	-239.51	28204	15.12	15.10	15.04	15.35	0.40
sz002779	-220	0	0	0	121.07	6636	19.80	19.99	19.71	20.04	0.86
sz002817	-239	0	0	0	230.73	5220	31.77	31.72	31.45	31.85	0.06
sz002776	-200	0	0	0	-33.07	3259	19.30	19.39	19.26	19.56	-0.51
sz300244	10190	1274	0	0	6217.62	137440	22.23	24.02	22.18	24.30	7.52
sh603699	4679	2103	0	0	-3.64	25074	20.14	20.05	19.76	20.26	-0.45
sz002173	-733	0	0	0	-44.89	8516	12.39	12.42	12.19	12.47	1.64
sz002172	-27209	-4021	0	0	-694.44	83935	6.32	6.26	6.11	6.37	-1.26
sh603367	-1366	0	0	0	-81.22	46605	20.43	20.64	20.31	20.75	1.33
sz002179	-731	0	0	0	1969.16	51839	37.27	37.90	37.12	38.09	1.39
sz002372	-3333	0	0	0	-826.26	50464	21.60	21.86	21.50	22.32	0.46
sz002370	-202	0	0	0	30.65	4483	14.06	14.01	13.89	14.07	-0.64
sz300638	568	0	0	0	1003.41	17256	39.36	40.72	39.02	41.06	3.64
sh603363	-10547	3123	-3054	0	2256.81	174354	20.00	21.04	19.67	21.04	9.98
sz300636	-439	0	0	0	58.40	8067	30.80	31.61	30.52	31.65	2.00
sh603188	-4476	-1000	0	0	-591.17	53459	16.36	16.39	16.16	16.43	0.06
sh603963	0	0	0	0	493.45	17861	29.16	29.36	28.78	29.46	2.02
sh603989	-3246	0	0	0	-1785.04	25793	38.23	37.58	37.46	38.27	-0.74
sh600323	-3381	-40	0	0	-723.60	53490	14.04	14.21	13.96	14.24	1.07
sz002202	-32390	-10055	1309	0	-4942.14	266377	18.39	17.97	17.71	18.39	-2.34
sh600185	-47258	-27275	-14472	0	-948.42	171880	6.40	6.37	6.30	6.48	-0.93
sz000733	-638	0	0	0	373.58	31901	14.02	14.17	13.85	14.21	1.14
sh600611	-1312	2760	1553	0	-288.80	107239	5.15	5.17	5.13	5.18	0.58
sz000598	-11220	-6296	-4614	0	-536.43	116592	5.40	5.43	5.38	5.43	0.37
sz000591	-30045	-4066	-12514	0	-4007.16	316259	5.60	5.63	5.47	5.63	-0.88
sz000780	-11079	-5707	-5821	0	389.37	44333	5.20	5.09	5.07	5.20	0.79
sz000023	0	0	0	0	11.96	6105	20.00	20.10	19.94	20.20	0.30
sh601699	-60781	-34957	-29863	0	-7399.82	527385	11.75	11.44	11.28	11.75	-2.31
sz300102	17055	11098	6934	0	1102.53	170870	8.32	8.52	8.20	8.57	2.16
sh601678	23226	36922	30004	0	781.14	294824	8.73	9.00	8.65	9.02	2.86
sh601588	-22531	-8209	1893	0	-1811.63	132054	5.39	5.38	5.30	5.40	-0.19
sz300031	-68	0	0	0	-185.24	20463	14.95	15.23	14.83	15.34	1.53
sz002748	146	0	0	0	-31.99	10376	14.36	14.44	14.23	14.47	0.42
sz002285	-46008	-13700	-12771	0	-8102.11	391031	11.53	11.39	11.30	11.66	-1.81
sh603421	0	0	0	0	41.37	6381	24.75	25.00	24.40	25.10	1.17
sh603359	0	0	0	0	735.44	23978	34.37	35.07	34.01	35.18	2.07
sz002695	-2322	-1224	0	0	-159.55	30080	16.81	16.84	16.59	16.88	0.24
sz002696	0	0	0	0	26.52	6722	17.39	17.87	17.22	17.99	2.47
sh600303	-7931	-2479	0	0	-791.61	48128	9.23	9.25	9.20	9.30	0.00
sz002343	737	0	0	0	6956.95	80376	33.28	34.97	33.00	35.22	5.08
sz300340	-3552	-1802	0	0	-918.01	52134	48.88	48.39	48.02	48.90	0.19
sz300640	-241	0	0	0	-18.32	7353	25.31	25.66	25.25	25.90	0.98
sz300641	-592	0	0	0	13.46	16403	14.79	14.90	14.62	14.92	0.74
sz300488	0	0	0	0	75.56	4831	32.49	32.58	31.95	32.68	1.02
sz300481	5115	2114	0	0	2694.26	89059	23.70	24.59	22.80	24.82	9.00
sz300484	-1245	0	0	0	-307.17	18796	19.93	20.30	19.76	20.30	2.27
sh603223	1325	1325	0	0	-179.03	4877	22.71	22.81	22.65	23.10	0.35
sh603229	-700	0	0	0	-105.59	11043	16.99	17.11	16.80	17.25	1.00
sh603360	-227	0	0	0	3.80	9325	22.40	22.65	22.23	22.69	1.12
sh600029	174412	130886	65054	0	-7076.80	1816883	10.54	10.58	10.33	10.68	0.19
sh600990	212	0	0	0	2166.31	23869	53.40	55.61	52.65	55.83	3.73
sh600998	-1446	0	0	0	1239.51	49629	18.00	18.27	17.92	18.48	1.50
sh600516	-52816	-3555	771	0	-25697.60	729153	31.45	31.08	30.80	31.50	-2.11
sh600510	-3305	0	0	0	-79.68	20015	7.00	7.03	6.99	7.14	0.43
sz002837	-3702	-1503	-203	0	-2574.93	93299	20.28	20.94	19.80	21.49	3.41
sz300138	-944	0	0	0	-292.42	13849	12.52	12.61	12.43	12.65	0.80
sz300007	-2871	-382	0	0	-160.38	64047	13.60	13.88	13.41	13.92	2.81
sz300003	-3689	5120	-282	0	1827.00	223575	25.80	26.70	25.80	27.54	2.46
sz002645	-4040	0	0	0	-1397.63	31628	21.35	21.05	20.80	21.41	-2.32
sh603508	0	0	0	0	-63.36	7657	39.30	39.81	39.02	39.86	1.40
sh603507	-348	0	0	0	-539.31	23780	41.00	41.08	40.20	41.27	0.44
sz002759	-9581	0	0	0	-1761.26	59853	17.40	16.72	16.60	17.40	-4.13
sz300267	19911	31654	42135	0	-230.73	328784	6.58	6.73	6.51	6.78	1.97
sz300265	-3503	0	0	0	-30.98	16569	8.89	9.06	8.89	9.07	0.55
sz300655	0	0	0	0	86.67	6295	26.60	27.00	26.39	27.07	1.54
sz300653	0	0	0	0	238.94	5415	33.44	34.57	33.44	34.65	2.19
sz300495	13390	17226	13284	0	106.85	78022	16.19	16.60	16.02	16.71	2.15
sz002530	-2676	0	0	0	-673.85	21476	23.00	22.73	22.44	23.01	-1.26
sh603726	-236	0	0	0	-206.26	6109	31.78	31.68	31.02	31.85	-0.09
sh603725	-281	0	0	0	-147.49	28315	20.05	20.20	19.72	20.56	1.20
sh600291	-41607	-9270	0	0	-8710.56	284286	26.65	26.22	25.76	26.77	-1.83
sz000910	-14725	-3000	-2000	0	-426.45	67482	25.06	24.72	24.43	25.06	-2.06
sh603658	0	0	0	0	-220.81	6576	49.10	48.76	48.02	49.29	-0.04
sh603685	-200	0	0	0	558.18	22254	34.07	34.81	34.01	34.95	1.99
sz002820	-257	0	0	0	67.05	7072	25.40	25.60	25.20	25.67	0.79
sh600459	-10902	-2300	0	0	-1846.00	53964	22.39	22.67	22.06	22.70	0.13
sh600674	-12522	-7590	-2862	0	-69.78	159042	9.90	9.87	9.77	9.91	-0.20
sh603378	-1453	0	0	0	-132.21	40050	23.31	23.58	23.09	23.59	1.46
sz000997	-1322	1854	0	0	4062.79	142133	18.38	18.95	18.20	19.03	2.71
sh600703	-22970	-2074	-1821	0	5723.20	476706	24.07	24.70	23.48	24.82	2.28
sh600706	-223	0	0	0	-280.60	9793	18.88	18.91	18.84	18.99	0.16
sz300307	2423	-1010	0	0	416.53	64858	8.24	8.43	8.20	8.44	1.93
sh603099	39	0	0	0	-35.59	5234	12.02	12.05	11.93	12.06	0.25
sh603538	0	0	0	0	-51.67	2872	25.91	25.94	25.78	26.19	0.12
sz000059	-10555	7003	5568	0	-1150.07	238605	10.52	10.59	10.43	10.60	0.76
sh603396	0	0	0	0	14.34	12210	40.50	40.95	40.17	41.27	1.09
sz300662	273	0	0	0	-68.43	13747	25.85	25.96	25.80	26.79	0.43
sz300665	-361	0	0	0	22.12	12527	27.35	27.60	27.10	27.75	1.17
sh603711	-2234	-1162	0	0	245.85	73695	29.67	29.85	29.16	30.30	1.39
sh603716	0	0	0	0	-38.37	2115	51.43	50.68	50.50	51.43	-0.86
sh603717	-588	0	0	0	-67.66	17480	27.38	27.39	27.05	27.46	0.77
sh603081	-360	0	0	0	-286.91	13390	25.84	25.33	25.20	26.35	-1.97
sh600280	-8536	1000	0	0	-176.97	49826	7.68	7.72	7.64	7.78	0.39
sz002504	-14505	-6744	0	0	-369.87	84117	4.61	4.66	4.59	4.67	-0.21
sh603669	0	0	0	0	-32.54	6623	18.89	19.05	18.83	19.17	0.85
sh603888	-1667	0	0	0	291.90	33657	23.85	24.10	23.49	24.37	1.77
sz002258	-2745	-2370	0	0	579.17	116628	18.90	19.30	18.75	19.43	1.63
sz000672	-76808	-30483	-20611	0	-7505.05	359955	11.90	11.70	11.40	11.95	-2.42
sh600064	-4333	1790	0	0	-580.48	59122	14.98	15.06	14.96	15.10	0.53
sh600067	-6921	6371	-3738	0	22.90	164982	6.75	6.80	6.70	6.88	0.44
sz002818	-645	0	0	0	272.16	17627	31.40	31.88	31.30	32.13	1.17
sh603861	644	0	0	0	-177.57	26663	17.18	17.66	17.00	18.19	2.79
sz300688	-4598	1591	0	0	2771.68	47245	51.14	56.29	50.85	56.29	10.01
sz300689	-1407	0	0	0	1190.95	27073	42.90	45.00	42.21	45.22	5.39
sz000411	530	0	0	0	-79.38	3473	20.53	20.35	20.20	20.63	-0.88
sz000413	-3185	12196	-9595	0	-2573.10	500304	9.08	9.10	8.98	9.13	0.44
sz000418	-429	0	0	0	1824.25	19704	74.01	72.75	72.60	74.50	-1.94
sz000786	11463	15249	8284	0	-239.21	361338	24.00	24.95	23.93	25.15	3.74
sh600663	-427	0	0	0	323.31	25195	20.48	20.65	20.45	20.86	0.58
sh600660	-17999	-1543	0	0	-2897.62	157591	28.77	28.38	28.16	28.77	-1.53
sh600668	-3614	0	0	0	6.70	27093	15.92	15.92	15.82	15.98	0.13
sh601006	-64373	-8643	21702	0	4184.70	884832	10.20	10.12	10.05	10.28	0.00
sh601000	26489	62982	54272	0	1310.39	472933	5.13	5.19	5.08	5.20	0.78
sh603527	-704	0	0	0	-817.92	27475	27.27	27.27	26.62	27.47	-0.15
sz300203	-34484	-12125	6755	0	-12039.00	357731	29.40	27.41	26.64	29.40	-7.30
sz300514	-106	1845	0	0	-49.69	39338	28.26	29.00	28.25	29.87	0.69
sz300517	0	0	0	0	23.32	7704	19.16	19.24	18.91	19.45	0.26
sh603380	0	0	0	0	112.39	9602	19.58	19.84	19.37	19.90	1.28
sh600567	-132657	-93531	-58194	0	-8772.37	688154	4.69	4.61	4.59	4.70	-1.71
sz002617	5013	4015	3392	0	609.00	75502	16.12	16.48	16.04	16.52	2.30
sz300403	-300	0	0	0	-21.42	14059	14.95	15.17	14.89	15.22	1.07
sh600827	-1527	0	0	0	-451.79	46024	13.15	13.26	13.11	13.28	0.99
sz002728	-240	0	0	0	-122.87	7232	18.83	18.70	18.62	18.91	-0.69
sh603027	-335	0	0	0	-930.51	28022	18.08	18.24	17.92	18.35	1.96
sh603937	-3571	0	0	0	-127.33	83040	23.69	23.94	23.40	24.19	0.97
sz300717	-696	0	0	0	27.53	13277	36.69	37.27	36.55	37.65	1.61
sz300710	-390	0	0	0	1104.13	33749	43.00	44.86	42.34	45.84	4.81
sh603339	-639	0	0	0	51.05	12108	23.01	23.21	22.77	23.26	0.69
sh600352	-54673	16677	12517	0	-8702.00	924710	12.44	12.48	12.39	12.74	0.48
sz002548	-2372	0	0	0	-140.13	15242	10.36	10.36	10.31	10.37	-0.38
sh603157	-448	0	0	0	-11.10	39120	18.60	18.48	18.36	18.85	-1.18
sz002543	174	0	0	0	-1177.42	23907	22.19	22.55	21.96	22.58	1.62
sh600177	46650	37954	23476	0	4305.87	385837	9.90	10.11	9.89	10.15	2.54
sh600179	-6395	0	0	0	2091.55	47604	25.92	25.86	25.49	25.99	-0.23
sh600597	-25080	-416	-2016	0	-2670.67	140791	15.46	15.36	15.04	15.46	-0.78
sh600598	-46036	-8199	-5349	0	-2586.35	317430	12.01	11.93	11.75	12.03	-1.49
sh601952	-15682	-3277	-4311	0	-1569.92	149411	13.25	13.41	13.20	13.47	-0.45
sh601225	-59042	-16602	-21036	0	-1321.70	712808	9.50	9.43	9.31	9.60	-0.84
sz000813	4979	4781	8374	0	-660.17	69793	8.72	8.86	8.59	8.98	1.14
sz000546	-5106	0	0	0	-1264.44	42913	15.51	15.24	15.08	15.80	0.26
sz300158	-105118	-83274	-72992	0	1772.58	130171	14.25	14.25	14.05	14.25	10.04
sz002714	-2621	0	0	0	-2877.42	29588	62.55	61.69	61.00	62.78	-0.85
sz300573	-4200	-1248	0	0	-1629.09	37579	28.00	27.68	26.40	28.00	-0.86
sz300571	1047	0	0	0	190.91	34832	54.60	58.60	53.50	59.97	3.33
sz002603	-2727	0	0	0	-109.37	55638	15.83	15.90	15.81	16.02	0.44
sz300374	-931	-1003	0	0	-371.69	41775	16.55	16.72	16.26	16.90	1.39
sz300376	-45768	-23592	-25407	0	306.47	481381	7.69	7.92	7.55	8.10	1.54
sz300501	0	0	0	0	-33.02	3729	35.56	35.93	35.20	36.54	1.10
sz002733	-615	1046	0	0	-214.29	19198	16.65	16.70	16.35	16.76	0.30
sh603033	0	0	0	0	-253.43	4808	17.81	17.91	17.67	18.00	0.56
sz300702	-200	0	0	0	-408.42	10428	41.60	41.68	41.18	41.97	0.92
sh603326	-698	0	0	0	-68.41	8386	19.40	19.43	19.18	19.48	0.36
sh600366	-19132	-5170	0	0	-2769.34	110285	17.81	17.73	17.54	17.89	-1.34
sh603811	400	0	0	0	39.45	5690	30.66	30.96	30.53	31.00	0.65
sh603928	-993	0	0	0	-177.21	16295	15.28	15.36	15.20	15.48	0.52
sh600211	538	0	0	0	-81.95	6477	34.00	34.26	33.51	34.40	0.62
sh603926	0	0	0	0	-57.84	7325	26.66	26.87	26.51	26.99	1.02
sh601166	150974	190088	158871	0	18326.00	4769134	18.48	18.68	18.36	19.08	2.19
sh601169	101304	61550	75957	0	-2937.40	1488599	7.67	7.72	7.58	7.78	0.92
sz000601	3962	4640	2000	0	361.11	37817	7.21	7.28	7.15	7.32	0.97
sz000609	-2153	0	0	0	-999.60	33417	11.50	11.47	11.36	11.63	-0.61
sh600782	-111045	-69605	-39634	0	-5677.01	638725	7.55	7.52	7.35	7.69	-1.70
sh600785	0	0	0	0	5.08	1860	21.76	21.69	21.48	21.98	-0.64
sz000779	-837	0	0	0	-134.22	8886	13.92	13.88	13.82	13.99	-0.36
sh601238	8113	13813	13779	0	-945.91	71720	24.39	24.24	24.18	24.40	-0.62
sh601233	-11897	1901	0	0	2524.46	211782	26.50	26.47	25.81	26.57	0.08
sz000980	-13711	-3286	0	0	-1333.94	81592	11.50	11.39	11.26	11.50	-0.61
sz000981	-10653	-2614	0	0	-903.13	52769	8.28	8.15	8.03	8.28	-1.09
sz002153	9787	-3907	-8072	0	7187.43	119894	25.09	27.29	24.50	27.30	9.42
sz300146	-28926	-6352	-5020	0	-3365.79	373935	16.70	16.94	16.61	17.40	1.50
sz300144	15452	16093	4770	0	8054.75	268698	18.30	19.54	18.29	19.87	5.97
sz002637	2169	0	0	0	150.68	10379	10.41	10.39	10.25	10.55	0.39
sz300565	-301	0	0	0	362.90	18219	20.42	20.73	20.05	20.76	2.07
sz300561	-5363	3518	296	0	4766.88	60221	40.93	43.64	40.93	43.64	10.01
sz300365	-2535	0	0	0	-135.07	51756	34.60	35.63	33.81	36.15	1.89
sh603797	-1605	0	0	0	-396.10	28459	19.77	19.72	19.45	19.88	-0.05
sz002706	-232	0	0	0	-49.50	11004	11.97	12.05	11.91	12.10	0.17
sz002707	2284	2184	2184	0	115.18	72631	11.20	11.49	11.16	11.58	2.59
sh603007	-3993	0	0	0	-7.03	44003	13.00	12.87	12.82	13.49	1.58
sz002090	-408	0	0	0	-17.30	6946	21.11	21.32	20.93	21.36	0.99
sh600978	19948	8173	0	0	1555.23	123197	9.14	9.30	9.10	9.33	1.42
sh600977	10171	15632	10848	0	11099.92	363382	16.18	16.85	16.14	17.05	4.14
sz002416	5851	3070	2000	0	157.09	65402	9.36	9.56	9.28	9.64	2.25
sh603316	-291	0	0	0	-250.34	12589	14.23	14.27	14.06	14.39	0.42
sz002896	-299	0	0	0	95.76	12062	38.00	38.78	37.54	39.11	2.32
sz002895	-4704	-2514	0	0	889.11	85845	26.13	26.44	25.63	26.66	2.36
sz002893	-5924	-2508	0	0	-4209.70	109578	31.44	33.02	31.44	33.66	4.13
sz002890	0	0	0	0	112.98	6383	33.40	33.75	32.90	33.91	1.93
sz002898	-390	0	0	0	-94.27	22412	21.58	21.62	21.18	21.76	1.08
sz002899	-9076	-5123	-6075	0	1874.11	69274	27.90	30.11	27.65	30.78	7.61
sh601878	-53214	-3540	-5696	0	-5401.28	494324	18.05	18.00	17.41	18.45	0.28
sh600201	-4355	0	0	0	-92.65	46953	30.91	30.68	30.65	31.25	-0.58
sz000026	-157	0	0	0	227.47	13566	10.70	10.78	10.69	10.84	0.47
sh601155	-14458	-161	-3076	0	-3811.60	420663	38.95	39.85	38.95	41.85	2.76
sz300576	-533	0	0	0	38.47	14279	17.10	17.40	17.02	17.48	0.52
sh600379	-4155	0	0	0	-412.23	14841	11.11	10.91	10.88	11.29	-2.06
sh600793	-407	0	0	0	-300.85	11140	25.95	25.90	25.60	26.18	-0.88
sz000018	5187	-1001	0	0	-822.58	83668	6.27	6.24	6.20	6.29	-0.48
sh600557	-620	0	0	0	-264.93	24985	13.51	13.65	13.48	13.66	0.81
sz002475	-42827	-6876	-3775	0	-2286.00	299031	22.50	22.52	21.85	22.74	-0.57
sz000709	67475	105345	108807	0	3140.14	796066	4.09	4.12	4.09	4.14	0.73
sh601336	-58451	-4500	-4390	0	-42774.50	436191	61.53	59.96	59.30	61.88	-2.17
sz000830	14210	21745	4570	0	2388.60	474656	20.06	20.78	20.05	21.14	2.87
sh600393	-20123	-10191	0	0	-1477.14	107268	6.83	6.81	6.79	6.95	-1.02
sz300284	33	0	0	0	654.99	54521	16.28	16.68	16.22	16.70	2.71
sz002873	0	0	0	0	-236.38	8168	43.58	43.94	43.23	44.50	1.01
sh603787	-433	0	0	0	-118.98	9288	14.21	14.36	14.15	14.37	0.42
sz002083	-6942	-1016	-2016	0	-403.90	40960	6.71	6.68	6.66	6.71	-0.30
sz002085	-5715	137	0	0	-702.33	47587	15.64	15.63	15.35	15.65	0.00
sz002088	-1380	0	0	0	-170.64	19930	13.87	13.96	13.84	14.10	0.00
sz002883	369	0	0	0	412.76	23502	52.89	53.69	51.51	54.96	2.85
sh603303	-3467	-2193	2000	0	-845.09	66457	14.51	14.67	14.27	14.72	-0.41
sz002403	1981	1500	0	0	129.27	13697	11.77	11.79	11.67	11.83	-0.08
sh603306	1366	0	0	0	537.73	11573	27.77	28.18	27.72	28.20	1.66
sh603165	0	0	0	0	101.71	11429	55.30	55.23	54.41	55.30	-0.13
sh603167	-21055	-155	0	0	-246.27	218072	12.32	12.40	12.27	12.65	0.81
sh600894	2580	4490	0	0	-231.74	41414	9.61	9.66	9.54	9.70	0.42
sh603766	-5123	3843	-2742	0	289.60	179884	7.53	7.50	7.33	7.53	0.27
sz000952	-2225	0	0	0	-573.35	20736	14.14	14.08	13.87	14.18	-0.85
sz002888	-326	0	0	0	106.09	8524	27.00	27.22	26.67	27.30	0.85
sz002882	-2224	0	0	0	117.72	29530	13.99	14.05	13.80	14.13	0.36
sz002884	0	0	0	0	50.55	7000	51.58	51.69	51.00	52.01	0.21
sh600523	-3398	-1000	0	0	-34.41	34454	16.35	16.57	16.19	16.69	0.55
sz002903	-580	0	0	0	-253.42	27025	42.50	42.93	42.16	43.50	0.35
sz000488	-80630	-57720	-35631	0	-15791.70	360681	18.16	17.80	17.68	18.16	-1.66
sz000719	1608	1003	0	0	443.29	51009	9.38	9.61	9.28	9.66	2.78
sz000823	-66261	-29317	-25339	0	-5793.39	177101	13.34	13.05	12.70	13.39	-1.95
sh601328	141346	116276	82995	0	-13208.60	4801088	7.05	7.04	6.91	7.12	0.86
sz300160	-91	2140	0	0	-79.39	35854	7.62	7.69	7.54	7.72	0.65
sz300298	-4037	0	0	0	1143.16	59530	21.00	21.56	20.78	22.22	4.26
sh600848	-15524	-1188	0	0	-2532.98	134838	25.49	25.30	25.20	26.28	-0.75
sz300581	-488	0	0	0	-140.05	19374	32.55	32.92	32.25	33.20	-2.20
sz300343	-13287	-2140	-3160	0	-690.09	102678	12.90	13.13	12.76	13.25	1.94
sz002039	-2627	0	0	0	-832.94	25988	15.83	15.80	15.70	15.87	-0.25
sz002766	294	-1981	0	0	571.28	45225	14.75	15.11	14.73	15.16	1.41
sz002781	0	0	0	0	71.68	8977	21.30	21.72	21.26	21.89	1.54
sh600363	-3471	0	0	0	5.38	35469	11.88	11.94	11.77	11.96	0.42
sz002187	-2277	-429	0	0	128.83	24744	10.43	10.59	10.42	10.59	1.73
sh600368	-9303	-4511	-2075	0	-92.03	80142	5.36	5.43	5.35	5.45	1.12
sh600884	-26128	-4824	-2100	0	-1865.08	140467	18.89	18.91	18.60	19.03	-0.68
sh603976	0	0	0	0	162.65	10728	27.49	27.70	27.13	27.98	1.02
sh600348	-77523	-28788	-7418	0	-4790.40	336430	7.68	7.57	7.43	7.68	-1.43
sh603757	0	0	0	0	92.84	3788	55.79	56.36	55.13	56.52	1.02
sh600889	-931	0	0	0	-24.96	13777	8.33	8.32	8.21	8.33	0.12
sh600406	8176	3656	4302	0	2357.67	124221	17.83	17.87	17.66	17.98	0.34
sh600409	-65165	-25637	-11187	0	-2445.43	324933	9.97	9.89	9.80	9.97	-1.00
sh603996	3937	1000	0	0	-172.55	18192	17.99	17.88	17.64	17.99	0.51
sz000928	-4281	1526	-2069	0	-344.51	147715	6.75	6.81	6.69	6.86	0.59
sh600085	-2169	1195	0	0	3093.33	80177	34.70	34.65	34.33	34.88	-0.09
sz000921	-24014	-5756	0	0	-5109.98	122302	15.55	15.25	15.10	15.55	-2.12
sh603518	0	0	0	0	3.24	4773	19.29	19.47	19.12	19.50	0.46
sz000729	-67135	-16712	-6039	0	-872.81	262739	8.17	8.00	7.92	8.17	-2.08
sz002558	-3110	0	0	0	-1362.13	28155	34.28	34.34	33.85	34.50	-0.29
sh601689	-4434	0	0	0	-585.02	44012	21.88	21.54	21.44	21.88	-0.92
sh603889	-1381	0	0	0	-134.16	8208	14.61	14.38	14.34	14.61	-0.76
sz300027	182747	216084	116794	0	16524.40	1711629	9.62	10.37	9.62	10.57	6.58
sz300336	14714	12165	-4930	0	3396.17	299405	11.72	12.51	11.61	12.69	6.74
sh603569	-400	0	0	0	73.99	11474	25.00	24.99	24.78	25.52	1.22
sz002777	0	0	0	0	209.76	6232	31.11	32.33	31.03	32.77	3.95
sz002775	-180	0	0	0	115.85	23116	19.53	19.89	19.52	19.89	1.48
sh603566	0	0	0	0	-76.21	3939	21.80	21.88	21.64	22.06	0.88
sz002810	2643	0	0	0	-204.80	19821	25.28	26.10	25.26	26.34	2.92
sh603365	129	0	0	0	785.08	43478	22.69	23.44	22.65	23.64	3.53
sz002373	-12179	-1289	0	0	-674.48	109526	13.75	13.90	13.36	14.00	0.58
sz002375	-2336	4022	0	0	-120.05	68906	7.77	7.88	7.76	7.92	1.16
sz002191	-23200	-9902	-7215	0	-493.85	100089	8.89	8.96	8.87	8.99	0.45
sz300631	-1188	0	0	0	-515.47	20554	25.99	26.40	25.75	26.55	1.89
sz300633	-338	0	0	0	-206.29	17359	23.90	24.46	23.82	24.70	1.96
sz300632	0	0	0	0	-96.04	8942	20.82	20.97	20.51	21.02	1.06
sz300435	0	0	0	0	-20.20	2806	15.82	15.82	15.71	15.89	-0.44
sz300637	540	0	0	0	22.44	6353	19.76	20.14	19.57	20.25	2.39
sh603183	-939	0	0	0	-921.88	24493	44.99	44.62	43.73	45.08	-0.91
sh603181	-924	0	0	0	779.46	52530	24.90	26.10	24.88	26.20	4.40
sh603186	-591	0	0	0	223.21	8629	24.50	25.13	24.50	25.18	1.49
sh603968	1280	0	0	0	527.30	14289	19.23	19.63	19.13	19.67	2.08
sh603980	3445	-1144	0	0	1467.78	57405	21.40	21.88	21.27	22.16	2.00
sh603987	2087	1505	0	0	66.10	45435	12.39	12.62	12.33	13.10	1.86
sh603985	0	0	0	0	-64.75	4661	38.53	38.67	38.30	38.94	-0.28
sz000937	-47926	-22530	-11726	0	-2490.71	200710	6.07	6.01	5.95	6.07	-0.99
sz000932	-40309	-30288	-17642	0	607.10	274183	9.27	9.24	9.14	9.35	-0.32
sz002203	-579	0	0	0	-170.65	32721	7.87	7.89	7.79	7.93	0.38
sh600980	-1530	0	0	0	-21.92	23510	15.40	15.53	15.29	15.55	-0.32
sh600508	-10054	-1480	-2480	0	-37.86	64695	13.13	13.04	12.94	13.18	-0.53
sh600509	486	2000	2000	0	80.75	36601	6.84	6.86	6.80	6.89	0.29
sh600502	-3996	1832	3173	0	-185.73	98218	7.08	7.12	7.03	7.12	0.56
sh600053	-200	0	0	0	-202.02	8109	24.30	24.21	24.00	24.30	0.25
sh600054	-2232	0	0	0	-573.85	33690	14.28	14.38	14.19	14.40	0.63
sh600507	-26817	-6323	-2002	0	2606.66	385612	15.73	15.90	15.40	16.03	0.57
sh600057	-7412	-2039	-2039	0	-1119.36	76672	8.26	8.30	8.22	8.33	0.73
sh601900	4905	1043	0	0	425.56	39591	11.46	11.75	11.39	11.79	2.62
sh601127	1450	0	0	0	420.05	22296	19.54	19.61	19.32	19.63	0.87
sh600188	-16673	-4644	-3003	0	-4494.44	274477	16.63	16.48	16.07	16.66	-0.90
sz000596	-1648	0	0	0	-3411.25	29038	75.85	74.00	73.86	76.29	-2.49
sz000028	0	0	0	0	-1713.37	11057	62.81	62.06	61.83	63.10	-0.96
sz300100	-1335	0	0	0	-27.90	35445	15.05	15.10	14.85	15.27	0.67
sh603758	-2303	0	0	0	-465.22	37374	13.98	13.89	13.60	13.99	-1.77
sz300039	858	726	0	0	695.98	125103	6.60	6.80	6.60	6.86	2.10
sz300324	-14347	-216	0	0	-1151.28	150731	15.99	16.11	15.72	16.36	0.56
sz300252	521	0	0	0	-225.74	43210	14.88	15.04	14.60	15.08	1.55
sz300251	56528	99905	82288	0	12735.30	742232	11.56	12.68	11.44	12.68	9.97
sz000776	138071	143873	97132	0	25180.60	1433294	19.20	20.16	18.95	20.35	5.55
sz002527	-3338	0	0	0	-582.21	29855	9.81	9.90	9.73	9.92	0.41
sh600908	-102490	-48163	-36895	0	-2535.88	557721	9.19	9.13	8.92	9.34	-1.19
sz002443	-8823	-1070	0	0	-472.97	64024	9.05	9.04	8.93	9.11	-0.33
sz002699	-587	0	0	0	-153.84	10029	17.32	17.29	17.21	17.47	-0.75
sz002444	-7862	-1001	0	0	2.61	76404	12.92	13.11	12.81	13.14	0.92
sh603226	335	0	0	0	211.42	4678	29.72	30.16	29.52	30.30	0.77
sh603730	-200	0	0	0	-589.74	12419	34.45	34.55	34.13	34.71	0.12
sz002001	-56220	-14860	-9643	0	-32954.60	340201	43.00	40.40	40.21	44.38	-6.31
sh600606	-177296	-123969	-136790	0	-26128.10	2254210	9.77	9.60	9.42	9.90	-2.44
sh600293	-1760	0	0	0	5.23	39796	8.05	8.06	7.98	8.07	0.12
sh600708	-43293	-15345	-4704	0	-2074.71	309140	8.73	8.91	8.59	9.00	0.68
sh600282	-2858	71267	22464	0	9368.00	1560043	5.32	5.39	5.23	5.43	2.08
sh603880	300	0	0	0	-61.25	12704	25.13	25.41	24.88	25.66	0.71
sz300687	-200	0	0	0	286.83	10601	47.98	48.77	47.52	49.29	2.03
sh603387	0	0	0	0	-12.54	11114	58.77	59.47	58.11	59.95	1.76
sh603388	-4997	-1197	0	0	-660.07	67349	19.55	19.95	19.15	20.20	-1.58
sz000666	410	251	0	0	-193.30	64229	20.11	20.23	20.02	20.29	0.05
sz002493	-27	4925	37	0	385.08	153301	15.22	15.19	14.83	15.40	1.06
sz300505	-913	0	0	0	-828.50	20354	32.90	33.00	32.31	33.13	-0.78
sh600260	-1873	2000	0	0	-1325.21	48571	29.35	29.48	29.15	29.60	0.58
sh603286	-259	0	0	0	292.35	5190	43.87	43.09	42.60	43.87	-0.48
sh600007	529	0	0	0	589.11	15137	16.93	16.78	16.74	17.10	-0.89
sh600648	10	800	2000	0	-857.55	51653	19.00	19.16	18.96	19.36	1.75
sz002900	-333	0	0	0	-463.70	25416	28.89	29.16	28.62	29.30	1.07
sh600487	-3229	23440	19075	0	21251.30	402865	41.20	42.30	40.56	42.60	2.84
sz002242	-4036	-1260	0	0	-482.13	42207	18.11	18.17	18.00	18.21	0.11
sz000501	-3906	0	0	0	-578.26	53968	17.48	17.37	17.26	17.58	-0.23
sz002462	-1915	-1016	0	0	-190.75	16148	27.11	27.15	26.82	27.26	0.63
sz002867	-465	0	0	0	103.12	13096	28.02	28.35	27.91	28.53	1.14
sz002866	4557	4896	2197	0	-25527.17	151249	35.00	30.40	29.95	35.00	-8.65
sz002860	0	0	0	0	-297.33	10872	41.97	42.32	41.15	42.38	0.86
sh603106	-8377	-1088	0	0	-153.48	115120	25.84	26.22	25.10	26.47	1.67
sz000429	-10407	-1465	-5042	0	982.85	95928	8.36	8.50	8.36	8.55	1.67
sh603139	0	0	0	0	-70.91	5721	25.99	25.99	25.69	26.10	0.43
sz002668	1727	-1366	0	0	1935.80	44400	19.81	20.51	19.68	20.70	3.17
sz002061	7762	4078	0	0	-1641.72	79960	15.10	15.13	14.96	15.38	-0.20
sz300720	-423	0	0	0	-74.92	15112	30.64	30.98	30.47	31.07	1.61
sh603127	0	0	0	0	41.41	7407	56.61	57.67	56.40	57.69	0.82
sh600690	-44895	-16817	-15661	0	-24147.50	604843	22.51	22.04	21.65	22.59	-2.04
sh600565	-35332	-16543	-17833	0	-1479.20	258236	4.53	4.51	4.43	4.58	-0.44
sh600919	-96888	-62448	-39379	0	1679.90	1111861	8.20	8.18	8.13	8.37	-0.12
sh600681	-3301	-1006	0	0	310.14	54053	13.33	13.44	13.31	13.59	1.59
sh600684	-41367	-17255	-10134	0	-1532.88	161660	6.69	6.66	6.57	6.77	-0.45
sz300705	-252	0	0	0	-245.96	18710	27.57	27.89	27.43	28.20	1.60
sh600367	-6868	0	0	0	-280.41	52281	10.61	10.76	10.47	10.77	0.47
sz002155	-17739	-5199	-3111	0	325.98	106266	9.65	9.66	9.54	9.66	0.31
sz002872	-247	0	0	0	-17.18	10309	30.77	31.15	30.70	31.22	1.23
sh603305	-517	0	0	0	-119.99	21576	31.80	32.62	31.52	33.12	1.84
sz002572	-3096	0	0	0	1317.16	83413	39.08	38.50	38.40	39.14	-1.28
sz002889	-412	0	0	0	-590.23	41396	30.27	30.51	30.17	31.49	0.66
sz002881	4209	4435	3224	0	4523.74	53493	27.77	30.55	27.60	30.55	10.01
sz300620	0	0	0	0	10.07	8883	35.38	36.30	35.10	36.49	1.74
sh601666	-61394	-31827	-8267	0	-3454.17	312781	6.88	6.72	6.66	6.88	-2.18
sz300635	-17959	-7478	-5741	0	-7704.18	96076	22.66	21.45	20.81	22.68	-1.52
sz002206	-30627	-12072	-4775	0	-447.02	105335	5.66	5.63	5.55	5.68	-0.88
sh600518	-32580	-7963	-5379	0	-7320.67	187211	21.56	21.33	21.31	21.59	-1.25
sz300652	1972	1110	0	0	-474.56	16508	27.87	28.39	27.72	28.70	1.87
sh603233	0	0	0	0	-464.89	8065	48.73	47.72	47.65	49.16	-2.07
sh600295	-17011	0	0	0	-1721.24	96432	14.34	14.08	14.01	14.34	-1.40
sh600073	-15720	-14230	-5348	0	-1510.61	81388	8.12	8.15	8.10	8.17	0.25
sz300677	-303	0	0	0	-1856.02	18885	59.13	58.77	58.28	59.88	-0.46
sh600161	-1342	0	0	0	679.73	46850	28.93	29.26	28.66	29.29	1.32
sz000798	-4109	-1311	0	0	-204.06	24744	9.02	8.94	8.88	9.02	-1.22
sz002657	-472	3688	224	0	4440.54	161252	24.91	25.89	24.38	26.08	4.02
sz002317	-14154	-3999	-2500	0	-1822.46	58928	12.30	12.24	12.20	12.35	-0.33
sh603043	-337	0	0	0	-228.15	21406	19.56	19.68	19.41	19.76	0.66
sz000985	-831	0	0	0	49.88	5880	19.40	19.39	19.12	19.49	-0.56
sh603055	-568	0	0	0	28.09	43143	17.04	17.34	17.02	17.48	1.11
sh603129	-203	0	0	0	23.34	11344	26.59	26.85	26.29	26.90	0.98
sh601888	-6422	-1416	0	0	-1822.14	105368	49.95	49.45	48.88	50.50	0.98
sh603496	0	0	0	0	79.42	9036	31.30	32.13	31.30	32.16	1.23
sh603813	-5303	1004	0	0	2907.60	37353	30.05	32.89	30.05	32.89	10.00
sz002735	-250	0	0	0	-50.69	2714	32.40	32.35	32.20	32.79	-0.86
sz002891	0	0	0	0	-220.45	7164	34.19	34.39	34.00	34.69	1.21
sz002087	-13310	-2830	0	0	-438.60	80170	5.65	5.70	5.62	5.72	0.71
sh600415	-19775	-6782	-9191	0	-789.70	156021	6.03	6.06	5.99	6.09	-0.16
sh600090	2395	4489	2997	0	-8.86	49494	7.79	7.85	7.73	7.88	0.90
sh603688	-1705	0	0	0	-253.75	12958	13.90	13.85	13.80	14.03	-0.43
sz000923	461	2786	2786	0	-2102.76	65788	24.52	24.56	24.23	25.08	0.16
sh600629	-611	0	0	0	85.27	11808	14.96	15.02	14.82	15.03	0.60
sz300118	-97	0	0	0	283.89	49757	11.99	12.21	11.93	12.23	1.67
sh600325	-116549	-76443	-53783	0	-6212.61	673202	8.78	8.72	8.60	8.94	-0.57
sz000732	-72626	-47532	-32533	0	-31200.20	607472	42.44	41.46	40.35	43.69	-2.10
sz300647	0	0	0	0	79.69	9797	19.11	19.38	18.96	19.43	1.63
sz000756	25	0	0	0	-253.83	41419	12.58	12.70	12.55	12.74	0.55
sh603728	-200	0	0	0	-238.77	13320	22.00	22.15	21.66	22.18	0.68
sz300660	0	0	0	0	-50.17	5126	65.70	66.18	65.25	66.33	0.72
sh600019	-55395	22594	19015	0	-2499.20	2325136	9.26	9.30	9.19	9.47	0.65
sh600383	-47611	-21126	4702	0	-10674.30	677877	16.37	16.11	15.98	16.75	-2.48
sh603113	-1738	0	0	0	-561.49	31791	23.45	23.49	23.15	23.65	-0.47
sh603825	-1669	0	0	0	567.18	28980	31.00	32.89	30.48	33.60	4.25
sh600233	-1836	0	0	0	-471.89	23600	16.92	16.90	16.77	16.92	-0.12
sz000548	-4511	-1351	0	0	-135.55	29162	6.44	6.45	6.40	6.46	0.31
sh600308	-29120	-6078	-2529	0	-1510.04	134028	7.01	6.93	6.84	7.02	-1.28
sh603960	0	0	0	0	39.28	4380	27.55	27.98	27.30	28.08	1.23
sz300327	-323	0	0	0	743.21	34734	28.06	28.79	27.87	28.85	2.64
sz002690	-1730	0	0	0	424.98	33242	17.47	17.70	17.38	17.73	1.32
sh600196	-3503	4409	0	0	2694.10	221710	44.54	44.76	44.07	45.05	1.38
sh603385	-401	0	0	0	-216.95	17845	21.65	21.70	21.32	21.74	0.56
sz002902	3214	2034	2034	0	297.90	63440	43.00	44.65	42.50	44.70	2.13
sh603801	-520	0	0	0	-1753.28	12235	55.70	54.94	54.53	56.00	-1.95
sz002092	-62184	-25157	-20475	0	-5817.66	366981	14.92	14.73	14.54	14.97	-1.14
sz000002	-48408	2552	-9494	0	-10716.40	542629	40.70	41.13	40.46	42.24	0.37
sh603357	-151	0	0	0	-931.25	58885	24.11	23.89	23.61	24.28	-1.44
sz002875	-450	0	0	0	133.02	8925	27.23	27.03	26.75	27.23	1.05
sz002456	-50565	-15535	-1506	0	545.93	408454	18.63	18.58	18.25	18.80	-1.12
sz002597	-10623	-3100	-2089	0	-1117.22	90976	28.43	28.60	28.10	28.68	0.42
sz002394	-740	0	0	0	448.20	24737	12.39	12.49	12.38	12.51	0.48
sh601928	20466	9427	938	0	429.21	188905	8.22	8.43	8.21	8.48	2.43
sz000908	-21383	-16784	-11799	0	-889.90	45184	6.12	6.09	6.02	6.12	-0.65
sh600997	-36295	-15254	-8354	0	-1454.36	143573	6.38	6.26	6.21	6.39	-1.57
sz000698	-2616	1429	0	0	182.06	45685	5.93	5.95	5.90	5.97	0.51
sh600195	-1397	0	0	0	-615.80	37266	20.18	20.07	19.75	20.29	-1.62
sz000050	-458	2692	4514	0	4607.06	308185	19.36	20.14	19.21	20.15	4.46
sz002237	-22459	-4682	-2567	0	-182.49	121280	11.26	11.22	11.08	11.27	-0.09
sz300317	3986	2952	0	0	1725.93	70495	13.95	14.31	13.81	14.36	2.21
sz002648	-2073	1338	-2044	0	-543.09	172499	19.00	19.40	18.91	19.98	1.41
sz002757	-200	0	0	0	171.46	3724	38.43	38.50	37.83	38.68	0.18
sz002682	-2920	0	0	0	-58.48	22849	11.22	11.20	11.10	11.27	0.45
sh603238	0	0	0	0	-100.23	7478	22.40	22.38	22.16	22.40	0.40
sz002536	-3274	-521	0	0	-1491.87	39915	14.71	14.98	14.70	15.06	0.88
sh600299	2952	0	0	0	274.11	21211	11.87	12.08	11.56	12.09	2.20
sz000919	-7471	-1100	0	0	-317.31	32211	9.23	9.25	9.16	9.28	0.00
sh603659	-860	0	0	0	2053.07	52282	47.60	50.01	47.48	50.16	6.22
sz002827	-770	0	0	0	-47.79	17181	19.05	19.17	18.83	19.27	0.37
sh601811	0	0	0	0	-17.60	21795	12.94	13.15	12.78	13.19	2.02
sh600704	63152	51065	34948	0	2165.57	326271	7.25	7.42	7.23	7.46	2.63
sz300014	-199	3550	-2002	0	297.49	157149	18.15	18.43	17.84	18.47	1.49
sh603536	962	0	0	0	79.75	8319	19.91	20.27	19.72	20.29	1.76
sh600845	-185	0	0	0	4336.24	120041	18.80	20.37	18.35	20.66	7.72
sz300568	-271	0	0	0	316.07	13471	27.28	27.66	27.21	27.89	1.32
sh603886	1305	0	0	0	523.66	42125	19.27	20.13	19.20	20.98	5.06
sh600068	-23602	2293	-9845	0	-3222.72	533015	9.21	9.22	9.10	9.38	0.44
sh603860	-224	0	0	0	195.70	8186	34.88	35.54	34.66	35.68	1.95
sz300681	0	0	0	0	625.96	7720	51.69	52.50	50.50	52.75	1.57
sz000789	-131457	-60001	-40273	0	-16088.22	495578	12.42	11.94	11.80	12.43	-3.63
sh601398	150913	33858	-53114	0	-54526.70	5003507	7.49	7.40	7.30	7.66	-1.20
sz000898	7672	36420	8568	0	1199.60	607239	7.13	7.18	7.03	7.20	0.70
sh601390	6272	29347	19404	0	1319.90	824948	8.72	8.78	8.70	8.90	1.04
sz000090	-20978	-3328	-2318	0	-896.74	84297	11.06	10.98	10.85	11.08	-0.63
sz300068	-18379	-1593	0	0	-1649.77	82048	14.15	14.33	14.11	14.41	0.56
sz300670	0	0	0	0	-134.76	10488	22.20	22.48	21.92	22.72	1.17
sz300473	0	0	0	0	47.12	4025	41.20	41.85	40.56	41.88	1.60
sz300477	195	0	0	0	151.53	16503	23.00	22.95	22.77	23.13	-0.99
sz300476	3119	1089	0	0	-2744.12	62017	22.04	22.34	21.92	22.47	1.32
sz002790	-200	0	0	0	-40.09	3961	26.83	26.79	26.38	26.86	0.45
sz002793	-1134	0	0	0	-244.14	19176	16.19	16.22	15.90	16.22	0.19
sz002027	-36955	-14941	-15844	0	-9970.50	844782	15.05	15.05	14.65	15.08	0.40
sh600271	2224	14226	4804	0	7172.87	187196	21.12	21.74	21.06	21.90	2.64
sz002241	-5878	11835	6510	0	-128.34	368137	15.85	16.07	15.53	16.14	1.26
sh600016	204564	199035	200286	0	-8045.60	2516256	9.26	9.33	9.14	9.39	0.97
sz002802	2000	0	0	0	234.70	14603	28.35	29.21	28.09	29.28	2.49
sz002805	-575	0	0	0	-82.36	7223	27.33	27.38	27.00	27.55	-0.44
sh600388	-34882	-6703	-585	0	-18908.90	521336	15.95	15.50	14.91	15.95	-5.37
sz300697	-2029	-1280	0	0	-922.02	37710	23.70	23.89	23.50	24.20	0.38
sz000402	-25877	-2680	-3353	0	-2239.93	367676	12.19	12.19	12.09	12.47	-0.33
sh600120	-1103	0	0	0	-309.89	20506	23.91	24.06	23.82	24.10	0.33
sh600121	-16237	-3622	0	0	-562.95	60787	6.48	6.41	6.38	6.50	-1.23
sz000791	5956	846	0	0	589.11	76215	7.83	7.90	7.78	7.97	0.89
sz000883	-9308	-3008	-3223	0	-463.41	89405	4.75	4.77	4.73	4.79	0.00
sz000089	15425	37319	26472	0	2223.25	433187	8.95	9.31	8.94	9.32	3.44
sh600723	-3062	0	0	0	-101.88	21618	8.55	8.56	8.50	8.58	0.00
sh600873	-6633	-616	-1754	0	269.91	140285	5.30	5.33	5.27	5.35	0.57
sz002795	-5428	-1395	0	0	-120.37	55051	17.00	17.20	16.70	17.30	-0.58
sz300212	3666	3253	2000	0	3521.40	82898	26.51	28.17	26.36	28.17	6.34
sz002385	17515	6970	8896	0	1438.02	469163	6.83	6.81	6.66	6.92	0.74
sz300507	0	0	0	0	126.97	11525	28.50	29.11	28.21	29.19	1.78
sh600867	-9507	-4038	0	0	12.84	100031	24.79	24.69	24.22	24.85	-0.36
sh603266	0	0	0	0	30.52	5276	26.05	26.26	25.80	26.36	1.27
sh603269	3321	2083	0	0	932.61	38489	26.35	27.36	26.35	27.50	2.66
sz002014	-1667	-1000	0	0	5.80	12714	11.70	11.66	11.61	11.77	-0.26
sh603067	256	0	0	0	-10.46	16952	12.96	13.07	12.92	13.13	0.15
sh600269	1108	-5516	397	0	561.40	393341	5.35	5.40	5.34	5.49	0.75
sh603605	-3699	4316	6920	0	8202.08	86339	28.45	31.43	28.38	31.43	10.01
sh603608	-1635	0	0	0	-33.52	14144	10.73	10.90	10.71	10.97	0.83
sh600395	-26095	-7502	814	0	-1443.03	162365	7.34	7.25	7.15	7.34	-0.41
sz002879	6426	5378	3492	0	1334.22	28498	55.06	55.58	54.07	55.89	0.94
sh600461	2540	3989	0	0	154.41	34191	6.22	6.25	6.18	6.26	0.48
sh603116	634	0	0	0	128.66	14744	15.56	15.58	15.41	15.62	0.06
sh600133	-19464	-2400	0	0	-586.08	104761	9.97	9.94	9.82	9.97	-0.10
sh600643	-34093	-7243	-4222	0	235.76	238623	11.23	11.23	11.07	11.29	-0.35
sz002907	-22092	-7435	-4012	0	-10120.65	236787	37.14	39.37	36.51	41.15	4.49
sz300043	5199	11073	9365	0	512.88	189350	6.33	6.53	6.25	6.55	3.32
sz300041	-2927	0	0	0	-171.38	26881	9.63	9.79	9.56	9.79	1.03
sz300195	86	0	0	0	171.26	20035	14.00	14.26	13.88	14.41	1.78
sz300190	-562	0	0	0	167.32	28306	11.38	11.67	11.38	11.67	2.19
sz300222	-6615	-1241	0	0	91.98	119560	20.65	21.39	20.47	21.69	2.84
sz300532	-221	0	0	0	501.97	16367	23.75	24.36	23.65	24.47	2.14
sz300530	0	0	0	0	121.92	5531	35.69	37.23	35.69	37.97	3.68
sh600826	-2617	-1188	0	0	-84.66	21863	13.42	13.54	13.33	13.57	0.67
sz300450	-1863	0	0	0	-4689.68	57680	51.72	51.89	49.50	52.58	0.86
sz002009	628	0	0	0	-1.70	43476	16.08	16.86	16.02	16.91	5.11
sz002007	-27765	-8310	2030	0	-9957.06	101829	27.30	27.24	26.98	27.36	-0.22
sz002862	795	1000	0	0	10.66	5434	27.40	27.60	27.10	27.72	1.55
sh603108	11594	10142	0	0	4027.60	151618	13.02	13.71	12.92	13.85	5.22
sh600499	-51900	-27968	-17401	0	-4198.04	227958	10.15	10.02	9.92	10.18	-1.38
sh600030	610590	678248	704593	0	95778.00	5070885	21.40	22.92	21.15	22.95	8.06
sh600036	-40552	9232	-9088	0	-25898.00	1176483	34.25	33.85	33.45	35.35	-0.59
sz000423	-4937	0	0	0	-2541.22	80420	68.31	67.89	66.80	68.38	-0.25
sz002127	-19509	1342	-2183	0	-375.71	183013	12.49	12.90	12.28	13.49	2.54
sz300183	-4139	-1015	0	0	1581.95	65310	17.85	18.32	17.82	18.35	2.06
sz300180	-1494	0	0	0	-399.35	13090	24.34	24.31	24.00	24.44	-0.12
sz300236	-38	0	0	0	1541.40	39005	29.64	30.24	29.53	30.40	1.99
sz000701	1340	0	0	0	215.85	36132	10.04	10.15	9.96	10.17	1.20
sz300494	4813	-1961	0	0	2348.69	84867	17.20	18.09	17.02	18.29	5.17
sz002672	-6711	-1360	0	0	-621.11	34773	15.98	15.85	15.76	16.05	-0.69
sh603488	561	0	0	0	287.27	15750	20.11	20.15	19.85	20.32	0.00
sh600808	8060	44288	41423	0	4949.97	900062	4.34	4.39	4.32	4.44	0.92
sh600803	-1450	760	2145	0	106.39	111816	14.40	14.53	14.22	14.54	1.75
sh603042	-213	0	0	0	285.89	23870	26.62	27.12	26.30	27.30	1.88
sh603041	415	0	0	0	194.47	8457	22.11	22.50	21.83	22.59	1.72
sh603917	-2215	0	0	0	-663.24	40001	26.93	26.90	26.66	27.30	0.41
sh600933	-7768	-1017	0	0	-389.54	101932	16.50	16.66	16.31	16.84	0.00
sz002294	-945	0	0	0	-1146.23	59681	41.37	41.39	41.05	41.98	0.49
sh601999	-4950	-1655	-3398	0	130.52	55715	7.56	7.77	7.53	7.95	2.24
sz002120	-434	0	0	0	-40.96	10894	45.00	44.86	44.39	45.89	1.08
sh603131	-224	0	0	0	-396.54	20992	22.45	21.96	21.85	22.45	-2.05
sh600113	-382	-8	0	0	-57.17	68946	10.75	10.93	10.68	11.07	1.77
sh600118	268	1197	0	0	430.04	49134	24.36	24.55	24.20	24.57	0.78
sz000635	-1023	0	0	0	-252.00	17999	14.85	14.93	14.69	14.94	0.67
sh600023	-79887	-16822	-5296	0	-1115.11	515903	5.89	5.88	5.80	5.93	-0.17
sz002223	6941	76	0	0	4413.48	158655	20.90	21.70	20.75	21.95	5.29
sz002222	2964	-3	0	0	1860.46	97810	17.03	17.21	16.63	17.30	1.41
sz300522	0	0	0	0	69.04	13648	19.70	19.96	19.35	20.18	0.05
sz300526	-11025	-2167	0	0	-2346.61	68628	19.00	19.18	18.60	19.57	-1.29
sh603456	-112320	-97794	-88336	0	1589.20	146567	18.01	18.01	17.91	18.01	10.02
sz002661	1303	2000	0	0	333.73	26353	14.38	14.19	14.06	14.69	-1.46
sz300550	0	0	0	0	-54.91	4382	30.90	31.39	30.73	31.40	1.32
sz300558	113	0	0	0	-580.66	10413	62.08	62.95	61.36	63.06	0.98
sz300559	0	0	0	0	-338.65	9425	41.40	42.21	41.00	43.95	4.02
sh603555	-1174	3964	0	0	-985.91	56196	20.78	20.17	20.10	21.00	-2.94
sh600837	104975	141925	106654	0	12279.80	912427	14.14	14.52	13.97	14.63	2.83
sh603903	0	0	0	0	149.19	12476	38.17	38.15	37.65	38.60	0.79
sz300722	-2057	0	0	0	-589.02	38237	35.95	36.64	35.81	36.74	2.06
sz002110	-35232	2959	9143	0	-1684.50	368005	24.20	24.71	23.76	25.04	1.44
sz002116	-2394	0	0	0	-624.94	19487	10.20	10.22	10.15	10.23	0.29
sh600345	-1801	0	0	0	2031.50	86030	30.31	31.28	29.81	31.36	2.62
sh601985	4679	25050	23530	0	2896.41	464216	7.58	7.61	7.50	7.65	0.40
sh600697	555	0	0	0	224.71	12753	25.45	25.62	25.36	25.65	0.67
sh600694	-1030	0	0	0	-510.47	16623	36.74	36.39	36.04	36.83	-0.41
sz000623	5925	19005	7011	0	8109.40	326184	23.30	23.80	23.12	23.86	2.41
sz000620	-8696	-1065	0	0	128.28	63315	6.55	6.70	6.50	6.74	2.76
sh601366	-4643	0	0	0	9.57	41292	10.74	10.84	10.70	10.88	0.93
sh600562	-490	0	0	0	120.71	24763	20.40	20.61	20.21	20.62	0.88
sz001979	-103690	-24564	-14745	0	-13390.10	536182	25.40	24.99	24.80	25.90	-2.69
sh601966	-4740	-2349	0	0	351.57	25259	18.05	17.97	17.84	18.11	-0.11
sh601965	-5364	-1000	0	0	-454.51	18710	8.32	8.37	8.32	8.39	0.12
sz002612	-2664	0	0	0	-334.77	15903	12.35	12.24	12.18	12.36	-0.89
sz300548	0	0	0	0	287.93	6794	43.53	44.38	42.70	44.48	2.40
sh600917	-4061	1021	0	0	-657.69	240604	9.80	10.39	9.80	10.69	6.24
sz300718	-713	0	0	0	31.31	26433	39.86	40.98	39.71	41.35	2.71
sh603336	-637	0	0	0	34.74	20279	21.35	21.92	21.21	22.05	2.10
sh600354	-13905	-3781	0	0	-415.11	58717	7.07	7.06	6.97	7.08	-0.42
sh603218	-575	0	0	0	-323.70	17829	22.61	22.39	22.33	22.61	-0.93
sz002540	2009	5179	1187	0	-609.46	45561	7.46	7.43	7.40	7.47	-0.40
sz000408	-19238	-1902	1000	0	-2702.02	80654	17.51	17.13	17.03	17.63	-2.11
sz000612	-2684	-270	0	0	-661.95	55133	8.63	8.52	8.39	8.65	-1.27
sh600594	-4468	-6393	0	0	657.55	132131	10.40	10.43	10.31	10.47	0.48
sh600593	747	0	0	0	145.29	18252	31.34	31.31	30.84	31.56	-0.16
sz000544	-1740	0	0	0	-33.77	18923	14.70	14.57	14.47	14.72	0.34
sz300395	1162	0	0	0	446.25	21128	15.05	15.52	14.87	15.59	3.47
sz000541	2242	2641	4835	0	-14.26	129218	9.41	9.51	9.38	9.55	0.85
sh600986	1146	0	0	0	225.44	30008	10.67	10.97	10.66	10.97	2.05
sz300572	0	0	0	0	470.74	8025	69.00	70.18	68.88	72.15	1.26
sz002601	-13088	-3651	0	0	-895.87	120961	17.14	17.18	16.87	17.26	0.00
sh600985	-5918	0	0	0	-700.86	47834	15.35	14.95	14.71	15.47	-2.22
sz300375	-354	-1348	0	0	745.35	39560	16.16	16.40	16.16	16.64	0.99
sz002731	-318	0	0	0	-34.12	6221	17.70	17.66	17.50	17.70	0.11
sz002737	0	0	0	0	290.08	16784	32.20	33.00	32.10	33.00	1.66
sh600969	455	1784	0	0	-112.64	13948	12.52	12.56	12.48	12.56	0.16
sh600966	-28833	-19297	-16042	0	-2143.31	203559	6.21	6.12	6.09	6.22	-1.45
sz002139	-13057	-1720	0	0	-2444.52	124706	10.20	10.26	10.07	10.35	0.79
sh603499	0	0	0	0	93.95	15178	24.25	24.67	24.25	24.85	1.65
sh603816	-2988	0	0	0	-243.13	15330	62.80	61.86	61.01	62.80	-1.54
sz002555	40754	23995	10472	0	9808.58	289571	18.71	20.30	18.48	20.43	9.26
sz000605	-1884	0	0	0	-21.62	31091	18.29	18.38	18.03	18.62	0.44
sh601766	-86960	-77648	-83606	0	-33409.40	1847559	12.49	12.47	12.25	12.52	-0.32
sh600141	-24537	-17481	-7513	0	-3481.21	114497	17.57	17.29	17.17	17.77	-1.76
sz300145	-19928	-7865	-3282	0	-441.53	191562	12.23	12.47	12.06	12.52	1.80
sz002635	-14083	-2247	0	0	-3998.28	148098	22.66	22.49	22.33	22.90	-0.71
sz300563	0	0	0	0	75.44	3939	29.29	29.81	29.06	29.84	2.09
sz300360	-3646	0	0	0	-264.78	27220	10.60	10.69	10.48	10.70	0.85
sh603001	-2974	0	0	0	-402.30	17509	14.41	14.48	14.36	14.50	0.00
sh600979	-510	1014	0	0	78.28	22474	5.22	5.22	5.19	5.23	0.38
sh600976	-282	0	0	0	118.20	10623	23.78	24.15	23.70	24.17	1.00
sh603319	-14150	-10130	-9130	0	2184.79	20272	33.11	33.11	33.11	33.11	10.00
sh600797	1347	8638	10063	0	586.81	215892	12.20	12.47	12.06	12.55	1.96
sh600559	-11019	-1090	0	0	-4118.78	84914	31.78	31.25	30.91	31.82	-2.13
sz000498	-8223	54	0	0	-785.38	53928	6.94	6.89	6.87	6.98	-0.29
sh600419	0	0	0	0	-333.74	6941	44.30	43.51	43.23	44.30	-1.78
sz002877	-334	0	0	0	1004.10	25765	22.60	23.32	22.33	23.55	3.64
sz002624	-13639	-994	0	0	1694.87	113044	31.18	32.80	30.35	33.55	4.69
sz000951	13120	7063	5007	0	4683.50	153823	17.20	17.94	17.13	18.10	5.59
sh603017	-311	0	0	0	-34.80	3466	15.65	15.64	15.55	15.71	-0.26
sz002047	-7880	4096	4098	0	67.95	92147	7.21	7.23	7.09	7.23	0.42
sz002158	-1041	2361	3208	0	256.17	135009	12.60	12.86	12.46	13.10	1.74
sz002391	-2709	0	0	0	-586.48	23752	15.09	15.25	15.06	15.27	0.66
sh603168	-5130	0	0	0	-409.88	55581	13.71	13.89	13.60	14.14	1.09
sh600895	-3496	-1227	0	0	-2447.29	42292	14.75	14.71	14.66	14.85	-0.20
sh600093	-50833	-22450	-10138	0	-5466.18	566558	14.85	15.51	14.31	15.90	0.45
sh600528	-22721	-4502	-2363	0	1274.62	143808	12.76	12.78	12.62	12.98	0.08
sz002905	-631	-374	0	0	2277.41	84593	35.77	37.98	35.55	38.23	6.12
sh601211	34490	85118	71769	0	11591.90	960736	20.76	21.38	20.43	21.51	3.24
sz000826	-6828	0	0	0	-3581.18	42685	31.89	31.65	31.54	31.95	-1.09
sz300294	-261	0	0	0	-162.70	20041	31.85	32.72	31.44	32.79	3.19
sz300347	-9	0	0	0	-1367.36	25882	34.91	35.28	34.60	35.50	0.77
sz002422	-1524	0	0	0	929.69	71017	26.30	25.91	25.54	26.31	-1.48
sz002763	-750	0	0	0	-90.89	12239	13.45	13.58	13.38	13.58	0.52
sz002166	-3301	-1411	0	0	-32.65	75587	10.43	10.67	10.40	10.85	2.30
sz300622	-205	0	0	0	5.43	6283	24.75	25.09	24.56	25.30	1.29
sh600081	-697	0	0	0	24.54	9925	12.45	12.49	12.31	12.58	0.24
sz000039	-37266	-11200	-2187	0	-5966.26	169337	22.41	22.05	21.78	22.51	-1.34
sh600657	-42401	-22488	-6507	0	-1608.88	212647	6.48	6.38	6.34	6.57	-0.93
sz002195	43826	56544	33757	0	4101.94	725546	6.22	6.43	6.12	6.48	3.38
sz002518	-38	0	0	0	4.93	15250	16.93	16.97	16.81	17.08	-0.29
sh600436	-823	0	0	0	-1848.70	39812	76.20	75.96	75.38	76.98	-0.87
sh600326	-45234	-15323	-3418	0	-4094.09	195441	10.21	10.01	9.96	10.22	-1.48
sh600056	-16873	-2712	-2028	0	655.07	130539	22.55	22.50	22.18	22.58	0.04
sh600618	-2722	0	0	0	-287.72	36163	11.44	11.37	11.31	11.44	-0.18
sh600619	-3364	0	0	0	-200.47	31293	11.11	11.19	11.11	11.22	0.09
sz000021	9474	8256	-2584	0	1466.82	442762	9.61	9.83	9.53	9.93	2.40
sz000848	-9826	2323	3498	0	-1395.37	87964	10.29	10.10	10.02	10.34	-2.42
sz300723	-1756	-1414	0	0	-1098.58	51210	37.50	37.83	37.48	38.50	0.93
sz002749	0	0	0	0	-157.19	4158	66.00	66.39	65.36	66.85	0.20
sz002521	-8030	0	0	0	-3.04	25561	9.52	9.43	9.40	9.52	-0.74
sh603225	-813	0	0	0	-951.37	42813	38.93	39.29	38.65	39.42	0.38
sz000902	-3157	867	2100	0	-470.53	45276	10.06	9.96	9.85	10.08	-1.48
sh603648	479	-543	3715	0	-2670.89	206462	23.30	22.99	22.88	24.25	1.37
sh600999	28909	37940	25261	0	20076.60	695181	19.48	20.64	19.17	20.69	6.45
sz002831	-200	0	0	0	368.90	8249	58.63	58.85	58.07	59.28	0.43
sz300137	-730	1131	2431	0	863.26	127725	21.53	21.69	21.22	21.88	0.88
sz002238	-1242	0	0	0	-161.04	18415	9.60	9.65	9.46	9.67	0.52
sz002753	0	0	0	0	-216.36	8558	19.61	19.64	19.43	19.70	0.10
sz300650	-265	0	0	0	-290.89	5853	40.00	40.11	39.53	40.25	0.12
sh603722	199	0	0	0	98.97	31052	38.00	39.44	37.99	40.30	2.57
sz000915	-17240	13	0	0	-3516.56	158699	27.98	26.73	26.60	27.98	-4.47
sh601107	12929	11325	2160	0	630.26	102974	4.33	4.39	4.31	4.42	1.39
sh600452	0	0	0	0	193.37	11490	34.10	34.33	33.40	34.39	0.59
sz000869	-1080	0	0	0	-877.00	22236	38.20	38.10	37.66	38.30	-0.55
sz000860	-14202	-3033	0	0	-2819.54	101151	20.50	20.19	19.96	20.73	-1.56
sz300306	-1214	0	0	0	-199.65	22405	14.66	14.88	14.46	14.97	1.99
sz300271	14722	13935	2000	0	5054.92	172977	15.57	16.50	15.55	16.60	5.43
sz002323	-15470	-6236	5427	0	-3563.39	273993	6.91	6.96	6.73	7.13	0.43
sh603083	0	0	0	0	290.17	42204	47.87	49.07	47.05	49.49	2.49
sh603882	-577	0	0	0	-55.30	24673	29.74	30.19	29.22	30.46	0.50
sh603203	0	0	0	0	-101.90	5154	37.66	38.01	37.30	38.10	0.98
sh603977	-1804	0	0	0	-256.67	11847	13.45	13.43	13.21	13.48	-0.30
sh603869	-361	0	0	0	-42.99	8391	21.39	21.51	21.35	21.55	0.28
sz000417	-5547	-439	0	0	-938.47	50816	8.05	8.07	8.01	8.07	0.25
sz002563	745	1007	0	0	-116.95	40508	8.86	8.84	8.81	8.96	-0.23
sh603005	1036	1000	0	0	496.12	38652	29.50	30.37	29.03	31.05	3.51
sz300470	923	0	0	0	335.65	9368	42.29	42.41	42.00	42.51	0.28
sh603707	709	0	0	0	444.73	18949	28.26	28.62	28.00	29.01	1.24
sz002791	0	0	0	0	-93.38	8036	19.27	19.37	19.15	19.38	0.47
sz002025	147	0	0	0	2784.11	59640	22.10	22.43	21.56	22.53	1.17
sz002028	-1299	0	0	0	-38.10	18485	14.80	14.93	14.70	14.95	-0.13
sh603890	-690	0	0	0	-305.12	43546	38.75	38.90	38.46	39.30	0.46
sh603679	-1336	0	0	0	-611.11	11158	24.24	24.15	23.83	24.36	-0.54
sz000669	4847	4042	0	0	895.65	62055	13.60	13.76	13.53	13.95	0.58
sz002801	0	0	0	0	-348.56	4259	34.00	34.20	33.81	34.29	0.59
sz002800	0	0	0	0	-0.59	7442	30.55	30.75	30.51	31.55	0.65
sh600477	252	9519	9032	0	595.12	164221	9.03	9.05	8.88	9.07	0.56
sh600658	-8424	-3748	0	0	27.68	42938	10.58	10.60	10.42	10.63	0.09
sz000400	-4621	-1500	0	0	2.52	76637	12.47	12.57	12.41	12.58	0.80
sh600498	-364	1017	0	0	4194.86	131130	27.94	28.80	27.54	28.85	3.30
sh600491	-7184	-2224	0	0	-76.83	58593	9.94	9.88	9.78	9.94	-0.10
sz000881	-5539	-1585	0	0	-796.14	30667	12.80	12.70	12.50	12.82	-0.70
sh601019	29592	23795	-2219	0	5495.52	424418	12.40	12.89	12.39	13.18	4.12
sh600872	-1276	0	0	0	-2310.06	59187	27.61	28.29	27.51	28.68	2.17
sh603098	-489	0	0	0	-354.90	20991	17.64	17.57	17.52	17.77	0.11
sh603879	3408	3000	3000	0	139.70	14500	18.60	18.92	18.50	19.10	2.27
sz002496	968	3482	7366	0	1838.04	216113	5.64	5.72	5.64	5.82	1.42
sz002499	-1220	0	0	0	-852.44	22096	19.48	19.10	18.46	19.57	-1.90
sz300502	496	0	0	0	1316.81	47252	24.70	25.10	24.10	25.32	1.83
sz300447	0	0	0	0	-252.12	12429	18.20	17.99	17.71	18.20	-0.55
sh603260	-6298	-3156	0	0	1320.03	127940	64.98	65.35	62.98	66.66	2.00
sh603063	-216	0	0	0	193.30	20950	17.79	18.00	17.76	18.17	0.61
sh603066	-905	0	0	0	55.94	20980	12.72	12.62	12.58	12.86	0.00
sh600261	-4367	0	0	0	233.30	53944	5.28	5.27	5.25	5.28	0.00
sh603283	-3118	-1127	0	0	-378.06	94743	29.92	30.48	29.58	31.35	1.16
sz002273	3953	998	0	0	1249.83	139252	21.21	21.42	20.90	21.63	2.34
sz002472	-15829	-6111	-3000	0	-792.64	49816	9.18	9.09	9.04	9.21	-0.98
sh603609	-208	0	0	0	-76.44	18413	8.75	8.83	8.73	8.86	0.80
sz000657	-374	0	0	0	-23.33	37309	12.42	12.48	12.23	12.50	-0.16
sh600000	60286	160845	170749	0	54413.00	3796536	12.97	13.57	12.89	14.00	5.19
sh600398	-18678	-9556	-7242	0	-2776.80	132440	10.45	10.40	10.29	10.56	-0.10
sh600132	-4251	-2535	0	0	-1082.31	26644	22.23	22.32	22.00	22.54	-0.84
sh600137	-7715	625	1744	0	-4107.96	91824	26.20	25.30	25.08	26.75	-0.12
sh600642	13445	13786	3571	0	-833.67	202222	6.06	6.10	6.04	6.13	0.99
sh600480	-127	0	0	0	191.50	39797	15.55	15.69	15.33	15.77	0.51
sh603500	-1518	0	0	0	-567.46	18472	26.59	26.51	26.21	26.85	-0.30
sz300042	-334	0	0	0	-202.15	3705	31.20	31.30	31.04	31.50	-0.16
sh600015	-13724	41841	41564	0	4332.70	1080119	10.01	10.07	9.87	10.19	0.80
sh600012	3238	2397	0	0	961.50	61887	11.08	11.80	11.02	12.12	6.69
sz300197	-11860	2146	-4889	0	-1329.01	175203	11.21	11.36	11.03	11.40	0.62
sz002310	-2850	-3009	-3009	0	236.74	124580	19.21	19.17	19.01	19.30	-0.05
sz300535	-200	0	0	0	-244.58	9531	35.37	35.84	35.03	35.87	1.04
sh600820	-4288	788	285	0	-835.37	204837	8.46	8.52	8.45	8.60	0.83
sz002003	-3861	-2473	0	0	-19.61	27065	12.37	12.42	12.28	12.45	0.49
sh603299	-5804	-3348	-2025	0	-589.61	71119	10.90	11.00	10.85	11.09	-0.45
sz002262	52	243	0	0	-118.52	57991	15.28	15.33	15.10	15.54	-0.20
sz002865	-432	0	0	0	-280.76	14093	22.79	22.87	22.20	23.04	0.35
sz002911	-12919	-2521	-2521	0	-1836.64	169565	30.49	32.22	30.43	32.82	5.88
sh600741	-5398	3273	0	0	174.77	209106	26.98	27.65	26.95	27.69	2.64
sh600742	-15563	-4810	-4810	0	-1988.77	53353	17.35	17.33	17.11	17.35	-0.23
sz300182	44307	43916	22294	0	6706.24	514346	9.38	9.80	9.35	10.00	4.59
sz002537	-8386	-71	0	0	219.98	64448	9.98	10.07	9.74	10.09	0.30
sz002675	5405	2194	0	0	1424.75	53282	10.61	11.04	10.50	11.13	3.76
sz002673	8373	54752	23356	0	5368.20	990697	13.35	13.62	13.35	13.98	3.65
sz002581	-6112	-2113	0	0	-942.86	25038	18.15	17.92	17.81	18.19	-1.27
sz002100	-6437	0	0	0	-174.09	22544	8.35	8.32	8.28	8.38	-0.24
sz002450	-22776	-3043	11161	0	-8081.40	478118	20.87	20.95	20.19	21.14	0.00
sh601992	-59285	-5346	10326	0	269.81	878619	5.88	5.92	5.80	6.03	0.68
sh600115	-155565	-62810	-62745	0	5160.50	1042609	7.98	8.01	7.80	8.07	0.50
sz000988	-15707	-1102	0	0	-2682.65	115911	15.70	15.80	15.47	15.83	0.89
sh600754	-3225	0	0	0	-590.13	45626	38.98	37.96	37.58	38.98	-2.87
sz002677	-4344	0	0	0	44.44	18001	16.92	16.90	16.66	16.96	-0.24
sz000686	-30134	-11358	-13454	0	1309.65	445261	9.35	9.48	9.26	9.57	1.61
sz300554	-210	0	0	0	91.36	13471	72.20	71.80	70.61	74.00	-0.60
sz002068	-23051	-10050	-7206	0	-379.95	86902	10.35	10.25	10.14	10.35	-1.16
sh603900	-1556	0	0	0	161.93	19511	30.75	30.85	30.65	31.55	-0.45
sh600900	-17563	-7639	-8080	0	-3860.59	274141	16.14	16.01	15.99	16.16	-0.74
sh603633	-1276	0	0	0	-220.48	9643	18.18	18.24	18.00	18.30	0.16
sz002441	-2729	0	0	0	-255.70	22912	9.92	10.04	9.89	10.05	0.60
sz002111	-4343	0	0	0	45.05	21961	15.11	15.22	15.10	15.30	0.26
sz002449	208	0	0	0	-299.11	56296	16.10	16.27	15.97	16.34	0.43
sh601988	-245627	-167693	-213946	0	193.20	5447228	4.71	4.69	4.62	4.79	0.21
sz000960	-115908	-52525	-22264	0	-8160.40	678790	15.75	15.41	15.12	15.75	-1.03
sh600160	-18299	-7100	0	0	-688.33	137463	11.03	11.06	10.92	11.11	0.36
sh600168	-4381	-1600	0	0	-2.99	27341	8.42	8.46	8.36	8.49	0.48
sz000627	-26552	1391	5157	0	-2432.41	204541	8.68	8.55	8.47	8.69	-1.84
sh600765	-1959	1000	0	0	121.88	42347	11.92	12.00	11.91	12.05	0.42
sh600563	-153	0	0	0	1579.59	28538	45.70	46.55	45.56	46.67	2.31
sh601566	-4241	-1227	0	0	-487.81	21153	14.34	14.31	14.24	14.34	-0.14
sz300097	524	0	0	0	308.23	64414	25.46	26.09	25.00	26.09	2.56
sz300408	-12171	-5020	-2000	0	-2180.21	127231	20.28	20.32	19.77	20.52	0.05
sh603025	0	0	0	0	-204.65	12197	31.88	31.46	31.39	31.88	-1.32
sh603020	-250	0	0	0	-67.70	7305	12.00	12.06	11.91	12.07	0.17
sz002128	-49663	-19088	-8172	0	-2651.38	189715	11.41	11.27	11.13	11.46	-0.97
sh600173	-29461	-6447	0	0	-572.93	136103	6.34	6.30	6.23	6.44	-1.10
sh601886	-11436	-5230	-2350	0	1865.37	110628	9.30	9.36	9.30	9.60	1.08
sh600572	27015	34398	36121	0	511.79	115173	7.15	7.24	7.05	7.39	1.40
sh601088	-91409	-41502	-27995	0	-1157.50	447505	25.20	24.79	24.47	25.32	-0.72
sz300575	0	0	0	0	281.33	7489	39.82	41.05	39.77	41.20	2.62
sz002732	-242	0	0	0	128.54	6636	28.60	28.86	28.57	28.89	0.38
sz002551	6236	2430	2430	0	-46.35	80235	9.06	9.20	8.96	9.34	1.66
sh601163	-401	0	0	0	-562.04	24678	20.39	20.34	20.21	20.40	0.30
sh600787	-25319	-787	407	0	555.93	282728	11.70	11.80	11.66	12.04	0.34
sh601231	983	4473	4473	0	606.01	74858	14.01	14.26	13.86	14.33	1.64
sz000553	-13862	-3466	0	0	-1852.49	98292	17.67	17.52	17.34	17.78	-1.90
sz002701	-2236	0	0	0	-575.23	66111	5.97	6.04	5.97	6.05	0.83
sh601158	-2133	0	0	0	-166.77	41719	6.55	6.57	6.52	6.58	0.15
sh600376	-27757	-10231	-2698	0	-2419.28	117072	11.07	10.86	10.76	11.15	-1.81
sz000011	-3095	1430	0	0	-772.62	48603	17.87	17.80	17.62	18.00	-0.73
sz000651	-89835	-29062	-20855	0	-27584.00	627582	56.70	55.77	55.18	56.72	-1.80
sz300286	0	0	0	0	40.42	6042	17.50	17.76	17.41	17.81	1.14
sh603010	0	0	0	0	1.52	11161	25.77	25.36	25.22	25.79	-1.59
sh603018	-467	0	0	0	-459.42	17045	26.51	26.26	26.18	26.56	-0.91
sz002396	2524	1339	0	0	4066.42	111525	19.82	20.37	19.45	20.46	2.77
sz002393	-257	0	0	0	585.24	9073	31.33	31.80	31.28	31.84	1.50
sz002407	-1308	-1108	0	0	-1547.73	80290	19.97	20.07	19.87	20.11	0.30
sh603767	883	0	0	0	84.05	23031	15.21	15.30	14.95	15.35	1.46
sz000957	-15882	-3246	0	0	-448.78	80494	10.54	10.62	10.42	10.62	-0.56
sh600521	-3686	115	0	0	614.47	79817	29.50	28.89	28.20	29.75	0.66
sh600630	-9938	-314	0	0	-502.18	72021	10.84	10.70	10.62	10.84	-0.56
sz300349	-1751	0	0	0	-810.54	28482	39.00	40.02	38.78	40.70	1.78
sz002788	-211	0	0	0	-313.53	23219	29.66	30.19	29.60	30.68	1.65
sh603377	0	0	0	0	-28.04	5573	39.80	39.66	39.38	39.80	-0.43
sh603970	170	0	0	0	171.04	36693	28.52	28.87	28.31	29.40	0.38
sh603990	0	0	0	0	64.41	1555	36.54	36.79	36.08	37.09	-0.65
sz000726	-3836	2798	0	0	-624.04	51541	11.15	11.20	11.12	11.21	0.45
sh601139	9932	10696	3274	0	-358.96	194895	7.94	8.08	7.93	8.20	2.02
sh600628	-3059	0	0	0	-177.95	29277	10.30	10.34	10.25	10.34	0.29
sz000582	-567	1649	2163	0	-785.51	39890	9.96	10.03	9.96	10.06	-0.30
sh603885	-4980	0	0	0	189.22	49508	15.43	15.61	15.30	15.76	1.17
sz300246	-976	0	0	0	-96.97	17567	19.61	20.19	19.48	20.45	2.49
sz002376	26638	16659	3002	0	5003.43	209297	12.68	13.41	12.67	13.51	5.67
sz002590	571	0	0	0	55.85	22728	12.60	12.81	12.58	12.86	0.31
sz000603	-74598	-41911	-26914	0	-5428.95	251261	14.00	13.28	13.17	14.00	-1.85
sh600438	-418	9199	10688	0	-1558.98	478919	12.40	12.43	12.00	12.65	0.00
sh600183	-26300	-7375	-11562	0	1553.93	280536	17.50	17.78	17.32	17.85	1.14
sh600612	0	0	0	0	-153.78	4974	43.10	43.04	42.75	43.30	-0.07
sz000027	-698	3907	-3549	0	644.78	89737	6.16	6.19	6.13	6.21	0.49
sz300727	-1689	-1546	0	0	1383.69	91902	32.50	34.84	32.40	35.30	5.96
sh600545	1590	2543	2543	0	-151.77	54552	10.03	9.93	9.89	10.10	-1.29
sz300033	3143	11143	5147	0	2721.90	289798	58.56	62.13	58.20	64.00	6.62
sz300721	-487	0	0	0	53.42	16632	35.56	35.88	35.30	36.17	0.90
sh603519	0	0	0	0	39.83	2171	20.97	20.88	20.81	21.06	-0.38
sh603355	299	0	0	0	-128.52	18811	38.93	38.32	38.01	39.23	-1.57
sh603768	-14	0	0	0	-27.55	13506	18.39	18.40	18.15	18.55	0.22
sz300648	0	0	0	0	32.38	4450	60.00	60.26	58.03	60.46	0.27
sz000906	-4243	8644	4996	0	4467.63	100585	7.90	8.77	7.85	8.77	10.04
sh600197	-2376	-1008	0	0	1129.83	71454	29.21	29.12	28.80	29.90	-0.61
sh600420	-30745	-5357	0	0	-3064.81	81884	11.18	11.10	11.01	11.19	-0.80
sh600859	-3159	-102	0	0	1326.20	88270	22.31	23.05	22.17	23.10	2.40
sh600076	1083	919	0	0	-1004.05	102945	7.01	7.09	7.01	7.10	0.85
sh603663	-210	0	0	0	-169.76	6786	20.45	20.60	20.45	20.90	0.73
sh603866	450	0	0	0	-115.06	8818	43.02	43.99	42.78	44.05	1.62
sz300673	0	0	0	0	925.00	12160	43.05	44.90	43.05	45.75	6.42
sz300475	795	0	0	0	128.61	10553	14.08	14.31	14.00	14.36	0.92
sz300478	-204	0	0	0	-198.25	6226	37.68	37.73	37.52	38.04	0.05
sz002029	-5677	-2615	0	0	-55.38	33118	8.44	8.53	8.44	8.55	0.71
sh600018	-39192	-9987	-13809	0	-2518.36	824000	7.39	7.32	7.27	7.46	0.14
sz000531	6360	13723	21541	0	-6621.99	220295	8.74	8.43	8.36	8.91	4.07
sh601636	-106207	-30719	-31943	0	-1603.76	530615	7.45	7.28	7.20	7.45	-2.28
sz002022	2835	1202	0	0	259.28	56797	14.12	14.39	14.12	14.41	1.98
sz002275	-1988	0	0	0	-316.49	11045	16.35	16.34	16.23	16.38	-0.31
sz002477	-59534	-20393	-24062	0	-692.91	308960	4.55	4.53	4.49	4.56	-0.88
sh603848	-5912	0	0	0	659.65	152130	22.73	23.40	22.73	23.98	2.09
sz300044	-9787	-1528	-6811	0	457.43	248966	15.25	16.18	15.23	16.68	4.19
sh600479	-3881	0	0	0	-524.33	41198	14.93	14.88	14.63	15.00	-0.33
sh600038	4476	0	0	0	2084.38	60423	41.46	42.13	41.19	42.19	1.67
sh600037	5143	3516	3516	0	351.17	63125	13.15	13.36	13.07	13.40	1.60
sh603239	-2452	0	0	0	-469.08	21100	19.62	19.43	19.25	19.99	-0.92
sz300521	-5975	-797	2225	0	-1006.03	47514	16.65	16.14	15.88	16.68	-2.83
sz300428	-729	0	0	0	-89.67	23830	18.58	18.80	18.20	19.00	0.97
sh603919	-1528	0	0	0	-386.82	16136	19.22	19.18	18.99	19.24	-0.21
sz002454	-6636	-1605	0	0	-762.82	23483	11.93	11.89	11.75	11.94	-0.67
sh603826	-999	0	0	0	-174.79	43412	15.60	15.86	15.31	15.88	0.95
sh600026	22292	20803	13168	0	791.59	187418	6.30	6.37	6.28	6.37	0.95
sh600757	5465	6637	0	0	119.19	115725	7.16	7.24	7.13	7.27	1.40
sz300553	0	0	0	0	48.34	2103	40.23	40.78	39.60	40.98	0.52
sh603708	-6449	-1261	0	0	691.10	59546	22.65	22.32	22.01	23.34	0.27
sz002595	310	0	0	0	234.61	11120	18.26	18.46	18.22	18.50	0.71
sz300432	-1712	0	0	0	108.30	40233	17.98	18.55	17.90	18.56	3.23
sh603585	0	0	0	0	90.95	5223	31.53	31.86	31.08	31.98	1.05
sz002502	1939	2102	0	0	42.26	40747	8.39	8.43	8.30	8.50	0.72
sh600346	-15398	2922	-415	0	-2621.94	146130	16.06	15.70	15.56	16.10	-1.38
sh603369	-13584	-3037	0	0	-1728.46	94880	17.90	17.57	17.30	17.94	-1.79
sz000999	-2862	0	0	0	-1767.24	38462	27.09	27.04	26.88	27.25	-0.26
sh600585	-19366	-2528	2011	0	-6907.20	396217	33.14	32.51	32.33	33.14	-1.90
sz300338	-735	0	0	0	-301.81	11323	20.19	20.10	19.98	20.21	-0.50
sz002726	-2757	0	0	0	-244.26	22510	10.72	10.72	10.60	10.74	-0.28
sh603026	0	0	0	0	-118.98	11733	22.85	23.01	22.61	23.03	0.66
sz002626	-5897	1000	0	0	-2133.09	57471	19.87	19.45	19.25	20.26	-1.82
sz002434	-3328	-1476	0	0	-917.61	61117	9.94	10.08	9.93	10.08	0.90
sz002108	-9281	-5409	0	0	222.67	112045	11.37	11.39	11.19	11.42	0.18
sh600229	501	0	0	0	341.76	45232	7.78	7.91	7.75	7.96	1.67
sh603159	-298	0	0	0	20.53	14672	25.26	25.84	25.26	26.17	1.06
sh600779	-3816	0	0	0	-3195.81	67272	52.80	52.00	51.00	52.95	-1.50
sz002138	5663	5806	0	0	1504.14	89529	15.40	15.80	15.16	15.80	2.40
sz002080	-8645	0	0	0	-776.19	54836	23.59	23.56	23.12	23.67	-0.76
sh600783	-3807	1444	2111	0	-591.69	38554	13.86	14.00	13.86	14.09	0.72
sh600020	20179	21646	2844	0	991.43	326935	5.21	5.31	5.19	5.38	1.92
sz002146	33462	62308	56864	0	7322.20	1055408	13.46	13.66	13.31	13.96	1.04
sz000012	-52982	-15322	-8800	0	-1664.71	288369	9.07	9.10	8.94	9.12	-0.22
sz002081	-11750	-5074	-4622	0	-2063.34	155516	15.93	15.82	15.78	16.15	-0.69
sz002152	1384	-1566	3502	0	477.90	390663	7.45	7.53	7.33	7.58	1.35
sh600641	-32904	-11969	-8455	0	-3471.84	119659	13.40	13.15	13.04	13.40	-1.79
sh600306	-4923	-1000	0	0	-466.17	25953	10.31	10.33	10.24	10.39	-0.10
sz000717	-126736	-74341	-59963	0	-1440.23	590716	8.35	8.32	8.23	8.46	-0.83
sz000821	-1338	0	0	0	-173.29	33606	11.31	11.39	11.20	11.47	0.18
sh601858	-892	1056	0	0	71.27	92977	10.76	11.01	10.63	11.20	2.42
sz300703	-306	0	0	0	266.33	9069	31.95	32.48	31.90	32.86	1.82
sz002762	-483	0	0	0	-263.43	20562	17.02	16.81	16.67	17.03	-0.83
sz002182	-15392	-3266	-2406	0	-1580.30	90802	8.88	8.84	8.75	8.90	-1.23
sz300113	-1753	31892	27015	0	18138.90	456178	18.33	20.22	18.33	20.22	10.01
sz300335	-2156	-1234	0	0	1286.79	78200	15.96	16.57	15.86	16.65	3.43
sz002174	7659	3813	0	0	10517.30	181052	23.19	24.60	23.10	24.72	6.49
sz000933	-193028	-86279	-47907	0	-16047.24	767486	10.38	10.07	9.97	10.43	-3.73
sh600329	2799	510	0	0	436.11	21348	15.18	15.26	15.08	15.34	0.66
sz300726	-2644	2163	2163	0	-675.26	82565	28.56	29.30	28.51	29.55	1.88
sz002346	-1605	-1086	0	0	-109.26	25033	19.27	19.37	19.05	19.40	0.57
sh603738	-200	0	0	0	25.15	4285	23.05	23.23	22.81	23.28	0.87
sh600600	-8064	-1008	0	0	-1028.76	85799	40.89	41.07	40.56	41.60	0.17
sz300009	20370	17229	8313	0	9691.59	263142	24.54	26.16	24.50	26.48	6.26
sz300498	-8806	-876	2017	0	-1428.80	201592	27.26	27.30	26.82	27.49	0.07
sh600705	-87369	-35862	-15367	0	694.84	627642	5.79	5.81	5.74	5.91	0.17
sh600060	16211	12612	2697	0	4807.76	203872	16.18	16.57	16.14	16.75	2.73
sz000070	-4987	0	0	0	232.77	50032	9.76	9.85	9.71	9.89	0.41
sz300208	3110	1531	0	0	119.78	92282	11.55	11.95	11.46	11.99	3.20
sz002792	-620	0	0	0	-148.97	17113	32.96	33.25	32.59	33.28	0.88
sh603898	353	0	0	0	-142.57	10586	31.26	31.25	30.70	31.56	0.06
sz002809	29	0	0	0	-45.26	21273	30.21	30.66	30.14	30.96	0.39
sh600655	-2718	2347	2347	0	162.33	57316	11.50	11.49	11.38	11.54	0.35
sz002412	-3632	-2122	-2122	0	-422.11	11393	16.73	16.52	16.38	16.90	-1.55
sh603096	312	0	0	0	186.71	9396	61.60	63.87	61.18	65.24	3.30
sh603268	0	0	0	0	67.33	3227	27.11	26.87	26.82	27.14	-0.89
sz002019	-39863	-20252	-5797	0	-7397.22	194854	20.53	20.17	19.95	20.56	-1.90
sh600649	-3641	-1776	6807	0	-2718.25	160957	9.23	9.11	9.06	9.31	-1.30
sz002906	-3771	-1184	0	0	221.68	53733	22.99	23.20	22.72	23.44	1.31
sh600208	-94424	-56959	-22620	0	-6114.97	952881	5.40	5.36	5.23	5.43	-1.29
sh601515	-3420	1009	0	0	102.34	24856	9.88	9.93	9.84	9.94	0.51
sh600380	19748	16850	12676	0	2111.91	542584	12.93	13.09	12.81	13.15	2.75
sz300537	-9563	-2005	-2005	0	-2965.75	53655	17.50	16.65	16.36	17.50	-2.12
sh603277	-92	0	0	0	140.12	29026	18.67	18.94	18.57	19.17	1.61
sz002050	-19438	-8945	-4238	0	-2981.50	343194	20.62	20.80	20.08	20.90	2.41
sh600746	4569	3862	2000	0	505.26	50765	8.40	8.59	8.35	8.63	2.38
sz002670	-19374	-5795	-4261	0	-1383.71	206400	20.46	20.53	19.95	20.78	0.98
sh600240	-25738	-7970	-7274	0	-1362.18	98411	9.15	9.09	9.00	9.16	-1.62
sh600028	330258	340613	344049	0	16793.00	6939308	7.12	7.32	7.02	7.33	3.98
sz000685	11839	6180	4317	0	2029.94	149478	10.63	10.79	10.62	10.87	1.70
sz002594	-2252	-2456	0	0	-3208.86	76416	67.05	66.51	65.50	67.09	-0.45
sh603588	-5553	0	0	0	-605.47	45886	11.90	11.89	11.76	11.97	0.00
sz002119	0	0	0	0	-74.47	9005	17.72	18.09	17.68	18.18	1.74
sh600581	5372	13362	8545	0	8144.94	513810	14.40	14.76	14.31	14.84	2.22
sz000625	-16662	814	0	0	-169.50	166303	13.29	13.26	13.16	13.29	-0.23
sz000990	-2980	0	0	0	-142.88	26777	16.50	16.59	16.37	16.59	0.36
sh601368	-2745	-2256	-2256	0	-116.68	16410	8.96	8.88	8.87	8.96	-0.56
sz300549	-248	0	0	0	20.07	12964	21.30	21.73	21.11	21.77	1.35
sz002051	-1000	0	0	0	613.56	75068	18.40	18.66	18.38	18.83	1.41
sz300393	-1023	0	0	0	-221.46	13445	37.30	36.62	36.50	37.30	-0.76
sh603031	1803	0	0	0	514.51	11694	24.43	25.25	24.38	25.30	2.73
sh603321	-1312	0	0	0	-376.60	54935	12.56	12.64	12.37	12.76	0.40
sz000639	-2701	0	0	0	-1212.09	18173	18.39	18.29	18.25	18.43	-1.03
sz300384	-260	0	0	0	-118.60	10749	25.80	26.50	25.61	26.55	2.47
sh603798	-385	0	0	0	105.89	6037	16.96	17.21	16.96	17.25	0.41
sz002094	64	1000	0	0	110.28	50566	19.09	19.25	18.97	19.36	0.68
sh603311	-409	0	0	0	4.65	7258	15.55	15.59	15.36	15.66	0.58
sz300355	8215	6938	-5571	0	3787.30	391614	12.36	12.59	12.23	12.64	1.61
sh600639	826	0	0	0	-44.10	20739	17.18	17.34	17.18	17.59	0.93
sz002424	-3208	0	0	0	-754.01	47932	15.25	15.26	15.06	15.33	0.26
sz000505	386	3029	3029	0	40.38	33717	8.58	8.53	8.46	8.62	-0.81
sh601100	-3730	0	0	0	-1143.93	48789	33.33	33.53	32.80	33.80	-0.77
sz000920	-5620	0	0	0	-550.90	26073	9.63	9.64	9.54	9.69	-0.21
sz000822	-47084	-20849	-7694	0	-4510.40	212104	9.43	9.27	9.13	9.44	-2.11
sz000030	-4223	0	0	0	-304.60	33609	8.25	8.24	8.18	8.26	0.24
sz000728	-22233	16417	1894	0	5033.36	607474	11.47	11.74	11.36	11.84	2.71
sz002772	-3655	0	0	0	-428.72	21411	10.72	10.73	10.53	10.75	-0.37
sz000783	-6392	21319	5896	0	2136.78	535068	8.45	8.58	8.30	8.60	2.02
sz300326	9691	-629	-2681	0	2717.05	95156	8.63	9.16	8.56	9.17	5.65
sz300258	-540	1140	0	0	617.99	48893	13.68	14.09	13.46	14.20	3.00
sz300485	-344	0	0	0	95.47	11145	28.09	28.30	28.00	28.59	0.57
sh600996	-3968	-1247	0	0	-18.72	47421	10.30	10.37	10.20	10.41	0.48
sz002233	-14539	1201	0	0	-2246.00	89770	11.90	11.83	11.71	11.90	-0.25
sh600676	-6819	0	0	0	-296.23	46498	6.52	6.53	6.49	6.56	0.62
sz300129	1121	1109	0	0	160.76	26480	6.71	6.75	6.66	6.76	1.05
sz002324	-359	0	0	0	-240.73	7555	21.72	21.48	21.41	21.79	-1.47
sz300463	-167	0	0	0	914.71	25202	22.20	22.62	22.07	22.66	1.75
sh603883	0	0	0	0	-991.61	10789	61.99	60.14	59.55	61.99	-2.64
sz002796	0	0	0	0	314.37	6684	28.95	29.20	28.85	29.20	0.90
sh603090	0	0	0	0	2.80	4776	19.27	19.45	19.20	19.57	0.88
sz300690	0	0	0	0	145.16	8361	57.00	57.85	56.30	58.49	1.47
sz300073	-5463	-1031	0	0	-924.71	86640	23.95	24.15	23.72	24.45	0.33
sz000333	-37321	-13892	-2543	0	-39994.50	326126	62.39	60.41	60.20	62.65	-2.75
sz002140	-4996	-2904	0	0	-277.09	24124	10.86	10.91	10.79	10.94	0.09
sz300503	50	1000	0	0	162.40	20139	12.79	12.95	12.45	13.10	1.25
sz300443	-1646	0	0	0	-135.97	20363	16.20	16.60	16.20	16.75	1.22
sz002315	3020	5007	1648	0	1849.90	115003	23.10	24.90	23.00	25.30	4.01
sh600109	-11079	18107	11923	0	1507.17	510697	10.19	10.38	10.09	10.44	1.96
sh603599	2661	0	0	0	-68.14	41108	19.33	19.39	19.12	19.56	-0.87
sz002293	-2108	0	0	0	458.57	25097	14.35	14.47	14.32	14.65	0.14
sz000989	-4661	-1001	0	0	-878.17	18152	19.35	19.30	19.06	19.66	-1.33
sh601579	-212	0	0	0	123.69	11517	12.49	12.44	12.36	12.65	-0.40
sh603589	3454	0	0	0	2427.33	50514	50.80	51.00	50.71	52.08	0.00
sh603128	-10837	1685	693	0	-654.66	254211	8.89	8.77	8.75	9.13	0.80
sz300545	-73	0	0	0	-686.11	13338	53.02	53.11	50.80	53.48	0.63
sz300711	-1812	-1484	0	0	704.67	58863	27.30	27.90	26.86	28.26	2.61
sz002123	1560	4004	0	0	238.58	59004	10.10	10.21	10.06	10.25	1.09
sh600596	-84598	-20978	1048	0	-8579.83	378403	13.11	12.86	12.60	13.25	-3.02
sh600548	-839	0	0	0	428.55	37010	9.06	9.22	9.05	9.26	1.21
sh600551	-2056	-1102	0	0	12.31	58537	12.32	12.66	12.26	12.67	2.76
sz002406	-4647	0	0	0	-264.46	40343	7.35	7.33	7.26	7.37	-0.41
sz300438	-522	0	0	0	328.24	29499	27.80	28.38	27.30	28.48	1.83
sh600327	-2208	1062	0	0	-56.80	22581	7.49	7.54	7.47	7.54	0.40
sz002828	-480	0	0	0	-330.69	25064	25.30	25.10	24.87	25.87	0.04
sz002277	-21359	-13595	-13563	0	-1065.32	95177	6.04	6.01	5.99	6.05	-0.17
sh600138	-2236	7	0	0	1953.05	100152	23.67	23.73	23.46	24.00	0.47
sz002101	152	0	0	0	354.77	17033	19.96	20.17	19.95	20.20	0.90
sz002063	-79046	-39579	-22103	0	-6656.35	409033	11.76	11.73	11.45	11.86	-1.26
sz300439	-1014	0	0	0	-66.25	16286	19.52	19.55	19.20	19.69	-0.31
sz002067	-39161	-19647	-12990	0	-922.33	158216	6.23	6.21	6.14	6.24	0.00
sz000049	-1519	0	0	0	-1037.19	34537	36.93	37.15	36.50	37.27	0.68
sz300715	814	1523	0	0	255.57	26456	34.74	36.58	34.68	36.98	5.39
sh601098	3281	3985	2000	0	65.95	86444	14.32	14.60	14.28	14.68	1.96
sz002142	-26164	-15018	-11235	0	-1742.00	277346	20.46	20.20	20.15	20.96	-2.23
sh600422	6426	3884	4888	0	-287.77	71998	9.16	9.26	9.14	9.29	1.09
sh601601	-75868	-15675	-10641	0	-28296.50	456419	41.30	39.77	39.48	41.69	-2.93
sz300055	-5673	1141	-2415	0	6439.32	178717	19.25	19.62	19.02	19.72	2.35
sz002664	-1409	-1000	0	0	155.76	11089	25.35	25.38	25.14	25.52	0.51
sz300570	-1410	0	0	0	791.96	39275	19.43	20.04	19.41	20.12	2.19
sh603920	1445	1251	0	0	406.53	34787	18.18	18.24	17.90	18.38	0.72
sz000711	9828	-1055	0	0	1876.54	84987	13.44	14.05	13.35	14.05	4.00
sh601668	-187523	-258791	-292138	0	-63487.00	5724043	10.60	10.46	10.33	10.85	-0.95
sh600615	-500	0	0	0	3.85	10445	12.92	12.82	12.73	12.93	-0.31
sh601009	-349572	-193253	-119690	0	-10717.90	1997203	9.38	9.33	9.21	9.69	-0.43
sz000525	-4110	0	0	0	-195.00	41183	23.60	23.60	23.33	23.83	-0.76
sz002313	-5124	-1220	0	0	973.02	36196	31.60	31.82	31.42	32.20	-0.22
sz002856	2076	5346	5346	0	10886.67	73781	53.88	55.78	53.64	55.78	3.99
sh603133	0	0	0	0	-212.48	13916	30.66	31.04	30.16	31.08	1.27
sh603567	-321	0	0	0	-22.69	8689	14.35	14.45	14.34	14.56	0.35
sz002065	-21156	-3741	14421	0	-6345.60	1007275	9.25	9.45	9.15	9.53	1.50
sz002117	-7598	-4990	-3990	0	692.92	43722	18.15	18.57	18.10	18.66	2.20
sz000151	111	1107	0	0	505.85	40531	12.92	12.99	12.80	13.05	1.17
sh601339	-10985	-1000	0	0	-130.87	40835	5.32	5.34	5.30	5.35	-0.37
sh603979	-3057	0	0	0	-323.34	27011	10.97	10.90	10.83	11.03	-0.64
